 # Integral loads: N.components: 1
 #                 Ref.sys     : 0
 #                 Components  : right_wing
 #  t , Fx , Fy , Fz , Mx , My , Mz , ref_mat(9) , ref_off(3) 
  0.000000000000000E+000  0.232612895167229E+000  0.653408353297670E-003  0.247056220431304E+001  0.959283992913938E+001 -0.122885340016143E+002 -0.573816376824380E+000  0.100000000000000E+001  0.000000000000000E+000  0.000000000000000E+000  0.000000000000000E+000  0.100000000000000E+001  0.000000000000000E+000  0.000000000000000E+000  0.000000000000000E+000  0.100000000000000E+001  0.000000000000000E+000  0.000000000000000E+000  0.000000000000000E+000
  0.500000000000000E+000 -0.833822182820308E-001  0.160339942078950E+000  0.905010291800478E+000  0.386995893302662E+001 -0.434535079143788E+001  0.108823002857074E+001  0.100000000000000E+001  0.000000000000000E+000  0.000000000000000E+000  0.000000000000000E+000  0.100000000000000E+001  0.000000000000000E+000  0.000000000000000E+000  0.000000000000000E+000  0.100000000000000E+001  0.000000000000000E+000  0.000000000000000E+000  0.000000000000000E+000
  0.100000000000000E+001 -0.842035226895602E-001  0.162641434370875E+000  0.865954522747023E+000  0.371234064558412E+001 -0.407859470893729E+001  0.110381507035594E+001  0.100000000000000E+001  0.000000000000000E+000  0.000000000000000E+000  0.000000000000000E+000  0.100000000000000E+001  0.000000000000000E+000  0.000000000000000E+000  0.000000000000000E+000  0.100000000000000E+001  0.000000000000000E+000  0.000000000000000E+000  0.000000000000000E+000
  0.150000000000000E+001 -0.854591325270487E-001  0.164142119239269E+000  0.865916743005045E+000  0.371957771602949E+001 -0.405666616633470E+001  0.111742146129612E+001  0.100000000000000E+001  0.000000000000000E+000  0.000000000000000E+000  0.000000000000000E+000  0.100000000000000E+001  0.000000000000000E+000  0.000000000000000E+000  0.000000000000000E+000  0.100000000000000E+001  0.000000000000000E+000  0.000000000000000E+000  0.000000000000000E+000
  0.200000000000000E+001 -0.865701304691941E-001  0.165238586903503E+000  0.872523528678040E+000  0.375657719000064E+001 -0.408170772899765E+001  0.112843384472332E+001  0.100000000000000E+001  0.000000000000000E+000  0.000000000000000E+000  0.000000000000000E+000  0.100000000000000E+001  0.000000000000000E+000  0.000000000000000E+000  0.000000000000000E+000  0.100000000000000E+001  0.000000000000000E+000  0.000000000000000E+000  0.000000000000000E+000
  0.250000000000000E+001 -0.874637176392551E-001  0.166070881705349E+000  0.879597068149827E+000  0.379406558432915E+001 -0.411324220200677E+001  0.113708820383758E+001  0.100000000000000E+001  0.000000000000000E+000  0.000000000000000E+000  0.000000000000000E+000  0.100000000000000E+001  0.000000000000000E+000  0.000000000000000E+000  0.000000000000000E+000  0.100000000000000E+001  0.000000000000000E+000  0.000000000000000E+000  0.000000000000000E+000
  0.300000000000000E+001 -0.882400323010678E-001  0.166750190020070E+000  0.887581048556762E+000  0.383429015491975E+001 -0.415180462293905E+001  0.114442222159075E+001  0.100000000000000E+001  0.000000000000000E+000  0.000000000000000E+000  0.000000000000000E+000  0.100000000000000E+001  0.000000000000000E+000  0.000000000000000E+000  0.000000000000000E+000  0.100000000000000E+001  0.000000000000000E+000  0.000000000000000E+000  0.000000000000000E+000
  0.350000000000000E+001 -0.890207259459985E-001  0.167379040636778E+000  0.898122774880347E+000  0.388496427840099E+001 -0.420537628557146E+001  0.115154251289385E+001  0.100000000000000E+001  0.000000000000000E+000  0.000000000000000E+000  0.000000000000000E+000  0.100000000000000E+001  0.000000000000000E+000  0.000000000000000E+000  0.000000000000000E+000  0.100000000000000E+001  0.000000000000000E+000  0.000000000000000E+000  0.000000000000000E+000
  0.400000000000000E+001 -0.899854896288664E-001  0.168062962646945E+000  0.915918274554684E+000  0.396367412999265E+001 -0.429661442270102E+001  0.115972373858680E+001  0.100000000000000E+001  0.000000000000000E+000  0.000000000000000E+000  0.000000000000000E+000  0.100000000000000E+001  0.000000000000000E+000  0.000000000000000E+000  0.000000000000000E+000  0.100000000000000E+001  0.000000000000000E+000  0.000000000000000E+000  0.000000000000000E+000
  0.450000000000000E+001 -0.909336781459846E-001  0.168774233558862E+000  0.930795895334536E+000  0.403096174524967E+001 -0.437234784010535E+001  0.116787534165103E+001  0.100000000000000E+001  0.000000000000000E+000  0.000000000000000E+000  0.000000000000000E+000  0.100000000000000E+001  0.000000000000000E+000  0.000000000000000E+000  0.000000000000000E+000  0.100000000000000E+001  0.000000000000000E+000  0.000000000000000E+000  0.000000000000000E+000
  0.500000000000000E+001 -0.912062548959050E-001  0.169137693139686E+000  0.924970234933888E+000  0.401101593310427E+001 -0.433857852017566E+001  0.117094554909822E+001  0.100000000000000E+001  0.000000000000000E+000  0.000000000000000E+000  0.000000000000000E+000  0.100000000000000E+001  0.000000000000000E+000  0.000000000000000E+000  0.000000000000000E+000  0.100000000000000E+001  0.000000000000000E+000  0.000000000000000E+000  0.000000000000000E+000
  0.550000000000000E+001 -0.914172061403308E-001  0.169381216020841E+000  0.924544684379772E+000  0.401101910196675E+001 -0.433404953074395E+001  0.117318087652571E+001  0.100000000000000E+001  0.000000000000000E+000  0.000000000000000E+000  0.000000000000000E+000  0.100000000000000E+001  0.000000000000000E+000  0.000000000000000E+000  0.000000000000000E+000  0.100000000000000E+001  0.000000000000000E+000  0.000000000000000E+000  0.000000000000000E+000
  0.600000000000000E+001 -0.915810935133920E-001  0.169554344087591E+000  0.925144551485456E+000  0.401482322933705E+001 -0.433585673146251E+001  0.117485360405966E+001  0.100000000000000E+001  0.000000000000000E+000  0.000000000000000E+000  0.000000000000000E+000  0.100000000000000E+001  0.000000000000000E+000  0.000000000000000E+000  0.000000000000000E+000  0.100000000000000E+001  0.000000000000000E+000  0.000000000000000E+000  0.000000000000000E+000
  0.650000000000000E+001 -0.917070287365193E-001  0.169681007155405E+000  0.925877563985446E+000  0.401889728452100E+001 -0.433886403398807E+001  0.117611253310410E+001  0.100000000000000E+001  0.000000000000000E+000  0.000000000000000E+000  0.000000000000000E+000  0.100000000000000E+001  0.000000000000000E+000  0.000000000000000E+000  0.000000000000000E+000  0.100000000000000E+001  0.000000000000000E+000  0.000000000000000E+000  0.000000000000000E+000
  0.700000000000000E+001 -0.918044802092151E-001  0.169775825732959E+000  0.926565277574632E+000  0.402255445768096E+001 -0.434190934189343E+001  0.117707267677925E+001  0.100000000000000E+001  0.000000000000000E+000  0.000000000000000E+000  0.000000000000000E+000  0.100000000000000E+001  0.000000000000000E+000  0.000000000000000E+000  0.000000000000000E+000  0.100000000000000E+001  0.000000000000000E+000  0.000000000000000E+000  0.000000000000000E+000
  0.750000000000000E+001 -0.918820328235443E-001  0.169848747368185E+000  0.927203745475013E+000  0.402583612923825E+001 -0.434486634860535E+001  0.117782480099935E+001  0.100000000000000E+001  0.000000000000000E+000  0.000000000000000E+000  0.000000000000000E+000  0.100000000000000E+001  0.000000000000000E+000  0.000000000000000E+000  0.000000000000000E+000  0.100000000000000E+001  0.000000000000000E+000  0.000000000000000E+000  0.000000000000000E+000
  0.800000000000000E+001 -0.919450582046542E-001  0.169906223734993E+000  0.927789857166379E+000  0.402875705633638E+001 -0.434764723823204E+001  0.117842621438782E+001  0.100000000000000E+001  0.000000000000000E+000  0.000000000000000E+000  0.000000000000000E+000  0.100000000000000E+001  0.000000000000000E+000  0.000000000000000E+000  0.000000000000000E+000  0.100000000000000E+001  0.000000000000000E+000  0.000000000000000E+000  0.000000000000000E+000
  0.850000000000000E+001 -0.919956099652191E-001  0.169951996239801E+000  0.928273305027228E+000  0.403113380784553E+001 -0.434994476061601E+001  0.117890507045943E+001  0.100000000000000E+001  0.000000000000000E+000  0.000000000000000E+000  0.000000000000000E+000  0.100000000000000E+001  0.000000000000000E+000  0.000000000000000E+000  0.000000000000000E+000  0.100000000000000E+001  0.000000000000000E+000  0.000000000000000E+000  0.000000000000000E+000
  0.900000000000000E+001 -0.920327268426911E-001  0.169986849349135E+000  0.928556113000913E+000  0.403259135444710E+001 -0.435123077407521E+001  0.117926164290642E+001  0.100000000000000E+001  0.000000000000000E+000  0.000000000000000E+000  0.000000000000000E+000  0.100000000000000E+001  0.000000000000000E+000  0.000000000000000E+000  0.000000000000000E+000  0.100000000000000E+001  0.000000000000000E+000  0.000000000000000E+000  0.000000000000000E+000
  0.950000000000000E+001 -0.920574039025949E-001  0.170011467457222E+000  0.928663597159566E+000  0.403324214499159E+001 -0.435163506913513E+001  0.117950564770406E+001  0.100000000000000E+001  0.000000000000000E+000  0.000000000000000E+000  0.000000000000000E+000  0.100000000000000E+001  0.000000000000000E+000  0.000000000000000E+000  0.000000000000000E+000  0.100000000000000E+001  0.000000000000000E+000  0.000000000000000E+000  0.000000000000000E+000
  0.100000000000000E+002 -0.920752111449113E-001  0.170029224764758E+000  0.928754293666868E+000  0.403376160767817E+001 -0.435199371378764E+001  0.117968211448970E+001  0.100000000000000E+001  0.000000000000000E+000  0.000000000000000E+000  0.000000000000000E+000  0.100000000000000E+001  0.000000000000000E+000  0.000000000000000E+000  0.000000000000000E+000  0.100000000000000E+001  0.000000000000000E+000  0.000000000000000E+000  0.000000000000000E+000
  0.105000000000000E+002 -0.920884166644271E-001  0.170042238316610E+000  0.928832763263741E+000  0.403419225323635E+001 -0.435232244106720E+001  0.117981245396408E+001  0.100000000000000E+001  0.000000000000000E+000  0.000000000000000E+000  0.000000000000000E+000  0.100000000000000E+001  0.000000000000000E+000  0.000000000000000E+000  0.000000000000000E+000  0.100000000000000E+001  0.000000000000000E+000  0.000000000000000E+000  0.000000000000000E+000
  0.110000000000000E+002 -0.920982979172427E-001  0.170051870100041E+000  0.928896905945470E+000  0.403453699795251E+001 -0.435259979646534E+001  0.117990956099238E+001  0.100000000000000E+001  0.000000000000000E+000  0.000000000000000E+000  0.000000000000000E+000  0.100000000000000E+001  0.000000000000000E+000  0.000000000000000E+000  0.000000000000000E+000  0.100000000000000E+001  0.000000000000000E+000  0.000000000000000E+000  0.000000000000000E+000
  0.115000000000000E+002 -0.921057405855960E-001  0.170059055325935E+000  0.928948212438908E+000  0.403480897496822E+001 -0.435282610805702E+001  0.117998239352328E+001  0.100000000000000E+001  0.000000000000000E+000  0.000000000000000E+000  0.000000000000000E+000  0.100000000000000E+001  0.000000000000000E+000  0.000000000000000E+000  0.000000000000000E+000  0.100000000000000E+001  0.000000000000000E+000  0.000000000000000E+000  0.000000000000000E+000
  0.120000000000000E+002 -0.921113780889406E-001  0.170064451861450E+000  0.928988878369477E+000  0.403502217798973E+001 -0.435300790681463E+001  0.118003733180291E+001  0.100000000000000E+001  0.000000000000000E+000  0.000000000000000E+000  0.000000000000000E+000  0.100000000000000E+001  0.000000000000000E+000  0.000000000000000E+000  0.000000000000000E+000  0.100000000000000E+001  0.000000000000000E+000  0.000000000000000E+000  0.000000000000000E+000
  0.125000000000000E+002 -0.921156488111012E-001  0.170068519754217E+000  0.929020375800169E+000  0.403518624176281E+001 -0.435314952869665E+001  0.118007882686438E+001  0.100000000000000E+001  0.000000000000000E+000  0.000000000000000E+000  0.000000000000000E+000  0.100000000000000E+001  0.000000000000000E+000  0.000000000000000E+000  0.000000000000000E+000  0.100000000000000E+001  0.000000000000000E+000  0.000000000000000E+000  0.000000000000000E+000
  0.130000000000000E+002 -0.921188535444716E-001  0.170071577788752E+000  0.929043560207206E+000  0.403530739550550E+001 -0.435325324357597E+001  0.118010996594892E+001  0.100000000000000E+001  0.000000000000000E+000  0.000000000000000E+000  0.000000000000000E+000  0.100000000000000E+001  0.000000000000000E+000  0.000000000000000E+000  0.000000000000000E+000  0.100000000000000E+001  0.000000000000000E+000  0.000000000000000E+000  0.000000000000000E+000
  0.135000000000000E+002 -0.921212188792613E-001  0.170073854058182E+000  0.929059598650364E+000  0.403539251696028E+001 -0.435332377302793E+001  0.118013303078235E+001  0.100000000000000E+001  0.000000000000000E+000  0.000000000000000E+000  0.000000000000000E+000  0.100000000000000E+001  0.000000000000000E+000  0.000000000000000E+000  0.000000000000000E+000  0.100000000000000E+001  0.000000000000000E+000  0.000000000000000E+000  0.000000000000000E+000
  0.140000000000000E+002 -0.921229503908625E-001  0.170075534086924E+000  0.929070671395188E+000  0.403545217174705E+001 -0.435337161763312E+001  0.118014998275106E+001  0.100000000000000E+001  0.000000000000000E+000  0.000000000000000E+000  0.000000000000000E+000  0.100000000000000E+001  0.000000000000000E+000  0.000000000000000E+000  0.000000000000000E+000  0.100000000000000E+001  0.000000000000000E+000  0.000000000000000E+000  0.000000000000000E+000
  0.145000000000000E+002 -0.921242282038909E-001  0.170076775427586E+000  0.929078880996417E+000  0.403549634174609E+001 -0.435340708791613E+001  0.118016250528330E+001  0.100000000000000E+001  0.000000000000000E+000  0.000000000000000E+000  0.000000000000000E+000  0.100000000000000E+001  0.000000000000000E+000  0.000000000000000E+000  0.000000000000000E+000  0.100000000000000E+001  0.000000000000000E+000  0.000000000000000E+000  0.000000000000000E+000
  0.150000000000000E+002 -0.921251767544039E-001  0.170077695237533E+000  0.929085106100358E+000  0.403552966357247E+001 -0.435343414866288E+001  0.118017179629212E+001  0.100000000000000E+001  0.000000000000000E+000  0.000000000000000E+000  0.000000000000000E+000  0.100000000000000E+001  0.000000000000000E+000  0.000000000000000E+000  0.000000000000000E+000  0.100000000000000E+001  0.000000000000000E+000  0.000000000000000E+000  0.000000000000000E+000
  0.155000000000000E+002 -0.921258831829397E-001  0.170078378549539E+000  0.929089834361122E+000  0.403555485837309E+001 -0.435345482909043E+001  0.118017870891331E+001  0.100000000000000E+001  0.000000000000000E+000  0.000000000000000E+000  0.000000000000000E+000  0.100000000000000E+001  0.000000000000000E+000  0.000000000000000E+000  0.000000000000000E+000  0.100000000000000E+001  0.000000000000000E+000  0.000000000000000E+000  0.000000000000000E+000
  0.160000000000000E+002 -0.921264103656532E-001  0.170078887249817E+000  0.929093418318425E+000  0.403557388573956E+001 -0.435347058111058E+001  0.118018386195397E+001  0.100000000000000E+001  0.000000000000000E+000  0.000000000000000E+000  0.000000000000000E+000  0.100000000000000E+001  0.000000000000000E+000  0.000000000000000E+000  0.000000000000000E+000  0.100000000000000E+001  0.000000000000000E+000  0.000000000000000E+000  0.000000000000000E+000
  0.165000000000000E+002 -0.921268041220914E-001  0.170079266506798E+000  0.929096122363284E+000  0.403558820497729E+001 -0.435348250242663E+001  0.118018770719530E+001  0.100000000000000E+001  0.000000000000000E+000  0.000000000000000E+000  0.000000000000000E+000  0.100000000000000E+001  0.000000000000000E+000  0.000000000000000E+000  0.000000000000000E+000  0.100000000000000E+001  0.000000000000000E+000  0.000000000000000E+000  0.000000000000000E+000
  0.170000000000000E+002 -0.921270979641021E-001  0.170079549343231E+000  0.929098144046643E+000  0.403559890328423E+001 -0.435349142076669E+001  0.118019057539075E+001  0.100000000000000E+001  0.000000000000000E+000  0.000000000000000E+000  0.000000000000000E+000  0.100000000000000E+001  0.000000000000000E+000  0.000000000000000E+000  0.000000000000000E+000  0.100000000000000E+001  0.000000000000000E+000  0.000000000000000E+000  0.000000000000000E+000
  0.175000000000000E+002 -0.921273166894486E-001  0.170079760044116E+000  0.929099637516690E+000  0.403560681956056E+001 -0.435349799513171E+001  0.118019271085019E+001  0.100000000000000E+001  0.000000000000000E+000  0.000000000000000E+000  0.000000000000000E+000  0.100000000000000E+001  0.000000000000000E+000  0.000000000000000E+000  0.000000000000000E+000  0.100000000000000E+001  0.000000000000000E+000  0.000000000000000E+000  0.000000000000000E+000
  0.180000000000000E+002 -0.921274790609175E-001  0.170079916720239E+000  0.929100732181811E+000  0.403561263987214E+001 -0.435350279655282E+001  0.118019429725643E+001  0.100000000000000E+001  0.000000000000000E+000  0.000000000000000E+000  0.000000000000000E+000  0.100000000000000E+001  0.000000000000000E+000  0.000000000000000E+000  0.000000000000000E+000  0.100000000000000E+001  0.000000000000000E+000  0.000000000000000E+000  0.000000000000000E+000
  0.185000000000000E+002 -0.921275994907590E-001  0.170080033080372E+000  0.929101537190320E+000  0.403561692922315E+001 -0.435350631831706E+001  0.118019547465826E+001  0.100000000000000E+001  0.000000000000000E+000  0.000000000000000E+000  0.000000000000000E+000  0.100000000000000E+001  0.000000000000000E+000  0.000000000000000E+000  0.000000000000000E+000  0.100000000000000E+001  0.000000000000000E+000  0.000000000000000E+000  0.000000000000000E+000
  0.190000000000000E+002 -0.921276889061774E-001  0.170080119501534E+000  0.929102134811777E+000  0.403562011371935E+001 -0.435350893220656E+001  0.118019634903991E+001  0.100000000000000E+001  0.000000000000000E+000  0.000000000000000E+000  0.000000000000000E+000  0.100000000000000E+001  0.000000000000000E+000  0.000000000000000E+000  0.000000000000000E+000  0.100000000000000E+001  0.000000000000000E+000  0.000000000000000E+000  0.000000000000000E+000
  0.195000000000000E+002 -0.921277553716962E-001  0.170080183720035E+000  0.929102580722203E+000  0.403562248775052E+001 -0.435351088457873E+001  0.118019699894345E+001  0.100000000000000E+001  0.000000000000000E+000  0.000000000000000E+000  0.000000000000000E+000  0.100000000000000E+001  0.000000000000000E+000  0.000000000000000E+000  0.000000000000000E+000  0.100000000000000E+001  0.000000000000000E+000  0.000000000000000E+000  0.000000000000000E+000
  0.200000000000000E+002 -0.921278048196661E-001  0.170080231469167E+000  0.929102913919853E+000  0.403562425988298E+001 -0.435351234536530E+001  0.118019748233852E+001  0.100000000000000E+001  0.000000000000000E+000  0.000000000000000E+000  0.000000000000000E+000  0.100000000000000E+001  0.000000000000000E+000  0.000000000000000E+000  0.000000000000000E+000  0.100000000000000E+001  0.000000000000000E+000  0.000000000000000E+000  0.000000000000000E+000
  0.205000000000000E+002 -0.921278416240286E-001  0.170080266990178E+000  0.929103162814381E+000  0.403562558250571E+001 -0.435351343774791E+001  0.118019784204220E+001  0.100000000000000E+001  0.000000000000000E+000  0.000000000000000E+000  0.000000000000000E+000  0.100000000000000E+001  0.000000000000000E+000  0.000000000000000E+000  0.000000000000000E+000  0.100000000000000E+001  0.000000000000000E+000  0.000000000000000E+000  0.000000000000000E+000
  0.210000000000000E+002 -0.921278690205619E-001  0.170080293421803E+000  0.929103348444163E+000  0.403562656845920E+001 -0.435351425296685E+001  0.118019810975137E+001  0.100000000000000E+001  0.000000000000000E+000  0.000000000000000E+000  0.000000000000000E+000  0.100000000000000E+001  0.000000000000000E+000  0.000000000000000E+000  0.000000000000000E+000  0.100000000000000E+001  0.000000000000000E+000  0.000000000000000E+000  0.000000000000000E+000
  0.215000000000000E+002 -0.921278894081334E-001  0.170080313088974E+000  0.929103486561173E+000  0.403562730204294E+001 -0.435351485951880E+001  0.118019830895047E+001  0.100000000000000E+001  0.000000000000000E+000  0.000000000000000E+000  0.000000000000000E+000  0.100000000000000E+001  0.000000000000000E+000  0.000000000000000E+000  0.000000000000000E+000  0.100000000000000E+001  0.000000000000000E+000  0.000000000000000E+000  0.000000000000000E+000
  0.220000000000000E+002 -0.921279045701610E-001  0.170080327719767E+000  0.929103589083119E+000  0.403562784680118E+001 -0.435351530949593E+001  0.118019845711246E+001  0.100000000000000E+001  0.000000000000000E+000  0.000000000000000E+000  0.000000000000000E+000  0.100000000000000E+001  0.000000000000000E+000  0.000000000000000E+000  0.000000000000000E+000  0.100000000000000E+001  0.000000000000000E+000  0.000000000000000E+000  0.000000000000000E+000
  0.225000000000000E+002 -0.921279158420881E-001  0.170080338599309E+000  0.929103665116629E+000  0.403562825105562E+001 -0.435351564299048E+001  0.118019856727115E+001  0.100000000000000E+001  0.000000000000000E+000  0.000000000000000E+000  0.000000000000000E+000  0.100000000000000E+001  0.000000000000000E+000  0.000000000000000E+000  0.000000000000000E+000  0.100000000000000E+001  0.000000000000000E+000  0.000000000000000E+000  0.000000000000000E+000
  0.230000000000000E+002 -0.921279242204390E-001  0.170080346688724E+000  0.929103721544764E+000  0.403562855118890E+001 -0.435351589036956E+001  0.118019864916469E+001  0.100000000000000E+001  0.000000000000000E+000  0.000000000000000E+000  0.000000000000000E+000  0.100000000000000E+001  0.000000000000000E+000  0.000000000000000E+000  0.000000000000000E+000  0.100000000000000E+001  0.000000000000000E+000  0.000000000000000E+000  0.000000000000000E+000
  0.235000000000000E+002 -0.921279304503539E-001  0.170080352702806E+000  0.929103763508856E+000  0.403562877436952E+001 -0.435351607434500E+001  0.118019871005260E+001  0.100000000000000E+001  0.000000000000000E+000  0.000000000000000E+000  0.000000000000000E+000  0.100000000000000E+001  0.000000000000000E+000  0.000000000000000E+000  0.000000000000000E+000  0.100000000000000E+001  0.000000000000000E+000  0.000000000000000E+000  0.000000000000000E+000
  0.240000000000000E+002 -0.921279350821687E-001  0.170080357175000E+000  0.929103794733256E+000  0.403562894040930E+001 -0.435351621126218E+001  0.118019875532825E+001  0.100000000000000E+001  0.000000000000000E+000  0.000000000000000E+000  0.000000000000000E+000  0.100000000000000E+001  0.000000000000000E+000  0.000000000000000E+000  0.000000000000000E+000  0.100000000000000E+001  0.000000000000000E+000  0.000000000000000E+000  0.000000000000000E+000
  0.245000000000000E+002 -0.921279385266056E-001  0.170080360500667E+000  0.929103817974172E+000  0.403562906398437E+001 -0.435351631319971E+001  0.118019878899816E+001  0.100000000000000E+001  0.000000000000000E+000  0.000000000000000E+000  0.000000000000000E+000  0.100000000000000E+001  0.000000000000000E+000  0.000000000000000E+000  0.000000000000000E+000  0.100000000000000E+001  0.000000000000000E+000  0.000000000000000E+000  0.000000000000000E+000
  0.250000000000000E+002 -0.921279410888503E-001  0.170080362973612E+000  0.929103835271216E+000  0.403562915593133E+001 -0.435351638907375E+001  0.118019881403886E+001  0.100000000000000E+001  0.000000000000000E+000  0.000000000000000E+000  0.000000000000000E+000  0.100000000000000E+001  0.000000000000000E+000  0.000000000000000E+000  0.000000000000000E+000  0.100000000000000E+001  0.000000000000000E+000  0.000000000000000E+000  0.000000000000000E+000
  0.255000000000000E+002 -0.921279429947731E-001  0.170080364813324E+000  0.929103848143125E+000  0.403562922435204E+001 -0.435351644555374E+001  0.118019883266656E+001  0.100000000000000E+001  0.000000000000000E+000  0.000000000000000E+000  0.000000000000000E+000  0.100000000000000E+001  0.000000000000000E+000  0.000000000000000E+000  0.000000000000000E+000  0.100000000000000E+001  0.000000000000000E+000  0.000000000000000E+000  0.000000000000000E+000
  0.260000000000000E+002 -0.921279444123903E-001  0.170080366180999E+000  0.929103857718199E+000  0.403562927524812E+001 -0.435351648756415E+001  0.118019884651939E+001  0.100000000000000E+001  0.000000000000000E+000  0.000000000000000E+000  0.000000000000000E+000  0.100000000000000E+001  0.000000000000000E+000  0.000000000000000E+000  0.000000000000000E+000  0.100000000000000E+001  0.000000000000000E+000  0.000000000000000E+000  0.000000000000000E+000
  0.265000000000000E+002 -0.921279454671249E-001  0.170080367199137E+000  0.929103864835772E+000  0.403562931308162E+001 -0.435351651878796E+001  0.118019885682604E+001  0.100000000000000E+001  0.000000000000000E+000  0.000000000000000E+000  0.000000000000000E+000  0.100000000000000E+001  0.000000000000000E+000  0.000000000000000E+000  0.000000000000000E+000  0.100000000000000E+001  0.000000000000000E+000  0.000000000000000E+000  0.000000000000000E+000
  0.270000000000000E+002 -0.921279462502897E-001  0.170080367955670E+000  0.929103870119604E+000  0.403562934117992E+001 -0.435351654195938E+001  0.118019886448364E+001  0.100000000000000E+001  0.000000000000000E+000  0.000000000000000E+000  0.000000000000000E+000  0.100000000000000E+001  0.000000000000000E+000  0.000000000000000E+000  0.000000000000000E+000  0.100000000000000E+001  0.000000000000000E+000  0.000000000000000E+000  0.000000000000000E+000
  0.275000000000000E+002 -0.921279468340777E-001  0.170080368518552E+000  0.929103874057904E+000  0.403562936211838E+001 -0.435351655923704E+001  0.118019887018567E+001  0.100000000000000E+001  0.000000000000000E+000  0.000000000000000E+000  0.000000000000000E+000  0.100000000000000E+001  0.000000000000000E+000  0.000000000000000E+000  0.000000000000000E+000  0.100000000000000E+001  0.000000000000000E+000  0.000000000000000E+000  0.000000000000000E+000
  0.280000000000000E+002 -0.921279472666778E-001  0.170080368936711E+000  0.929103876982159E+000  0.403562937765945E+001 -0.435351657206260E+001  0.118019887441850E+001  0.100000000000000E+001  0.000000000000000E+000  0.000000000000000E+000  0.000000000000000E+000  0.100000000000000E+001  0.000000000000000E+000  0.000000000000000E+000  0.000000000000000E+000  0.100000000000000E+001  0.000000000000000E+000  0.000000000000000E+000  0.000000000000000E+000
  0.285000000000000E+002 -0.921279475894434E-001  0.170080369247395E+000  0.929103879161927E+000  0.403562938924355E+001 -0.435351658162943E+001  0.118019887756658E+001  0.100000000000000E+001  0.000000000000000E+000  0.000000000000000E+000  0.000000000000000E+000  0.100000000000000E+001  0.000000000000000E+000  0.000000000000000E+000  0.000000000000000E+000  0.100000000000000E+001  0.000000000000000E+000  0.000000000000000E+000  0.000000000000000E+000
  0.290000000000000E+002 -0.921279478299165E-001  0.170080369480245E+000  0.929103880779317E+000  0.403562939784600E+001 -0.435351658872403E+001  0.118019887992077E+001  0.100000000000000E+001  0.000000000000000E+000  0.000000000000000E+000  0.000000000000000E+000  0.100000000000000E+001  0.000000000000000E+000  0.000000000000000E+000  0.000000000000000E+000  0.100000000000000E+001  0.000000000000000E+000  0.000000000000000E+000  0.000000000000000E+000
  0.295000000000000E+002 -0.921279480075806E-001  0.170080369651444E+000  0.929103881979315E+000  0.403562940422125E+001 -0.435351659397982E+001  0.118019888165678E+001  0.100000000000000E+001  0.000000000000000E+000  0.000000000000000E+000  0.000000000000000E+000  0.100000000000000E+001  0.000000000000000E+000  0.000000000000000E+000  0.000000000000000E+000  0.100000000000000E+001  0.000000000000000E+000  0.000000000000000E+000  0.000000000000000E+000

