 # Integral loads: N.components: 4
 #                 Ref.sys     : Stability
 #                 Components  : wing_right , wing_left , tail_right , tail_left
 #  t , Fx , Fy , Fz , Mx , My , Mz , ref_mat(9) , ref_off(3) 
  0.100000000000000E+001 -0.424202991436305E+003  0.346302359419042E-001  0.112486325076743E+005  0.317130950884348E-001 -0.655213510124978E+005  0.299013699135685E+000  0.100000000000000E+001  0.000000000000000E+000  0.000000000000000E+000  0.000000000000000E+000  0.100000000000000E+001  0.000000000000000E+000  0.000000000000000E+000  0.000000000000000E+000  0.100000000000000E+001  0.100000000000000E+001  0.000000000000000E+000  0.000000000000000E+000
  0.102500000000000E+001 -0.787987439698534E+003  0.129547529157890E-001  0.716483793843229E+004  0.251914601312819E-001 -0.405769572611013E+005  0.102660750256291E+000  0.100000000000000E+001  0.000000000000000E+000  0.000000000000000E+000  0.000000000000000E+000  0.100000000000000E+001  0.000000000000000E+000  0.000000000000000E+000  0.000000000000000E+000  0.100000000000000E+001  0.100000000000000E+001  0.000000000000000E+000  0.000000000000000E+000
  0.105000000000000E+001 -0.820096061541602E+003  0.150979746123312E-001  0.729630424765236E+004  0.188898034950853E-001 -0.409946748034741E+005  0.117745362503229E+000  0.100000000000000E+001  0.000000000000000E+000  0.000000000000000E+000  0.000000000000000E+000  0.100000000000000E+001  0.000000000000000E+000  0.000000000000000E+000  0.000000000000000E+000  0.100000000000000E+001  0.100000000000000E+001  0.000000000000000E+000  0.000000000000000E+000
  0.107500000000000E+001 -0.851232746016501E+003  0.250613857846247E-001  0.729869453352119E+004 -0.274538618577935E-002 -0.405418740366604E+005  0.207930528014458E+000  0.100000000000000E+001  0.000000000000000E+000  0.000000000000000E+000  0.000000000000000E+000  0.100000000000000E+001  0.000000000000000E+000  0.000000000000000E+000  0.000000000000000E+000  0.100000000000000E+001  0.100000000000000E+001  0.000000000000000E+000  0.000000000000000E+000
  0.110000000000000E+001 -0.868523095806769E+003  0.316777001227138E-001  0.728953609411487E+004 -0.203585857517510E-001 -0.400842641857282E+005  0.272470130100828E+000  0.100000000000000E+001  0.000000000000000E+000  0.000000000000000E+000  0.000000000000000E+000  0.100000000000000E+001  0.000000000000000E+000  0.000000000000000E+000  0.000000000000000E+000  0.100000000000000E+001  0.100000000000000E+001  0.000000000000000E+000  0.000000000000000E+000
  0.112500000000000E+001 -0.876216467153097E+003  0.293354495143490E-001  0.737642099696407E+004 -0.155101030668447E-001 -0.406559019009900E+005  0.248142021466720E+000  0.100000000000000E+001  0.000000000000000E+000  0.000000000000000E+000  0.000000000000000E+000  0.100000000000000E+001  0.000000000000000E+000  0.000000000000000E+000  0.000000000000000E+000  0.100000000000000E+001  0.100000000000000E+001  0.000000000000000E+000  0.000000000000000E+000
  0.115000000000000E+001 -0.882837900526661E+003  0.291745640000158E-001  0.742953752282813E+004 -0.148414659648779E-001 -0.409774336274737E+005  0.245623940693804E+000  0.100000000000000E+001  0.000000000000000E+000  0.000000000000000E+000  0.000000000000000E+000  0.100000000000000E+001  0.000000000000000E+000  0.000000000000000E+000  0.000000000000000E+000  0.100000000000000E+001  0.100000000000000E+001  0.000000000000000E+000  0.000000000000000E+000
  0.117500000000000E+001 -0.888220298765239E+003  0.293611921716206E-001  0.746531519433891E+004 -0.151619428620506E-001 -0.411778419225939E+005  0.246886230807831E+000  0.100000000000000E+001  0.000000000000000E+000  0.000000000000000E+000  0.000000000000000E+000  0.100000000000000E+001  0.000000000000000E+000  0.000000000000000E+000  0.000000000000000E+000  0.100000000000000E+001  0.100000000000000E+001  0.000000000000000E+000  0.000000000000000E+000
  0.120000000000000E+001 -0.893211239074194E+003  0.295846747503106E-001  0.750118750815732E+004 -0.155058934486760E-001 -0.413803641829336E+005  0.248640963333855E+000  0.100000000000000E+001  0.000000000000000E+000  0.000000000000000E+000  0.000000000000000E+000  0.100000000000000E+001  0.000000000000000E+000  0.000000000000000E+000  0.000000000000000E+000  0.100000000000000E+001  0.100000000000000E+001  0.000000000000000E+000  0.000000000000000E+000
  0.122500000000000E+001 -0.896702788794977E+003  0.296758432877482E-001  0.751990863646733E+004 -0.157162963319024E-001 -0.414804790145655E+005  0.249270125148541E+000  0.100000000000000E+001  0.000000000000000E+000  0.000000000000000E+000  0.000000000000000E+000  0.100000000000000E+001  0.000000000000000E+000  0.000000000000000E+000  0.000000000000000E+000  0.100000000000000E+001  0.100000000000000E+001  0.000000000000000E+000  0.000000000000000E+000
  0.125000000000000E+001 -0.900699210633917E+003  0.297919243226943E-001  0.755086505785769E+004 -0.158159922135610E-001 -0.416559795501046E+005  0.250172553434368E+000  0.100000000000000E+001  0.000000000000000E+000  0.000000000000000E+000  0.000000000000000E+000  0.100000000000000E+001  0.000000000000000E+000  0.000000000000000E+000  0.000000000000000E+000  0.100000000000000E+001  0.100000000000000E+001  0.000000000000000E+000  0.000000000000000E+000
  0.127500000000000E+001 -0.907184038338509E+003  0.300146693592183E-001  0.760942148172420E+004 -0.158811550171549E-001 -0.419960014390280E+005  0.252036632538420E+000  0.100000000000000E+001  0.000000000000000E+000  0.000000000000000E+000  0.000000000000000E+000  0.100000000000000E+001  0.000000000000000E+000  0.000000000000000E+000  0.000000000000000E+000  0.100000000000000E+001  0.100000000000000E+001  0.000000000000000E+000  0.000000000000000E+000
  0.130000000000000E+001 -0.909511987379504E+003  0.300678797328828E-001  0.760704087637376E+004 -0.162137626773529E-001 -0.419682630692380E+005  0.252399421409336E+000  0.100000000000000E+001  0.000000000000000E+000  0.000000000000000E+000  0.000000000000000E+000  0.100000000000000E+001  0.000000000000000E+000  0.000000000000000E+000  0.000000000000000E+000  0.100000000000000E+001  0.100000000000000E+001  0.000000000000000E+000  0.000000000000000E+000
  0.132500000000000E+001 -0.910942006278873E+003  0.300874270679401E-001  0.761131258175079E+004 -0.163022261206152E-001 -0.419862529144396E+005  0.252492266075024E+000  0.100000000000000E+001  0.000000000000000E+000  0.000000000000000E+000  0.000000000000000E+000  0.100000000000000E+001  0.000000000000000E+000  0.000000000000000E+000  0.000000000000000E+000  0.100000000000000E+001  0.100000000000000E+001  0.000000000000000E+000  0.000000000000000E+000
  0.135000000000000E+001 -0.911935950544957E+003  0.301288615066255E-001  0.761494359633305E+004 -0.164135566567438E-001 -0.420024172073632E+005  0.252823387022545E+000  0.100000000000000E+001  0.000000000000000E+000  0.000000000000000E+000  0.000000000000000E+000  0.100000000000000E+001  0.000000000000000E+000  0.000000000000000E+000  0.000000000000000E+000  0.100000000000000E+001  0.100000000000000E+001  0.000000000000000E+000  0.000000000000000E+000
  0.137500000000000E+001 -0.912594091478507E+003  0.301701730375612E-001  0.761761300562579E+004 -0.165204077250110E-001 -0.420142263069170E+005  0.253185808737726E+000  0.100000000000000E+001  0.000000000000000E+000  0.000000000000000E+000  0.000000000000000E+000  0.100000000000000E+001  0.000000000000000E+000  0.000000000000000E+000  0.000000000000000E+000  0.100000000000000E+001  0.100000000000000E+001  0.000000000000000E+000  0.000000000000000E+000
  0.140000000000000E+001 -0.913035926684780E+003  0.301791320640632E-001  0.761992648207468E+004 -0.165437427882580E-001 -0.420262750974551E+005  0.253241761964091E+000  0.100000000000000E+001  0.000000000000000E+000  0.000000000000000E+000  0.000000000000000E+000  0.100000000000000E+001  0.000000000000000E+000  0.000000000000000E+000  0.000000000000000E+000  0.100000000000000E+001  0.100000000000000E+001  0.000000000000000E+000  0.000000000000000E+000
  0.142500000000000E+001 -0.913354950613208E+003  0.301845320888106E-001  0.762168507163336E+004 -0.165537300589449E-001 -0.420356802954269E+005  0.253272581181591E+000  0.100000000000000E+001  0.000000000000000E+000  0.000000000000000E+000  0.000000000000000E+000  0.100000000000000E+001  0.000000000000000E+000  0.000000000000000E+000  0.000000000000000E+000  0.100000000000000E+001  0.100000000000000E+001  0.000000000000000E+000  0.000000000000000E+000
  0.145000000000000E+001 -0.913593901353623E+003  0.301887735012087E-001  0.762302945988469E+004 -0.165604776663031E-001 -0.420429025560046E+005  0.253299127975424E+000  0.100000000000000E+001  0.000000000000000E+000  0.000000000000000E+000  0.000000000000000E+000  0.100000000000000E+001  0.000000000000000E+000  0.000000000000000E+000  0.000000000000000E+000  0.100000000000000E+001  0.100000000000000E+001  0.000000000000000E+000  0.000000000000000E+000
  0.147500000000000E+001 -0.913777178157557E+003  0.301920277174759E-001  0.762408144105304E+004 -0.165655469784269E-001 -0.420485831155309E+005  0.253320380795685E+000  0.100000000000000E+001  0.000000000000000E+000  0.000000000000000E+000  0.000000000000000E+000  0.100000000000000E+001  0.000000000000000E+000  0.000000000000000E+000  0.000000000000000E+000  0.100000000000000E+001  0.100000000000000E+001  0.000000000000000E+000  0.000000000000000E+000
  0.150000000000000E+001 -0.913914432388881E+003  0.301947972091057E-001  0.762483955278052E+004 -0.165697906737705E-001 -0.420526402678391E+005  0.253339701437199E+000  0.100000000000000E+001  0.000000000000000E+000  0.000000000000000E+000  0.000000000000000E+000  0.100000000000000E+001  0.000000000000000E+000  0.000000000000000E+000  0.000000000000000E+000  0.100000000000000E+001  0.100000000000000E+001  0.000000000000000E+000  0.000000000000000E+000
  0.152500000000000E+001 -0.914028046170779E+003  0.301973571869780E-001  0.762552865068262E+004 -0.165729273670649E-001 -0.420563924509337E+005  0.253358630513503E+000  0.100000000000000E+001  0.000000000000000E+000  0.000000000000000E+000  0.000000000000000E+000  0.100000000000000E+001  0.000000000000000E+000  0.000000000000000E+000  0.000000000000000E+000  0.100000000000000E+001  0.100000000000000E+001  0.000000000000000E+000  0.000000000000000E+000
  0.155000000000000E+001 -0.914123774056235E+003  0.301999416749936E-001  0.762612247874898E+004 -0.165762972250150E-001 -0.420596478540358E+005  0.253378753398465E+000  0.100000000000000E+001  0.000000000000000E+000  0.000000000000000E+000  0.000000000000000E+000  0.100000000000000E+001  0.000000000000000E+000  0.000000000000000E+000  0.000000000000000E+000  0.100000000000000E+001  0.100000000000000E+001  0.000000000000000E+000  0.000000000000000E+000
  0.157500000000000E+001 -0.914182797417268E+003  0.302014294946957E-001  0.762636217099269E+004 -0.165799855886917E-001 -0.420608347555378E+005  0.253389820625216E+000  0.100000000000000E+001  0.000000000000000E+000  0.000000000000000E+000  0.000000000000000E+000  0.100000000000000E+001  0.000000000000000E+000  0.000000000000000E+000  0.000000000000000E+000  0.100000000000000E+001  0.100000000000000E+001  0.000000000000000E+000  0.000000000000000E+000
  0.160000000000000E+001 -0.914222684084574E+003  0.302024620510792E-001  0.762654043683874E+004 -0.165823750830896E-001 -0.420617296805648E+005  0.253397463659894E+000  0.100000000000000E+001  0.000000000000000E+000  0.000000000000000E+000  0.000000000000000E+000  0.100000000000000E+001  0.000000000000000E+000  0.000000000000000E+000  0.000000000000000E+000  0.100000000000000E+001  0.100000000000000E+001  0.000000000000000E+000  0.000000000000000E+000
  0.162500000000000E+001 -0.914250554929033E+003  0.302032957384313E-001  0.762667031375803E+004 -0.165842433818852E-001 -0.420623839803030E+005  0.253403883812098E+000  0.100000000000000E+001  0.000000000000000E+000  0.000000000000000E+000  0.000000000000000E+000  0.100000000000000E+001  0.000000000000000E+000  0.000000000000000E+000  0.000000000000000E+000  0.100000000000000E+001  0.100000000000000E+001  0.000000000000000E+000  0.000000000000000E+000
  0.165000000000000E+001 -0.914270089863591E+003  0.302039031030290E-001  0.762676515131234E+004 -0.165855775396722E-001 -0.420628654529241E+005  0.253408638067867E+000  0.100000000000000E+001  0.000000000000000E+000  0.000000000000000E+000  0.000000000000000E+000  0.100000000000000E+001  0.000000000000000E+000  0.000000000000000E+000  0.000000000000000E+000  0.100000000000000E+001  0.100000000000000E+001  0.000000000000000E+000  0.000000000000000E+000
  0.167500000000000E+001 -0.914283935037661E+003  0.302042387499455E-001  0.762683607560958E+004 -0.165862557485070E-001 -0.420632345573710E+005  0.253411071218579E+000  0.100000000000000E+001  0.000000000000000E+000  0.000000000000000E+000  0.000000000000000E+000  0.100000000000000E+001  0.000000000000000E+000  0.000000000000000E+000  0.000000000000000E+000  0.100000000000000E+001  0.100000000000000E+001  0.000000000000000E+000  0.000000000000000E+000
  0.170000000000000E+001 -0.914293924977857E+003  0.302044658259319E-001  0.762688846655606E+004 -0.165866753635555E-001 -0.420635099625451E+005  0.253412685959574E+000  0.100000000000000E+001  0.000000000000000E+000  0.000000000000000E+000  0.000000000000000E+000  0.100000000000000E+001  0.000000000000000E+000  0.000000000000000E+000  0.000000000000000E+000  0.100000000000000E+001  0.100000000000000E+001  0.000000000000000E+000  0.000000000000000E+000
  0.172500000000000E+001 -0.914301227400088E+003  0.302067984184760E-001  0.762692728431616E+004 -0.165895277543768E-001 -0.420637149273167E+005  0.253433902003962E+000  0.100000000000000E+001  0.000000000000000E+000  0.000000000000000E+000  0.000000000000000E+000  0.100000000000000E+001  0.000000000000000E+000  0.000000000000000E+000  0.000000000000000E+000  0.100000000000000E+001  0.100000000000000E+001  0.000000000000000E+000  0.000000000000000E+000
  0.175000000000000E+001 -0.914306598393218E+003  0.302069169021024E-001  0.762695599394950E+004 -0.165902269350227E-001 -0.420638668149737E+005  0.253434587269112E+000  0.100000000000000E+001  0.000000000000000E+000  0.000000000000000E+000  0.000000000000000E+000  0.100000000000000E+001  0.000000000000000E+000  0.000000000000000E+000  0.000000000000000E+000  0.100000000000000E+001  0.100000000000000E+001  0.000000000000000E+000  0.000000000000000E+000
  0.177500000000000E+001 -0.914310547290040E+003  0.302069336324848E-001  0.762697701391709E+004 -0.165905003333364E-001 -0.420639779068412E+005  0.253434448837197E+000  0.100000000000000E+001  0.000000000000000E+000  0.000000000000000E+000  0.000000000000000E+000  0.100000000000000E+001  0.000000000000000E+000  0.000000000000000E+000  0.000000000000000E+000  0.100000000000000E+001  0.100000000000000E+001  0.000000000000000E+000  0.000000000000000E+000
  0.180000000000000E+001 -0.914313500312720E+003  0.302069354489731E-001  0.762699300238166E+004 -0.165906297943366E-001 -0.420640627124973E+005  0.253434284057676E+000  0.100000000000000E+001  0.000000000000000E+000  0.000000000000000E+000  0.000000000000000E+000  0.100000000000000E+001  0.000000000000000E+000  0.000000000000000E+000  0.000000000000000E+000  0.100000000000000E+001  0.100000000000000E+001  0.000000000000000E+000  0.000000000000000E+000
  0.182500000000000E+001 -0.914315685417301E+003  0.302069299281698E-001  0.762700467584399E+004 -0.165906819930797E-001 -0.420641244629081E+005  0.253434120450493E+000  0.100000000000000E+001  0.000000000000000E+000  0.000000000000000E+000  0.000000000000000E+000  0.100000000000000E+001  0.000000000000000E+000  0.000000000000000E+000  0.000000000000000E+000  0.100000000000000E+001  0.100000000000000E+001  0.000000000000000E+000  0.000000000000000E+000
  0.185000000000000E+001 -0.914317213132285E+003  0.302069193450620E-001  0.762701221600288E+004 -0.165906890048291E-001 -0.420641635614693E+005  0.253433953349031E+000  0.100000000000000E+001  0.000000000000000E+000  0.000000000000000E+000  0.000000000000000E+000  0.100000000000000E+001  0.000000000000000E+000  0.000000000000000E+000  0.000000000000000E+000  0.100000000000000E+001  0.100000000000000E+001  0.000000000000000E+000  0.000000000000000E+000
  0.187500000000000E+001 -0.914318292558101E+003  0.302069050087539E-001  0.762701756472667E+004 -0.165906575443842E-001 -0.420641912431587E+005  0.253433777500049E+000  0.100000000000000E+001  0.000000000000000E+000  0.000000000000000E+000  0.000000000000000E+000  0.100000000000000E+001  0.000000000000000E+000  0.000000000000000E+000  0.000000000000000E+000  0.100000000000000E+001  0.100000000000000E+001  0.000000000000000E+000  0.000000000000000E+000
  0.190000000000000E+001 -0.914319060973774E+003  0.302069566338332E-001  0.762702140822727E+004 -0.165907510748866E-001 -0.420642111434060E+005  0.253434223482600E+000  0.100000000000000E+001  0.000000000000000E+000  0.000000000000000E+000  0.000000000000000E+000  0.100000000000000E+001  0.000000000000000E+000  0.000000000000000E+000  0.000000000000000E+000  0.100000000000000E+001  0.100000000000000E+001  0.000000000000000E+000  0.000000000000000E+000
  0.192500000000000E+001 -0.914319609874128E+003  0.302069800974323E-001  0.762702418875319E+004 -0.165908094772931E-001 -0.420642255813895E+005  0.253434414674757E+000  0.100000000000000E+001  0.000000000000000E+000  0.000000000000000E+000  0.000000000000000E+000  0.100000000000000E+001  0.000000000000000E+000  0.000000000000000E+000  0.000000000000000E+000  0.100000000000000E+001  0.100000000000000E+001  0.000000000000000E+000  0.000000000000000E+000
  0.195000000000000E+001 -0.914320003766660E+003  0.302069902385824E-001  0.762702621229965E+004 -0.165908348540142E-001 -0.420642361462472E+005  0.253434489268329E+000  0.100000000000000E+001  0.000000000000000E+000  0.000000000000000E+000  0.000000000000000E+000  0.100000000000000E+001  0.000000000000000E+000  0.000000000000000E+000  0.000000000000000E+000  0.100000000000000E+001  0.100000000000000E+001  0.000000000000000E+000  0.000000000000000E+000
  0.197500000000000E+001 -0.914320287939747E+003  0.302069963680651E-001  0.762702768471073E+004 -0.165908490254196E-001 -0.420642438590814E+005  0.253434532013216E+000  0.100000000000000E+001  0.000000000000000E+000  0.000000000000000E+000  0.000000000000000E+000  0.100000000000000E+001  0.000000000000000E+000  0.000000000000000E+000  0.000000000000000E+000  0.100000000000000E+001  0.100000000000000E+001  0.000000000000000E+000  0.000000000000000E+000
  0.200000000000000E+001 -0.914320493803795E+003  0.302070007790007E-001  0.762702875692908E+004 -0.165908582441716E-001 -0.420642494859033E+005  0.253434563018345E+000  0.100000000000000E+001  0.000000000000000E+000  0.000000000000000E+000  0.000000000000000E+000  0.100000000000000E+001  0.000000000000000E+000  0.000000000000000E+000  0.000000000000000E+000  0.100000000000000E+001  0.100000000000000E+001  0.000000000000000E+000  0.000000000000000E+000
  0.202500000000000E+001 -0.914320643217821E+003  0.302070040707463E-001  0.762702953650811E+004 -0.165908649219091E-001 -0.420642535799153E+005  0.253434586567437E+000  0.100000000000000E+001  0.000000000000000E+000  0.000000000000000E+000  0.000000000000000E+000  0.100000000000000E+001  0.000000000000000E+000  0.000000000000000E+000  0.000000000000000E+000  0.100000000000000E+001  0.100000000000000E+001  0.000000000000000E+000  0.000000000000000E+000
  0.205000000000000E+001 -0.914320751713208E+003  0.302070064417990E-001  0.762703010226075E+004 -0.165908695437338E-001 -0.420642565506919E+005  0.253434603499500E+000  0.100000000000000E+001  0.000000000000000E+000  0.000000000000000E+000  0.000000000000000E+000  0.100000000000000E+001  0.000000000000000E+000  0.000000000000000E+000  0.000000000000000E+000  0.100000000000000E+001  0.100000000000000E+001  0.000000000000000E+000  0.000000000000000E+000
  0.207500000000000E+001 -0.914320830643805E+003  0.302070082935870E-001  0.762703051432367E+004 -0.165908727125270E-001 -0.420642587148742E+005  0.253434617102357E+000  0.100000000000000E+001  0.000000000000000E+000  0.000000000000000E+000  0.000000000000000E+000  0.100000000000000E+001  0.000000000000000E+000  0.000000000000000E+000  0.000000000000000E+000  0.100000000000000E+001  0.100000000000000E+001  0.000000000000000E+000  0.000000000000000E+000
  0.210000000000000E+001 -0.914320887786813E+003  0.302070097694696E-001  0.762703081053119E+004 -0.165908764417964E-001 -0.420642602678078E+005  0.253434628175455E+000  0.100000000000000E+001  0.000000000000000E+000  0.000000000000000E+000  0.000000000000000E+000  0.100000000000000E+001  0.000000000000000E+000  0.000000000000000E+000  0.000000000000000E+000  0.100000000000000E+001  0.100000000000000E+001  0.000000000000000E+000  0.000000000000000E+000
  0.212500000000000E+001 -0.914320928724017E+003  0.302070108908197E-001  0.762703101950257E+004 -0.165908780711561E-001 -0.420642613588828E+005  0.253434636728343E+000  0.100000000000000E+001  0.000000000000000E+000  0.000000000000000E+000  0.000000000000000E+000  0.100000000000000E+001  0.000000000000000E+000  0.000000000000000E+000  0.000000000000000E+000  0.100000000000000E+001  0.100000000000000E+001  0.000000000000000E+000  0.000000000000000E+000
  0.215000000000000E+001 -0.914320958064694E+003  0.302070115589004E-001  0.762703116906682E+004 -0.165908794460847E-001 -0.420642621389759E+005  0.253434641505464E+000  0.100000000000000E+001  0.000000000000000E+000  0.000000000000000E+000  0.000000000000000E+000  0.100000000000000E+001  0.000000000000000E+000  0.000000000000000E+000  0.000000000000000E+000  0.100000000000000E+001  0.100000000000000E+001  0.000000000000000E+000  0.000000000000000E+000
  0.217500000000000E+001 -0.914320979126467E+003  0.302070120627604E-001  0.762703127665885E+004 -0.165908803871844E-001 -0.420642627001923E+005  0.253434645159359E+000  0.100000000000000E+001  0.000000000000000E+000  0.000000000000000E+000  0.000000000000000E+000  0.100000000000000E+001  0.000000000000000E+000  0.000000000000000E+000  0.000000000000000E+000  0.100000000000000E+001  0.100000000000000E+001  0.000000000000000E+000  0.000000000000000E+000
  0.220000000000000E+001 -0.914320994266051E+003  0.302070125121077E-001  0.762703135428556E+004 -0.165908810440669E-001 -0.420642631054705E+005  0.253434648694110E+000  0.100000000000000E+001  0.000000000000000E+000  0.000000000000000E+000  0.000000000000000E+000  0.100000000000000E+001  0.000000000000000E+000  0.000000000000000E+000  0.000000000000000E+000  0.100000000000000E+001  0.100000000000000E+001  0.000000000000000E+000  0.000000000000000E+000
  0.222500000000000E+001 -0.914321005166373E+003  0.302070127455067E-001  0.762703141039991E+004 -0.165908819589049E-001 -0.420642633988463E+005  0.253434650307554E+000  0.100000000000000E+001  0.000000000000000E+000  0.000000000000000E+000  0.000000000000000E+000  0.100000000000000E+001  0.000000000000000E+000  0.000000000000000E+000  0.000000000000000E+000  0.100000000000000E+001  0.100000000000000E+001  0.000000000000000E+000  0.000000000000000E+000
  0.225000000000000E+001 -0.914321013027599E+003  0.302070130103971E-001  0.762703145098488E+004 -0.165908824977805E-001 -0.420642636112520E+005  0.253434652471242E+000  0.100000000000000E+001  0.000000000000000E+000  0.000000000000000E+000  0.000000000000000E+000  0.100000000000000E+001  0.000000000000000E+000  0.000000000000000E+000  0.000000000000000E+000  0.100000000000000E+001  0.100000000000000E+001  0.000000000000000E+000  0.000000000000000E+000
  0.227500000000000E+001 -0.914321018704233E+003  0.302070130712195E-001  0.762703148034239E+004 -0.165908824893677E-001 -0.420642637649940E+005  0.253434652696797E+000  0.100000000000000E+001  0.000000000000000E+000  0.000000000000000E+000  0.000000000000000E+000  0.100000000000000E+001  0.000000000000000E+000  0.000000000000000E+000  0.000000000000000E+000  0.100000000000000E+001  0.100000000000000E+001  0.000000000000000E+000  0.000000000000000E+000
  0.230000000000000E+001 -0.914321022805661E+003  0.302070130060201E-001  0.762703150156485E+004 -0.165908825003953E-001 -0.420642638761595E+005  0.253434651800035E+000  0.100000000000000E+001  0.000000000000000E+000  0.000000000000000E+000  0.000000000000000E+000  0.100000000000000E+001  0.000000000000000E+000  0.000000000000000E+000  0.000000000000000E+000  0.100000000000000E+001  0.100000000000000E+001  0.000000000000000E+000  0.000000000000000E+000
  0.232500000000000E+001 -0.914321025769298E+003  0.302070132170797E-001  0.762703151689636E+004 -0.165908827624435E-001 -0.420642639564651E+005  0.253434653719978E+000  0.100000000000000E+001  0.000000000000000E+000  0.000000000000000E+000  0.000000000000000E+000  0.100000000000000E+001  0.000000000000000E+000  0.000000000000000E+000  0.000000000000000E+000  0.100000000000000E+001  0.100000000000000E+001  0.000000000000000E+000  0.000000000000000E+000
  0.235000000000000E+001 -0.914321027910571E+003  0.302070133371330E-001  0.762703152796733E+004 -0.165908830554145E-001 -0.420642640144444E+005  0.253434654804551E+000  0.100000000000000E+001  0.000000000000000E+000  0.000000000000000E+000  0.000000000000000E+000  0.100000000000000E+001  0.000000000000000E+000  0.000000000000000E+000  0.000000000000000E+000  0.100000000000000E+001  0.100000000000000E+001  0.000000000000000E+000  0.000000000000000E+000
  0.237500000000000E+001 -0.914321029455299E+003  0.302070133004690E-001  0.762703153593511E+004 -0.165908832243531E-001 -0.420642640561450E+005  0.253434654309331E+000  0.100000000000000E+001  0.000000000000000E+000  0.000000000000000E+000  0.000000000000000E+000  0.100000000000000E+001  0.000000000000000E+000  0.000000000000000E+000  0.000000000000000E+000  0.100000000000000E+001  0.100000000000000E+001  0.000000000000000E+000  0.000000000000000E+000
  0.240000000000000E+001 -0.914321030567298E+003  0.302070133568009E-001  0.762703154165212E+004 -0.165908832426567E-001 -0.420642640860381E+005  0.253434654819557E+000  0.100000000000000E+001  0.000000000000000E+000  0.000000000000000E+000  0.000000000000000E+000  0.100000000000000E+001  0.000000000000000E+000  0.000000000000000E+000  0.000000000000000E+000  0.100000000000000E+001  0.100000000000000E+001  0.000000000000000E+000  0.000000000000000E+000
  0.242500000000000E+001 -0.914321031367613E+003  0.302070135360850E-001  0.762703154576394E+004 -0.165908833508865E-001 -0.420642641075306E+005  0.253434656506670E+000  0.100000000000000E+001  0.000000000000000E+000  0.000000000000000E+000  0.000000000000000E+000  0.100000000000000E+001  0.000000000000000E+000  0.000000000000000E+000  0.000000000000000E+000  0.100000000000000E+001  0.100000000000000E+001  0.000000000000000E+000  0.000000000000000E+000
  0.245000000000000E+001 -0.914321031943791E+003  0.302070134090400E-001  0.762703154872561E+004 -0.165908834916308E-001 -0.420642641230118E+005  0.253434655232468E+000  0.100000000000000E+001  0.000000000000000E+000  0.000000000000000E+000  0.000000000000000E+000  0.100000000000000E+001  0.000000000000000E+000  0.000000000000000E+000  0.000000000000000E+000  0.100000000000000E+001  0.100000000000000E+001  0.000000000000000E+000  0.000000000000000E+000
  0.247500000000000E+001 -0.914321032358788E+003  0.302070134023893E-001  0.762703155086115E+004 -0.165908833009780E-001 -0.420642641341775E+005  0.253434655132878E+000  0.100000000000000E+001  0.000000000000000E+000  0.000000000000000E+000  0.000000000000000E+000  0.100000000000000E+001  0.000000000000000E+000  0.000000000000000E+000  0.000000000000000E+000  0.100000000000000E+001  0.100000000000000E+001  0.000000000000000E+000  0.000000000000000E+000
  0.250000000000000E+001 -0.914321032657858E+003  0.302070134096653E-001  0.762703155240188E+004 -0.165908832547075E-001 -0.420642641422365E+005  0.253434655191086E+000  0.100000000000000E+001  0.000000000000000E+000  0.000000000000000E+000  0.000000000000000E+000  0.100000000000000E+001  0.000000000000000E+000  0.000000000000000E+000  0.000000000000000E+000  0.100000000000000E+001  0.100000000000000E+001  0.000000000000000E+000  0.000000000000000E+000

