 # Integral loads: N.components: 6
 #                 Ref.sys     : Stability
 #                 Components  : wing_right , wing_left , tail_right , tail_left , lerx_right , lerx_left
 #  t , Fx , Fy , Fz , Mx , My , Mz , ref_mat(9) , ref_off(3) 
  0.100000000000000E+001 -0.709312550593465E+004 -0.237889609888953E-002  0.160352317342115E+006  0.308403014059877E-002 -0.133489922836006E+006 -0.937262419029139E-002  0.100000000000000E+001  0.000000000000000E+000  0.000000000000000E+000  0.000000000000000E+000  0.100000000000000E+001  0.000000000000000E+000  0.000000000000000E+000  0.000000000000000E+000  0.100000000000000E+001  0.590000000000000E+001  0.000000000000000E+000 -0.500000000000000E+000
  0.100312500000000E+001 -0.805808171902117E+004  0.801437818154227E-004  0.475019995355874E+005 -0.654575051157735E-004 -0.334758243931432E+005  0.109311463893391E-002  0.100000000000000E+001  0.000000000000000E+000  0.000000000000000E+000  0.000000000000000E+000  0.100000000000000E+001  0.000000000000000E+000  0.000000000000000E+000  0.000000000000000E+000  0.100000000000000E+001  0.590000000000000E+001  0.000000000000000E+000 -0.500000000000000E+000
  0.100625000000000E+001 -0.832590545460369E+004  0.150969851802074E-003  0.442549994491574E+005 -0.161055985699932E-003 -0.277111025817992E+005  0.146558929645835E-002  0.100000000000000E+001  0.000000000000000E+000  0.000000000000000E+000  0.000000000000000E+000  0.100000000000000E+001  0.000000000000000E+000  0.000000000000000E+000  0.000000000000000E+000  0.100000000000000E+001  0.590000000000000E+001  0.000000000000000E+000 -0.500000000000000E+000
  0.100937500000000E+001 -0.868738598655189E+004  0.174968465671554E-003  0.438797483209868E+005 -0.190300150279654E-003 -0.267424441630438E+005  0.160387707455811E-002  0.100000000000000E+001  0.000000000000000E+000  0.000000000000000E+000  0.000000000000000E+000  0.100000000000000E+001  0.000000000000000E+000  0.000000000000000E+000  0.000000000000000E+000  0.100000000000000E+001  0.590000000000000E+001  0.000000000000000E+000 -0.500000000000000E+000
  0.101250000000000E+001 -0.906102088859908E+004  0.189359546766354E-003  0.443202842154042E+005 -0.204135949388728E-003 -0.269998302440371E+005  0.169499216099211E-002  0.100000000000000E+001  0.000000000000000E+000  0.000000000000000E+000  0.000000000000000E+000  0.100000000000000E+001  0.000000000000000E+000  0.000000000000000E+000  0.000000000000000E+000  0.100000000000000E+001  0.590000000000000E+001  0.000000000000000E+000 -0.500000000000000E+000
  0.101562500000000E+001 -0.943336761756241E+004  0.198258365344373E-003  0.449707880189646E+005 -0.209397548132984E-003 -0.276368851406869E+005  0.176351731624891E-002  0.100000000000000E+001  0.000000000000000E+000  0.000000000000000E+000  0.000000000000000E+000  0.100000000000000E+001  0.000000000000000E+000  0.000000000000000E+000  0.000000000000000E+000  0.100000000000000E+001  0.590000000000000E+001  0.000000000000000E+000 -0.500000000000000E+000
  0.101875000000000E+001 -0.979468713359453E+004  0.200044045868708E-003  0.456631595912799E+005 -0.204093361389823E-003 -0.284878951521497E+005  0.180744086719642E-002  0.100000000000000E+001  0.000000000000000E+000  0.000000000000000E+000  0.000000000000000E+000  0.100000000000000E+001  0.000000000000000E+000  0.000000000000000E+000  0.000000000000000E+000  0.100000000000000E+001  0.590000000000000E+001  0.000000000000000E+000 -0.500000000000000E+000
  0.102187500000000E+001 -0.101022489475053E+005  0.182057555321080E-003  0.463103934823879E+005 -0.161219636538590E-003 -0.293019640899800E+005  0.178856078764511E-002  0.100000000000000E+001  0.000000000000000E+000  0.000000000000000E+000  0.000000000000000E+000  0.100000000000000E+001  0.000000000000000E+000  0.000000000000000E+000  0.000000000000000E+000  0.100000000000000E+001  0.590000000000000E+001  0.000000000000000E+000 -0.500000000000000E+000
  0.102500000000000E+001 -0.102923085622092E+005  0.154996563006762E+001  0.467497411084904E+005 -0.237198728676685E+001 -0.294176525163718E+005  0.849211245248807E+001  0.100000000000000E+001  0.000000000000000E+000  0.000000000000000E+000  0.000000000000000E+000  0.100000000000000E+001  0.000000000000000E+000  0.000000000000000E+000  0.000000000000000E+000  0.100000000000000E+001  0.590000000000000E+001  0.000000000000000E+000 -0.500000000000000E+000
  0.102812500000000E+001 -0.104380987067062E+005  0.144228088767891E+002  0.470394856829690E+005 -0.266179813417575E+002 -0.289994799872716E+005  0.744188914994857E+002  0.100000000000000E+001  0.000000000000000E+000  0.000000000000000E+000  0.000000000000000E+000  0.100000000000000E+001  0.000000000000000E+000  0.000000000000000E+000  0.000000000000000E+000  0.100000000000000E+001  0.590000000000000E+001  0.000000000000000E+000 -0.500000000000000E+000
  0.103125000000000E+001 -0.105279422450790E+005 -0.174021871856780E+002  0.472334139308299E+005  0.524061718144994E+002 -0.282042100745994E+005 -0.589799172782505E+002  0.100000000000000E+001  0.000000000000000E+000  0.000000000000000E+000  0.000000000000000E+000  0.100000000000000E+001  0.000000000000000E+000  0.000000000000000E+000  0.000000000000000E+000  0.100000000000000E+001  0.590000000000000E+001  0.000000000000000E+000 -0.500000000000000E+000
  0.103437500000000E+001 -0.105940078573767E+005 -0.306649724013316E+002  0.472927984134341E+005  0.947422571215220E+002 -0.268202514415254E+005 -0.126398404715786E+003  0.100000000000000E+001  0.000000000000000E+000  0.000000000000000E+000  0.000000000000000E+000  0.100000000000000E+001  0.000000000000000E+000  0.000000000000000E+000  0.000000000000000E+000  0.100000000000000E+001  0.590000000000000E+001  0.000000000000000E+000 -0.500000000000000E+000
  0.103750000000000E+001 -0.106768750901218E+005 -0.314128808084274E+002  0.473058813267238E+005  0.731974211445768E+002 -0.253886835700240E+005 -0.112466312645544E+003  0.100000000000000E+001  0.000000000000000E+000  0.000000000000000E+000  0.000000000000000E+000  0.100000000000000E+001  0.000000000000000E+000  0.000000000000000E+000  0.000000000000000E+000  0.100000000000000E+001  0.590000000000000E+001  0.000000000000000E+000 -0.500000000000000E+000
  0.104062500000000E+001 -0.108015924331855E+005 -0.420351569940747E+002  0.473114100576715E+005  0.886353261245986E+002 -0.241143420031087E+005 -0.158158614541189E+003  0.100000000000000E+001  0.000000000000000E+000  0.000000000000000E+000  0.000000000000000E+000  0.100000000000000E+001  0.000000000000000E+000  0.000000000000000E+000  0.000000000000000E+000  0.100000000000000E+001  0.590000000000000E+001  0.000000000000000E+000 -0.500000000000000E+000
  0.104375000000000E+001 -0.109539386658698E+005 -0.342279060034878E+002  0.473151631622513E+005  0.836500487502944E+002 -0.229880927347070E+005 -0.137516558521503E+003  0.100000000000000E+001  0.000000000000000E+000  0.000000000000000E+000  0.000000000000000E+000  0.100000000000000E+001  0.000000000000000E+000  0.000000000000000E+000  0.000000000000000E+000  0.100000000000000E+001  0.590000000000000E+001  0.000000000000000E+000 -0.500000000000000E+000
  0.104687500000000E+001 -0.110946959853822E+005 -0.621486848093582E+000  0.473107904333791E+005 -0.116561523513428E+001 -0.218717111681381E+005  0.781741383967346E+001  0.100000000000000E+001  0.000000000000000E+000  0.000000000000000E+000  0.000000000000000E+000  0.100000000000000E+001  0.000000000000000E+000  0.000000000000000E+000  0.000000000000000E+000  0.100000000000000E+001  0.590000000000000E+001  0.000000000000000E+000 -0.500000000000000E+000
  0.105000000000000E+001 -0.111903405736632E+005 -0.937821970556013E+001  0.474378312550117E+005  0.449222405983114E+002 -0.213820254515926E+005 -0.909605779592798E+002  0.100000000000000E+001  0.000000000000000E+000  0.000000000000000E+000  0.000000000000000E+000  0.100000000000000E+001  0.000000000000000E+000  0.000000000000000E+000  0.000000000000000E+000  0.100000000000000E+001  0.590000000000000E+001  0.000000000000000E+000 -0.500000000000000E+000
  0.105312500000000E+001 -0.112744873374250E+005 -0.194899556480721E+003  0.479644905409663E+005  0.534738232796220E+003 -0.231075446977800E+005 -0.835671792213747E+003  0.100000000000000E+001  0.000000000000000E+000  0.000000000000000E+000  0.000000000000000E+000  0.100000000000000E+001  0.000000000000000E+000  0.000000000000000E+000  0.000000000000000E+000  0.100000000000000E+001  0.590000000000000E+001  0.000000000000000E+000 -0.500000000000000E+000
  0.105625000000000E+001 -0.114069593831099E+005 -0.930888668722637E+002  0.486934800900709E+005  0.194653967851424E+003 -0.258262987994051E+005 -0.335482359271666E+003  0.100000000000000E+001  0.000000000000000E+000  0.000000000000000E+000  0.000000000000000E+000  0.100000000000000E+001  0.000000000000000E+000  0.000000000000000E+000  0.000000000000000E+000  0.100000000000000E+001  0.590000000000000E+001  0.000000000000000E+000 -0.500000000000000E+000
  0.105937500000000E+001 -0.115542618598818E+005 -0.502597013177010E+002  0.491977914819896E+005  0.845778691166215E+002 -0.275411565319810E+005 -0.132218185395355E+003  0.100000000000000E+001  0.000000000000000E+000  0.000000000000000E+000  0.000000000000000E+000  0.100000000000000E+001  0.000000000000000E+000  0.000000000000000E+000  0.000000000000000E+000  0.100000000000000E+001  0.590000000000000E+001  0.000000000000000E+000 -0.500000000000000E+000
  0.106250000000000E+001 -0.116705537399081E+005 -0.221541109565651E+003  0.495182349335635E+005  0.597466264088955E+003 -0.283492963807782E+005 -0.848949227615994E+003  0.100000000000000E+001  0.000000000000000E+000  0.000000000000000E+000  0.000000000000000E+000  0.100000000000000E+001  0.000000000000000E+000  0.000000000000000E+000  0.000000000000000E+000  0.100000000000000E+001  0.590000000000000E+001  0.000000000000000E+000 -0.500000000000000E+000
  0.106562500000000E+001 -0.117686760795078E+005 -0.326108734528549E+003  0.498336093890902E+005  0.925812405650279E+003 -0.291096860063448E+005 -0.127833394055823E+004  0.100000000000000E+001  0.000000000000000E+000  0.000000000000000E+000  0.000000000000000E+000  0.100000000000000E+001  0.000000000000000E+000  0.000000000000000E+000  0.000000000000000E+000  0.100000000000000E+001  0.590000000000000E+001  0.000000000000000E+000 -0.500000000000000E+000
  0.106875000000000E+001 -0.118584202232771E+005 -0.360208996302339E+003  0.501194028924677E+005  0.105181180533203E+004 -0.298516741559323E+005 -0.139701875088028E+004  0.100000000000000E+001  0.000000000000000E+000  0.000000000000000E+000  0.000000000000000E+000  0.100000000000000E+001  0.000000000000000E+000  0.000000000000000E+000  0.000000000000000E+000  0.100000000000000E+001  0.590000000000000E+001  0.000000000000000E+000 -0.500000000000000E+000
  0.107187500000000E+001 -0.119405057287385E+005 -0.349460908892755E+003  0.503861357322482E+005  0.105865338058717E+004 -0.305827376557059E+005 -0.134139342221766E+004  0.100000000000000E+001  0.000000000000000E+000  0.000000000000000E+000  0.000000000000000E+000  0.100000000000000E+001  0.000000000000000E+000  0.000000000000000E+000  0.000000000000000E+000  0.100000000000000E+001  0.590000000000000E+001  0.000000000000000E+000 -0.500000000000000E+000
  0.107500000000000E+001 -0.120151264296913E+005 -0.361006448090543E+003  0.505567182343086E+005  0.109347853423249E+004 -0.309168979442591E+005 -0.137271492484406E+004  0.100000000000000E+001  0.000000000000000E+000  0.000000000000000E+000  0.000000000000000E+000  0.100000000000000E+001  0.000000000000000E+000  0.000000000000000E+000  0.000000000000000E+000  0.100000000000000E+001  0.590000000000000E+001  0.000000000000000E+000 -0.500000000000000E+000
  0.107812500000000E+001 -0.120865691197815E+005 -0.363987308846822E+003  0.506693471159981E+005  0.112320557058660E+004 -0.309672681403480E+005 -0.136534689659655E+004  0.100000000000000E+001  0.000000000000000E+000  0.000000000000000E+000  0.000000000000000E+000  0.100000000000000E+001  0.000000000000000E+000  0.000000000000000E+000  0.000000000000000E+000  0.100000000000000E+001  0.590000000000000E+001  0.000000000000000E+000 -0.500000000000000E+000
  0.108125000000000E+001 -0.121509602814912E+005 -0.347952585535332E+003  0.507652251119015E+005  0.109165403789885E+004 -0.309726555383277E+005 -0.123710948388280E+004  0.100000000000000E+001  0.000000000000000E+000  0.000000000000000E+000  0.000000000000000E+000  0.100000000000000E+001  0.000000000000000E+000  0.000000000000000E+000  0.000000000000000E+000  0.100000000000000E+001  0.590000000000000E+001  0.000000000000000E+000 -0.500000000000000E+000
  0.108437500000000E+001 -0.122091442888749E+005 -0.367717026092353E+003  0.508486582630716E+005  0.117235097099514E+004 -0.309581834967892E+005 -0.127649580951424E+004  0.100000000000000E+001  0.000000000000000E+000  0.000000000000000E+000  0.000000000000000E+000  0.100000000000000E+001  0.000000000000000E+000  0.000000000000000E+000  0.000000000000000E+000  0.100000000000000E+001  0.590000000000000E+001  0.000000000000000E+000 -0.500000000000000E+000
  0.108750000000000E+001 -0.122613447048626E+005 -0.395258001832691E+003  0.509384706239583E+005  0.127521699129982E+004 -0.309903144623636E+005 -0.137982997580751E+004  0.100000000000000E+001  0.000000000000000E+000  0.000000000000000E+000  0.000000000000000E+000  0.100000000000000E+001  0.000000000000000E+000  0.000000000000000E+000  0.000000000000000E+000  0.100000000000000E+001  0.590000000000000E+001  0.000000000000000E+000 -0.500000000000000E+000
  0.109062500000000E+001 -0.123051111844448E+005 -0.411464031153237E+003  0.509739142886128E+005  0.128169407148037E+004 -0.308273585324148E+005 -0.141713270818009E+004  0.100000000000000E+001  0.000000000000000E+000  0.000000000000000E+000  0.000000000000000E+000  0.100000000000000E+001  0.000000000000000E+000  0.000000000000000E+000  0.000000000000000E+000  0.100000000000000E+001  0.590000000000000E+001  0.000000000000000E+000 -0.500000000000000E+000
  0.109375000000000E+001 -0.123340730274651E+005 -0.635053400219250E+003  0.510071516249770E+005  0.189118240527812E+004 -0.306946094037778E+005 -0.232770621490077E+004  0.100000000000000E+001  0.000000000000000E+000  0.000000000000000E+000  0.000000000000000E+000  0.100000000000000E+001  0.000000000000000E+000  0.000000000000000E+000  0.000000000000000E+000  0.100000000000000E+001  0.590000000000000E+001  0.000000000000000E+000 -0.500000000000000E+000
  0.109687500000000E+001 -0.123966793802446E+005 -0.618489443208478E+003  0.512086697084375E+005  0.200813068678957E+004 -0.310922881217666E+005 -0.225604995937150E+004  0.100000000000000E+001  0.000000000000000E+000  0.000000000000000E+000  0.000000000000000E+000  0.100000000000000E+001  0.000000000000000E+000  0.000000000000000E+000  0.000000000000000E+000  0.100000000000000E+001  0.590000000000000E+001  0.000000000000000E+000 -0.500000000000000E+000
  0.110000000000000E+001 -0.124719416392502E+005 -0.741718320323534E+003  0.513825014496005E+005  0.251111744730928E+004 -0.317310053475562E+005 -0.276699577398614E+004  0.100000000000000E+001  0.000000000000000E+000  0.000000000000000E+000  0.000000000000000E+000  0.100000000000000E+001  0.000000000000000E+000  0.000000000000000E+000  0.000000000000000E+000  0.100000000000000E+001  0.590000000000000E+001  0.000000000000000E+000 -0.500000000000000E+000
  0.110312500000000E+001 -0.125405621390271E+005 -0.863177777451569E+003  0.515379641192998E+005  0.295131704693117E+004 -0.323086111998584E+005 -0.326904794487424E+004  0.100000000000000E+001  0.000000000000000E+000  0.000000000000000E+000  0.000000000000000E+000  0.100000000000000E+001  0.000000000000000E+000  0.000000000000000E+000  0.000000000000000E+000  0.100000000000000E+001  0.590000000000000E+001  0.000000000000000E+000 -0.500000000000000E+000
  0.110625000000000E+001 -0.125726414846622E+005 -0.819574451480422E+003  0.515828882172066E+005  0.275013842859698E+004 -0.323448546953371E+005 -0.311049762649850E+004  0.100000000000000E+001  0.000000000000000E+000  0.000000000000000E+000  0.000000000000000E+000  0.100000000000000E+001  0.000000000000000E+000  0.000000000000000E+000  0.000000000000000E+000  0.100000000000000E+001  0.590000000000000E+001  0.000000000000000E+000 -0.500000000000000E+000
  0.110937500000000E+001 -0.125885985214103E+005 -0.741925288860470E+003  0.515826514658529E+005  0.239502777589782E+004 -0.321540800913581E+005 -0.280224343924362E+004  0.100000000000000E+001  0.000000000000000E+000  0.000000000000000E+000  0.000000000000000E+000  0.100000000000000E+001  0.000000000000000E+000  0.000000000000000E+000  0.000000000000000E+000  0.100000000000000E+001  0.590000000000000E+001  0.000000000000000E+000 -0.500000000000000E+000
  0.111250000000000E+001 -0.125592487943937E+005 -0.450962177182976E+003  0.514714431035380E+005  0.145739207433914E+004 -0.314624854963800E+005 -0.162847502455579E+004  0.100000000000000E+001  0.000000000000000E+000  0.000000000000000E+000  0.000000000000000E+000  0.100000000000000E+001  0.000000000000000E+000  0.000000000000000E+000  0.000000000000000E+000  0.100000000000000E+001  0.590000000000000E+001  0.000000000000000E+000 -0.500000000000000E+000
  0.111562500000000E+001 -0.125156643248146E+005 -0.112950207696999E+003  0.512152849277846E+005  0.536379232178452E+003 -0.301039559560316E+005 -0.180753347429540E+003  0.100000000000000E+001  0.000000000000000E+000  0.000000000000000E+000  0.000000000000000E+000  0.100000000000000E+001  0.000000000000000E+000  0.000000000000000E+000  0.000000000000000E+000  0.100000000000000E+001  0.590000000000000E+001  0.000000000000000E+000 -0.500000000000000E+000
  0.111875000000000E+001 -0.124784525952426E+005  0.109386318184722E+003  0.510235644996934E+005 -0.267983585697048E+002 -0.290336617899652E+005  0.775697195513054E+003  0.100000000000000E+001  0.000000000000000E+000  0.000000000000000E+000  0.000000000000000E+000  0.100000000000000E+001  0.000000000000000E+000  0.000000000000000E+000  0.000000000000000E+000  0.100000000000000E+001  0.590000000000000E+001  0.000000000000000E+000 -0.500000000000000E+000
  0.112187500000000E+001 -0.124924228711452E+005  0.105028856603124E+003  0.510272074026079E+005  0.980556042181215E+002 -0.288131451459066E+005  0.813561843758368E+003  0.100000000000000E+001  0.000000000000000E+000  0.000000000000000E+000  0.000000000000000E+000  0.100000000000000E+001  0.000000000000000E+000  0.000000000000000E+000  0.000000000000000E+000  0.100000000000000E+001  0.590000000000000E+001  0.000000000000000E+000 -0.500000000000000E+000
  0.112500000000000E+001 -0.125202294175323E+005 -0.167216488564311E+003  0.511989655176174E+005  0.796641705429374E+003 -0.293180399270082E+005 -0.266013398259182E+003  0.100000000000000E+001  0.000000000000000E+000  0.000000000000000E+000  0.000000000000000E+000  0.100000000000000E+001  0.000000000000000E+000  0.000000000000000E+000  0.000000000000000E+000  0.100000000000000E+001  0.590000000000000E+001  0.000000000000000E+000 -0.500000000000000E+000
  0.112812500000000E+001 -0.125431284362360E+005 -0.431531961491650E+003  0.513470028376324E+005  0.148754636453915E+004 -0.298222689247506E+005 -0.140898700570756E+004  0.100000000000000E+001  0.000000000000000E+000  0.000000000000000E+000  0.000000000000000E+000  0.100000000000000E+001  0.000000000000000E+000  0.000000000000000E+000  0.000000000000000E+000  0.100000000000000E+001  0.590000000000000E+001  0.000000000000000E+000 -0.500000000000000E+000
  0.113125000000000E+001 -0.125979768875170E+005 -0.591064398217104E+003  0.515528844677395E+005  0.202003749981424E+004 -0.304847576481627E+005 -0.219011289377289E+004  0.100000000000000E+001  0.000000000000000E+000  0.000000000000000E+000  0.000000000000000E+000  0.100000000000000E+001  0.000000000000000E+000  0.000000000000000E+000  0.000000000000000E+000  0.100000000000000E+001  0.590000000000000E+001  0.000000000000000E+000 -0.500000000000000E+000
  0.113437500000000E+001 -0.126871984040134E+005 -0.884675310693341E+003  0.518866797799756E+005  0.287791938794585E+004 -0.314481240595896E+005 -0.346697664537385E+004  0.100000000000000E+001  0.000000000000000E+000  0.000000000000000E+000  0.000000000000000E+000  0.100000000000000E+001  0.000000000000000E+000  0.000000000000000E+000  0.000000000000000E+000  0.100000000000000E+001  0.590000000000000E+001  0.000000000000000E+000 -0.500000000000000E+000
  0.113750000000000E+001 -0.127886870822230E+005 -0.115010340236974E+004  0.522387643261073E+005  0.358153545763571E+004 -0.323182826978115E+005 -0.453380589687090E+004  0.100000000000000E+001  0.000000000000000E+000  0.000000000000000E+000  0.000000000000000E+000  0.100000000000000E+001  0.000000000000000E+000  0.000000000000000E+000  0.000000000000000E+000  0.100000000000000E+001  0.590000000000000E+001  0.000000000000000E+000 -0.500000000000000E+000
  0.114062500000000E+001 -0.128463592626022E+005 -0.106426418251557E+004  0.522041248127016E+005  0.338734953101957E+004 -0.322698746508450E+005 -0.416232440788259E+004  0.100000000000000E+001  0.000000000000000E+000  0.000000000000000E+000  0.000000000000000E+000  0.100000000000000E+001  0.000000000000000E+000  0.000000000000000E+000  0.000000000000000E+000  0.100000000000000E+001  0.590000000000000E+001  0.000000000000000E+000 -0.500000000000000E+000
  0.114375000000000E+001 -0.128583386985903E+005 -0.102506178669903E+004  0.521028951161020E+005  0.304221755035253E+004 -0.319421898230271E+005 -0.399929297826720E+004  0.100000000000000E+001  0.000000000000000E+000  0.000000000000000E+000  0.000000000000000E+000  0.100000000000000E+001  0.000000000000000E+000  0.000000000000000E+000  0.000000000000000E+000  0.100000000000000E+001  0.590000000000000E+001  0.000000000000000E+000 -0.500000000000000E+000
  0.114687500000000E+001 -0.128291370871167E+005 -0.674151676414277E+003  0.518925277817104E+005  0.199967334341945E+004 -0.310969767207916E+005 -0.260737113998805E+004  0.100000000000000E+001  0.000000000000000E+000  0.000000000000000E+000  0.000000000000000E+000  0.100000000000000E+001  0.000000000000000E+000  0.000000000000000E+000  0.000000000000000E+000  0.100000000000000E+001  0.590000000000000E+001  0.000000000000000E+000 -0.500000000000000E+000
  0.115000000000000E+001 -0.127888667189221E+005 -0.327947657704929E+003  0.516532025383301E+005  0.108225501255688E+004 -0.298999312938432E+005 -0.113451528898598E+004  0.100000000000000E+001  0.000000000000000E+000  0.000000000000000E+000  0.000000000000000E+000  0.100000000000000E+001  0.000000000000000E+000  0.000000000000000E+000  0.000000000000000E+000  0.100000000000000E+001  0.590000000000000E+001  0.000000000000000E+000 -0.500000000000000E+000
  0.115312500000000E+001 -0.127642052410411E+005 -0.373558221134858E+002  0.515065786536435E+005  0.386861845253063E+003 -0.291725571705201E+005  0.146031054532545E+003  0.100000000000000E+001  0.000000000000000E+000  0.000000000000000E+000  0.000000000000000E+000  0.100000000000000E+001  0.000000000000000E+000  0.000000000000000E+000  0.000000000000000E+000  0.100000000000000E+001  0.590000000000000E+001  0.000000000000000E+000 -0.500000000000000E+000
  0.115625000000000E+001 -0.127398795452380E+005  0.544202708500234E+002  0.514957521395393E+005  0.245850646872882E+003 -0.288075034635305E+005  0.575280019523376E+003  0.100000000000000E+001  0.000000000000000E+000  0.000000000000000E+000  0.000000000000000E+000  0.100000000000000E+001  0.000000000000000E+000  0.000000000000000E+000  0.000000000000000E+000  0.100000000000000E+001  0.590000000000000E+001  0.000000000000000E+000 -0.500000000000000E+000
  0.115937500000000E+001 -0.127249697900455E+005 -0.211464789659943E+003  0.514164187923552E+005  0.102342615468396E+004 -0.287040684206765E+005 -0.483973320243835E+003  0.100000000000000E+001  0.000000000000000E+000  0.000000000000000E+000  0.000000000000000E+000  0.100000000000000E+001  0.000000000000000E+000  0.000000000000000E+000  0.000000000000000E+000  0.100000000000000E+001  0.590000000000000E+001  0.000000000000000E+000 -0.500000000000000E+000
  0.116250000000000E+001 -0.127309653167539E+005 -0.314110840811657E+003  0.514740144134046E+005  0.122887187286163E+004 -0.294403127679890E+005 -0.948576559251041E+003  0.100000000000000E+001  0.000000000000000E+000  0.000000000000000E+000  0.000000000000000E+000  0.100000000000000E+001  0.000000000000000E+000  0.000000000000000E+000  0.000000000000000E+000  0.100000000000000E+001  0.590000000000000E+001  0.000000000000000E+000 -0.500000000000000E+000
  0.116562500000000E+001 -0.127747465702491E+005 -0.492709771701441E+003  0.518650388875310E+005  0.169371727127287E+004 -0.307595300831558E+005 -0.181944088895084E+004  0.100000000000000E+001  0.000000000000000E+000  0.000000000000000E+000  0.000000000000000E+000  0.100000000000000E+001  0.000000000000000E+000  0.000000000000000E+000  0.000000000000000E+000  0.100000000000000E+001  0.590000000000000E+001  0.000000000000000E+000 -0.500000000000000E+000
  0.116875000000000E+001 -0.128486996906568E+005 -0.591572954932233E+003  0.521651880248575E+005  0.203343670274271E+004 -0.315661187100810E+005 -0.229184619855692E+004  0.100000000000000E+001  0.000000000000000E+000  0.000000000000000E+000  0.000000000000000E+000  0.100000000000000E+001  0.000000000000000E+000  0.000000000000000E+000  0.000000000000000E+000  0.100000000000000E+001  0.590000000000000E+001  0.000000000000000E+000 -0.500000000000000E+000
  0.117187500000000E+001 -0.129384678745661E+005 -0.632561707728562E+003  0.523250000619259E+005  0.217711107735705E+004 -0.323574916368968E+005 -0.253089045133043E+004  0.100000000000000E+001  0.000000000000000E+000  0.000000000000000E+000  0.000000000000000E+000  0.100000000000000E+001  0.000000000000000E+000  0.000000000000000E+000  0.000000000000000E+000  0.100000000000000E+001  0.590000000000000E+001  0.000000000000000E+000 -0.500000000000000E+000
  0.117500000000000E+001 -0.130108249841519E+005 -0.575798417761469E+003  0.524699986131571E+005  0.196125290433755E+004 -0.329805914671539E+005 -0.227500416443906E+004  0.100000000000000E+001  0.000000000000000E+000  0.000000000000000E+000  0.000000000000000E+000  0.100000000000000E+001  0.000000000000000E+000  0.000000000000000E+000  0.000000000000000E+000  0.100000000000000E+001  0.590000000000000E+001  0.000000000000000E+000 -0.500000000000000E+000
  0.117812500000000E+001 -0.130555478935220E+005 -0.706826731260795E+003  0.525535653361206E+005  0.233113934988723E+004 -0.332498310370312E+005 -0.284367070073685E+004  0.100000000000000E+001  0.000000000000000E+000  0.000000000000000E+000  0.000000000000000E+000  0.100000000000000E+001  0.000000000000000E+000  0.000000000000000E+000  0.000000000000000E+000  0.100000000000000E+001  0.590000000000000E+001  0.000000000000000E+000 -0.500000000000000E+000
  0.118125000000000E+001 -0.130792424929569E+005 -0.636898630696513E+003  0.525120010410364E+005  0.193096403826492E+004 -0.330470742020068E+005 -0.253899769792790E+004  0.100000000000000E+001  0.000000000000000E+000  0.000000000000000E+000  0.000000000000000E+000  0.100000000000000E+001  0.000000000000000E+000  0.000000000000000E+000  0.000000000000000E+000  0.100000000000000E+001  0.590000000000000E+001  0.000000000000000E+000 -0.500000000000000E+000
  0.118437500000000E+001 -0.130521787084731E+005 -0.271513738308066E+003  0.522862393561553E+005  0.803716185747950E+003 -0.321652454321714E+005 -0.105508204479019E+004  0.100000000000000E+001  0.000000000000000E+000  0.000000000000000E+000  0.000000000000000E+000  0.100000000000000E+001  0.000000000000000E+000  0.000000000000000E+000  0.000000000000000E+000  0.100000000000000E+001  0.590000000000000E+001  0.000000000000000E+000 -0.500000000000000E+000
  0.118750000000000E+001 -0.130051126275960E+005  0.136050557203687E+003  0.519912001430619E+005 -0.314581812005372E+003 -0.309183159448421E+005  0.644093294229678E+003  0.100000000000000E+001  0.000000000000000E+000  0.000000000000000E+000  0.000000000000000E+000  0.100000000000000E+001  0.000000000000000E+000  0.000000000000000E+000  0.000000000000000E+000  0.100000000000000E+001  0.590000000000000E+001  0.000000000000000E+000 -0.500000000000000E+000
  0.119062500000000E+001 -0.129821192097219E+005  0.447356282584889E+003  0.519578758147538E+005 -0.110893660951120E+004 -0.303027878884153E+005  0.194948042319919E+004  0.100000000000000E+001  0.000000000000000E+000  0.000000000000000E+000  0.000000000000000E+000  0.100000000000000E+001  0.000000000000000E+000  0.000000000000000E+000  0.000000000000000E+000  0.100000000000000E+001  0.590000000000000E+001  0.000000000000000E+000 -0.500000000000000E+000
  0.119375000000000E+001 -0.129983053444931E+005  0.458201801255519E+003  0.519913959251781E+005 -0.102951659415462E+004 -0.303389358026051E+005  0.205564557724031E+004  0.100000000000000E+001  0.000000000000000E+000  0.000000000000000E+000  0.000000000000000E+000  0.100000000000000E+001  0.000000000000000E+000  0.000000000000000E+000  0.000000000000000E+000  0.100000000000000E+001  0.590000000000000E+001  0.000000000000000E+000 -0.500000000000000E+000
  0.119687500000000E+001 -0.130331466759718E+005  0.215108981694487E+003  0.522983886485120E+005 -0.417067427280976E+003 -0.315533647365700E+005  0.102224004535840E+004  0.100000000000000E+001  0.000000000000000E+000  0.000000000000000E+000  0.000000000000000E+000  0.100000000000000E+001  0.000000000000000E+000  0.000000000000000E+000  0.000000000000000E+000  0.100000000000000E+001  0.590000000000000E+001  0.000000000000000E+000 -0.500000000000000E+000
  0.120000000000000E+001 -0.130826240333770E+005  0.363178764942686E+002  0.525535053708461E+005  0.790597011161653E+002 -0.325140388174083E+005  0.248982955891145E+003  0.100000000000000E+001  0.000000000000000E+000  0.000000000000000E+000  0.000000000000000E+000  0.100000000000000E+001  0.000000000000000E+000  0.000000000000000E+000  0.000000000000000E+000  0.100000000000000E+001  0.590000000000000E+001  0.000000000000000E+000 -0.500000000000000E+000
  0.120312500000000E+001 -0.131422170936314E+005 -0.230151569365281E+003  0.527403109034726E+005  0.820623097175760E+003 -0.333224274580619E+005 -0.939286846961595E+003  0.100000000000000E+001  0.000000000000000E+000  0.000000000000000E+000  0.000000000000000E+000  0.100000000000000E+001  0.000000000000000E+000  0.000000000000000E+000  0.000000000000000E+000  0.100000000000000E+001  0.590000000000000E+001  0.000000000000000E+000 -0.500000000000000E+000
  0.120625000000000E+001 -0.131994011651835E+005 -0.369979346784218E+003  0.528738639446418E+005  0.109324508121471E+004 -0.339318562480266E+005 -0.155084051014306E+004  0.100000000000000E+001  0.000000000000000E+000  0.000000000000000E+000  0.000000000000000E+000  0.100000000000000E+001  0.000000000000000E+000  0.000000000000000E+000  0.000000000000000E+000  0.100000000000000E+001  0.590000000000000E+001  0.000000000000000E+000 -0.500000000000000E+000
  0.120937500000000E+001 -0.132387186498448E+005 -0.440218124815770E+003  0.529330073071608E+005  0.129156342570206E+004 -0.341648492011535E+005 -0.187667220777806E+004  0.100000000000000E+001  0.000000000000000E+000  0.000000000000000E+000  0.000000000000000E+000  0.100000000000000E+001  0.000000000000000E+000  0.000000000000000E+000  0.000000000000000E+000  0.100000000000000E+001  0.590000000000000E+001  0.000000000000000E+000 -0.500000000000000E+000
  0.121250000000000E+001 -0.132406211645667E+005 -0.421921275573460E+003  0.528168662903217E+005  0.106465150544297E+004 -0.339453061241693E+005 -0.184905487486571E+004  0.100000000000000E+001  0.000000000000000E+000  0.000000000000000E+000  0.000000000000000E+000  0.100000000000000E+001  0.000000000000000E+000  0.000000000000000E+000  0.000000000000000E+000  0.100000000000000E+001  0.590000000000000E+001  0.000000000000000E+000 -0.500000000000000E+000
  0.121562500000000E+001 -0.132329687509885E+005 -0.288811307973950E+003  0.528153101756784E+005  0.567693057861023E+003 -0.337402402235081E+005 -0.137988215873365E+004  0.100000000000000E+001  0.000000000000000E+000  0.000000000000000E+000  0.000000000000000E+000  0.100000000000000E+001  0.000000000000000E+000  0.000000000000000E+000  0.000000000000000E+000  0.100000000000000E+001  0.590000000000000E+001  0.000000000000000E+000 -0.500000000000000E+000
  0.121875000000000E+001 -0.132542149179270E+005 -0.744200889011154E+000  0.527060965109236E+005 -0.159020180030617E+003 -0.329678083497608E+005 -0.147242353571201E+002  0.100000000000000E+001  0.000000000000000E+000  0.000000000000000E+000  0.000000000000000E+000  0.100000000000000E+001  0.000000000000000E+000  0.000000000000000E+000  0.000000000000000E+000  0.100000000000000E+001  0.590000000000000E+001  0.000000000000000E+000 -0.500000000000000E+000
  0.122187500000000E+001 -0.132470843272999E+005  0.204804653615048E+003  0.526451071316189E+005 -0.849427049378048E+003 -0.324832108200646E+005  0.947674667006673E+003  0.100000000000000E+001  0.000000000000000E+000  0.000000000000000E+000  0.000000000000000E+000  0.100000000000000E+001  0.000000000000000E+000  0.000000000000000E+000  0.000000000000000E+000  0.100000000000000E+001  0.590000000000000E+001  0.000000000000000E+000 -0.500000000000000E+000
  0.122500000000000E+001 -0.132101031792642E+005  0.430132867548360E+003  0.524668312361244E+005 -0.141269402528140E+004 -0.317034866018842E+005  0.187194211106037E+004  0.100000000000000E+001  0.000000000000000E+000  0.000000000000000E+000  0.000000000000000E+000  0.100000000000000E+001  0.000000000000000E+000  0.000000000000000E+000  0.000000000000000E+000  0.100000000000000E+001  0.590000000000000E+001  0.000000000000000E+000 -0.500000000000000E+000
  0.122812500000000E+001 -0.132020444064279E+005  0.440517556853703E+003  0.524074427115819E+005 -0.136088370497257E+004 -0.314016626881083E+005  0.194468119512185E+004  0.100000000000000E+001  0.000000000000000E+000  0.000000000000000E+000  0.000000000000000E+000  0.100000000000000E+001  0.000000000000000E+000  0.000000000000000E+000  0.000000000000000E+000  0.100000000000000E+001  0.590000000000000E+001  0.000000000000000E+000 -0.500000000000000E+000
  0.123125000000000E+001 -0.132144525557293E+005  0.161735272383721E+003  0.525488669674544E+005 -0.641905846153523E+003 -0.321384412056481E+005  0.690780005367388E+003  0.100000000000000E+001  0.000000000000000E+000  0.000000000000000E+000  0.000000000000000E+000  0.100000000000000E+001  0.000000000000000E+000  0.000000000000000E+000  0.000000000000000E+000  0.100000000000000E+001  0.590000000000000E+001  0.000000000000000E+000 -0.500000000000000E+000
  0.123437500000000E+001 -0.132479539531745E+005  0.803384826648116E+002  0.527785231763654E+005 -0.464490377119622E+003 -0.329860721216412E+005  0.297416699915713E+003  0.100000000000000E+001  0.000000000000000E+000  0.000000000000000E+000  0.000000000000000E+000  0.100000000000000E+001  0.000000000000000E+000  0.000000000000000E+000  0.000000000000000E+000  0.100000000000000E+001  0.590000000000000E+001  0.000000000000000E+000 -0.500000000000000E+000
  0.123750000000000E+001 -0.132686669745421E+005 -0.197457993761335E+003  0.528653837752754E+005  0.464609331046668E+003 -0.332330794835344E+005 -0.872448576721917E+003  0.100000000000000E+001  0.000000000000000E+000  0.000000000000000E+000  0.000000000000000E+000  0.100000000000000E+001  0.000000000000000E+000  0.000000000000000E+000  0.000000000000000E+000  0.100000000000000E+001  0.590000000000000E+001  0.000000000000000E+000 -0.500000000000000E+000
  0.124062500000000E+001 -0.132713101939664E+005 -0.510345793172413E+003  0.528099062285904E+005  0.127327066093845E+004 -0.332552343269207E+005 -0.216485744244678E+004  0.100000000000000E+001  0.000000000000000E+000  0.000000000000000E+000  0.000000000000000E+000  0.100000000000000E+001  0.000000000000000E+000  0.000000000000000E+000  0.000000000000000E+000  0.100000000000000E+001  0.590000000000000E+001  0.000000000000000E+000 -0.500000000000000E+000
  0.124375000000000E+001 -0.132429454778320E+005 -0.794002931456087E+003  0.526549984164797E+005  0.189978903972177E+004 -0.325823937516227E+005 -0.337708918014756E+004  0.100000000000000E+001  0.000000000000000E+000  0.000000000000000E+000  0.000000000000000E+000  0.100000000000000E+001  0.000000000000000E+000  0.000000000000000E+000  0.000000000000000E+000  0.100000000000000E+001  0.590000000000000E+001  0.000000000000000E+000 -0.500000000000000E+000
  0.124687500000000E+001 -0.132080782299548E+005 -0.939388766261343E+003  0.524775723948636E+005  0.232926640692551E+004 -0.321152610039212E+005 -0.402433152095332E+004  0.100000000000000E+001  0.000000000000000E+000  0.000000000000000E+000  0.000000000000000E+000  0.100000000000000E+001  0.000000000000000E+000  0.000000000000000E+000  0.000000000000000E+000  0.100000000000000E+001  0.590000000000000E+001  0.000000000000000E+000 -0.500000000000000E+000
  0.125000000000000E+001 -0.132111832058365E+005 -0.700036228490329E+003  0.526208388079040E+005  0.150085488245735E+004 -0.322175309584868E+005 -0.300492232223298E+004  0.100000000000000E+001  0.000000000000000E+000  0.000000000000000E+000  0.000000000000000E+000  0.100000000000000E+001  0.000000000000000E+000  0.000000000000000E+000  0.000000000000000E+000  0.100000000000000E+001  0.590000000000000E+001  0.000000000000000E+000 -0.500000000000000E+000
  0.125312500000000E+001 -0.131726324744621E+005 -0.262118930181976E+003  0.524492322154900E+005  0.142557195397980E+003 -0.314778075179112E+005 -0.114513852880204E+004  0.100000000000000E+001  0.000000000000000E+000  0.000000000000000E+000  0.000000000000000E+000  0.100000000000000E+001  0.000000000000000E+000  0.000000000000000E+000  0.000000000000000E+000  0.100000000000000E+001  0.590000000000000E+001  0.000000000000000E+000 -0.500000000000000E+000
  0.125625000000000E+001 -0.131482916510647E+005  0.135248233673361E+003  0.523769899272690E+005 -0.879919512491619E+003 -0.307296834308503E+005  0.561772128991704E+003  0.100000000000000E+001  0.000000000000000E+000  0.000000000000000E+000  0.000000000000000E+000  0.100000000000000E+001  0.000000000000000E+000  0.000000000000000E+000  0.000000000000000E+000  0.100000000000000E+001  0.590000000000000E+001  0.000000000000000E+000 -0.500000000000000E+000
  0.125937500000000E+001 -0.131148000114737E+005  0.491953885460172E+003  0.521550508256060E+005 -0.171539439325040E+004 -0.301958013368636E+005  0.212175466309222E+004  0.100000000000000E+001  0.000000000000000E+000  0.000000000000000E+000  0.000000000000000E+000  0.100000000000000E+001  0.000000000000000E+000  0.000000000000000E+000  0.000000000000000E+000  0.100000000000000E+001  0.590000000000000E+001  0.000000000000000E+000 -0.500000000000000E+000
  0.126250000000000E+001 -0.131324651163565E+005  0.397866624239386E+003  0.523134073753911E+005 -0.130655365851328E+004 -0.306834893025048E+005  0.179036645700403E+004  0.100000000000000E+001  0.000000000000000E+000  0.000000000000000E+000  0.000000000000000E+000  0.100000000000000E+001  0.000000000000000E+000  0.000000000000000E+000  0.000000000000000E+000  0.100000000000000E+001  0.590000000000000E+001  0.000000000000000E+000 -0.500000000000000E+000
  0.126562500000000E+001 -0.131501384603551E+005  0.213261915623297E+003  0.524430543674417E+005 -0.798852585362018E+003 -0.315485666240165E+005  0.103499959483698E+004  0.100000000000000E+001  0.000000000000000E+000  0.000000000000000E+000  0.000000000000000E+000  0.100000000000000E+001  0.000000000000000E+000  0.000000000000000E+000  0.000000000000000E+000  0.100000000000000E+001  0.590000000000000E+001  0.000000000000000E+000 -0.500000000000000E+000
  0.126875000000000E+001 -0.131950950156996E+005 -0.183890843271033E+002  0.527133695402494E+005 -0.738457455804419E+002 -0.323878818706218E+005  0.477821695352459E+002  0.100000000000000E+001  0.000000000000000E+000  0.000000000000000E+000  0.000000000000000E+000  0.100000000000000E+001  0.000000000000000E+000  0.000000000000000E+000  0.000000000000000E+000  0.100000000000000E+001  0.590000000000000E+001  0.000000000000000E+000 -0.500000000000000E+000
  0.127187500000000E+001 -0.132241125747024E+005 -0.261264930369908E+003  0.526743551537592E+005  0.598442096392218E+003 -0.330223356779355E+005 -0.105935280971940E+004  0.100000000000000E+001  0.000000000000000E+000  0.000000000000000E+000  0.000000000000000E+000  0.100000000000000E+001  0.000000000000000E+000  0.000000000000000E+000  0.000000000000000E+000  0.100000000000000E+001  0.590000000000000E+001  0.000000000000000E+000 -0.500000000000000E+000
  0.127500000000000E+001 -0.132612318856320E+005 -0.365361559073434E+003  0.528530691417405E+005  0.757866416635319E+003 -0.334474874852264E+005 -0.153417457281622E+004  0.100000000000000E+001  0.000000000000000E+000  0.000000000000000E+000  0.000000000000000E+000  0.100000000000000E+001  0.000000000000000E+000  0.000000000000000E+000  0.000000000000000E+000  0.100000000000000E+001  0.590000000000000E+001  0.000000000000000E+000 -0.500000000000000E+000
  0.127812500000000E+001 -0.132739812809751E+005 -0.302643043327651E+003  0.528395135758988E+005  0.577665660657553E+003 -0.334385922289646E+005 -0.128280587857685E+004  0.100000000000000E+001  0.000000000000000E+000  0.000000000000000E+000  0.000000000000000E+000  0.100000000000000E+001  0.000000000000000E+000  0.000000000000000E+000  0.000000000000000E+000  0.100000000000000E+001  0.590000000000000E+001  0.000000000000000E+000 -0.500000000000000E+000
  0.128125000000000E+001 -0.132851037619062E+005 -0.247027706277156E+003  0.528829592748221E+005  0.279441654378519E+003 -0.334924871179614E+005 -0.112055175824244E+004  0.100000000000000E+001  0.000000000000000E+000  0.000000000000000E+000  0.000000000000000E+000  0.100000000000000E+001  0.000000000000000E+000  0.000000000000000E+000  0.000000000000000E+000  0.100000000000000E+001  0.590000000000000E+001  0.000000000000000E+000 -0.500000000000000E+000
  0.128437500000000E+001 -0.132693226714673E+005 -0.181722242423509E+003  0.527290345942835E+005  0.192160332294401E+003 -0.330392487775921E+005 -0.888572466070642E+003  0.100000000000000E+001  0.000000000000000E+000  0.000000000000000E+000  0.000000000000000E+000  0.100000000000000E+001  0.000000000000000E+000  0.000000000000000E+000  0.000000000000000E+000  0.100000000000000E+001  0.590000000000000E+001  0.000000000000000E+000 -0.500000000000000E+000
  0.128750000000000E+001 -0.132711770931369E+005  0.117315770781589E+003  0.526133742389676E+005 -0.613324916112319E+003 -0.323026985318605E+005  0.530035757909794E+003  0.100000000000000E+001  0.000000000000000E+000  0.000000000000000E+000  0.000000000000000E+000  0.100000000000000E+001  0.000000000000000E+000  0.000000000000000E+000  0.000000000000000E+000  0.100000000000000E+001  0.590000000000000E+001  0.000000000000000E+000 -0.500000000000000E+000
  0.129062500000000E+001 -0.132812496971903E+005  0.851883125295849E+002  0.526406929417889E+005 -0.560147150405072E+003 -0.323351956713992E+005  0.497438477326320E+003  0.100000000000000E+001  0.000000000000000E+000  0.000000000000000E+000  0.000000000000000E+000  0.100000000000000E+001  0.000000000000000E+000  0.000000000000000E+000  0.000000000000000E+000  0.100000000000000E+001  0.590000000000000E+001  0.000000000000000E+000 -0.500000000000000E+000
  0.129375000000000E+001 -0.132929581436072E+005  0.393142766770984E+002  0.526874187971187E+005 -0.458983208740637E+003 -0.324685982551050E+005  0.369683974111703E+003  0.100000000000000E+001  0.000000000000000E+000  0.000000000000000E+000  0.000000000000000E+000  0.100000000000000E+001  0.000000000000000E+000  0.000000000000000E+000  0.000000000000000E+000  0.100000000000000E+001  0.590000000000000E+001  0.000000000000000E+000 -0.500000000000000E+000
  0.129687500000000E+001 -0.132909723194773E+005 -0.114184821642038E+003  0.526841966404466E+005  0.316576577526394E+001 -0.326156043784048E+005 -0.300875047054389E+003  0.100000000000000E+001  0.000000000000000E+000  0.000000000000000E+000  0.000000000000000E+000  0.100000000000000E+001  0.000000000000000E+000  0.000000000000000E+000  0.000000000000000E+000  0.100000000000000E+001  0.590000000000000E+001  0.000000000000000E+000 -0.500000000000000E+000
  0.130000000000000E+001 -0.132912188162979E+005 -0.237695520628067E+003  0.527720548058670E+005  0.296871581379241E+003 -0.330794300987915E+005 -0.915269805846007E+003  0.100000000000000E+001  0.000000000000000E+000  0.000000000000000E+000  0.000000000000000E+000  0.100000000000000E+001  0.000000000000000E+000  0.000000000000000E+000  0.000000000000000E+000  0.100000000000000E+001  0.590000000000000E+001  0.000000000000000E+000 -0.500000000000000E+000
  0.130312500000000E+001 -0.132913821313173E+005 -0.329792525407172E+003  0.527927837026868E+005  0.549375467408146E+003 -0.332723155538464E+005 -0.135807453675048E+004  0.100000000000000E+001  0.000000000000000E+000  0.000000000000000E+000  0.000000000000000E+000  0.100000000000000E+001  0.000000000000000E+000  0.000000000000000E+000  0.000000000000000E+000  0.100000000000000E+001  0.590000000000000E+001  0.000000000000000E+000 -0.500000000000000E+000
  0.130625000000000E+001 -0.133007182866184E+005 -0.370520392962972E+003  0.529060393734302E+005  0.615849919293864E+003 -0.335231397142473E+005 -0.156571556779862E+004  0.100000000000000E+001  0.000000000000000E+000  0.000000000000000E+000  0.000000000000000E+000  0.100000000000000E+001  0.000000000000000E+000  0.000000000000000E+000  0.000000000000000E+000  0.100000000000000E+001  0.590000000000000E+001  0.000000000000000E+000 -0.500000000000000E+000
  0.130937500000000E+001 -0.133168989800282E+005 -0.403856163900997E+003  0.529473288257694E+005  0.671514910431827E+003 -0.335802216095775E+005 -0.168111805123589E+004  0.100000000000000E+001  0.000000000000000E+000  0.000000000000000E+000  0.000000000000000E+000  0.100000000000000E+001  0.000000000000000E+000  0.000000000000000E+000  0.000000000000000E+000  0.100000000000000E+001  0.590000000000000E+001  0.000000000000000E+000 -0.500000000000000E+000
  0.131250000000000E+001 -0.132919981063563E+005 -0.234093548707349E+003  0.528627872172500E+005  0.152258340777082E+003 -0.333377026374272E+005 -0.101704930321373E+004  0.100000000000000E+001  0.000000000000000E+000  0.000000000000000E+000  0.000000000000000E+000  0.100000000000000E+001  0.000000000000000E+000  0.000000000000000E+000  0.000000000000000E+000  0.100000000000000E+001  0.590000000000000E+001  0.000000000000000E+000 -0.500000000000000E+000
  0.131562500000000E+001 -0.132721577327399E+005  0.551767525821542E+002  0.527752576527684E+005 -0.585124660836475E+003 -0.328545746972622E+005  0.872199790370414E+002  0.100000000000000E+001  0.000000000000000E+000  0.000000000000000E+000  0.000000000000000E+000  0.100000000000000E+001  0.000000000000000E+000  0.000000000000000E+000  0.000000000000000E+000  0.100000000000000E+001  0.590000000000000E+001  0.000000000000000E+000 -0.500000000000000E+000
  0.131875000000000E+001 -0.132089694568701E+005  0.190335617259137E+003  0.524678768899839E+005 -0.760879740739038E+003 -0.319301516140119E+005  0.594064572233526E+003  0.100000000000000E+001  0.000000000000000E+000  0.000000000000000E+000  0.000000000000000E+000  0.100000000000000E+001  0.000000000000000E+000  0.000000000000000E+000  0.000000000000000E+000  0.100000000000000E+001  0.590000000000000E+001  0.000000000000000E+000 -0.500000000000000E+000
  0.132187500000000E+001 -0.131685600986047E+005  0.515433081988654E+002  0.523029901203685E+005 -0.358764732529423E+003 -0.311509058638343E+005  0.710828455470355E+002  0.100000000000000E+001  0.000000000000000E+000  0.000000000000000E+000  0.000000000000000E+000  0.100000000000000E+001  0.000000000000000E+000  0.000000000000000E+000  0.000000000000000E+000  0.100000000000000E+001  0.590000000000000E+001  0.000000000000000E+000 -0.500000000000000E+000
  0.132500000000000E+001 -0.131416058462413E+005 -0.329944568707860E+003  0.523214256957082E+005  0.605672390612827E+003 -0.310021403920996E+005 -0.143208483577983E+004  0.100000000000000E+001  0.000000000000000E+000  0.000000000000000E+000  0.000000000000000E+000  0.100000000000000E+001  0.000000000000000E+000  0.000000000000000E+000  0.000000000000000E+000  0.100000000000000E+001  0.590000000000000E+001  0.000000000000000E+000 -0.500000000000000E+000
  0.132812500000000E+001 -0.131468393273518E+005 -0.598073108985656E+003  0.524205994095738E+005  0.134059555438577E+004 -0.312378452456397E+005 -0.252583194785290E+004  0.100000000000000E+001  0.000000000000000E+000  0.000000000000000E+000  0.000000000000000E+000  0.100000000000000E+001  0.000000000000000E+000  0.000000000000000E+000  0.000000000000000E+000  0.100000000000000E+001  0.590000000000000E+001  0.000000000000000E+000 -0.500000000000000E+000
  0.133125000000000E+001 -0.131728622327264E+005 -0.715793299586127E+003  0.526053452305785E+005  0.167074861130839E+004 -0.319335876187694E+005 -0.303437467259119E+004  0.100000000000000E+001  0.000000000000000E+000  0.000000000000000E+000  0.000000000000000E+000  0.100000000000000E+001  0.000000000000000E+000  0.000000000000000E+000  0.000000000000000E+000  0.100000000000000E+001  0.590000000000000E+001  0.000000000000000E+000 -0.500000000000000E+000
  0.133437500000000E+001 -0.132063023415918E+005 -0.812506794820824E+003  0.526405412727790E+005  0.197848392384434E+004 -0.323225243231778E+005 -0.344606963198517E+004  0.100000000000000E+001  0.000000000000000E+000  0.000000000000000E+000  0.000000000000000E+000  0.100000000000000E+001  0.000000000000000E+000  0.000000000000000E+000  0.000000000000000E+000  0.100000000000000E+001  0.590000000000000E+001  0.000000000000000E+000 -0.500000000000000E+000
  0.133750000000000E+001 -0.132234026636865E+005 -0.668782491639841E+003  0.527240776551317E+005  0.149168753295882E+004 -0.327709750662173E+005 -0.286182509577444E+004  0.100000000000000E+001  0.000000000000000E+000  0.000000000000000E+000  0.000000000000000E+000  0.100000000000000E+001  0.000000000000000E+000  0.000000000000000E+000  0.000000000000000E+000  0.100000000000000E+001  0.590000000000000E+001  0.000000000000000E+000 -0.500000000000000E+000
  0.134062500000000E+001 -0.132370321874743E+005 -0.491490415886180E+003  0.527066770110592E+005  0.820181326442398E+003 -0.327453003320226E+005 -0.211081333515494E+004  0.100000000000000E+001  0.000000000000000E+000  0.000000000000000E+000  0.000000000000000E+000  0.100000000000000E+001  0.000000000000000E+000  0.000000000000000E+000  0.000000000000000E+000  0.100000000000000E+001  0.590000000000000E+001  0.000000000000000E+000 -0.500000000000000E+000
  0.134375000000000E+001 -0.132279140615038E+005 -0.601810457109432E+002  0.526640055303995E+005 -0.365545877341780E+003 -0.323845154471121E+005 -0.255091014820106E+003  0.100000000000000E+001  0.000000000000000E+000  0.000000000000000E+000  0.000000000000000E+000  0.100000000000000E+001  0.000000000000000E+000  0.000000000000000E+000  0.000000000000000E+000  0.100000000000000E+001  0.590000000000000E+001  0.000000000000000E+000 -0.500000000000000E+000
  0.134687500000000E+001 -0.132049031439805E+005  0.314316594895532E+003  0.524392543364608E+005 -0.127991030208546E+004 -0.314756161326462E+005  0.140985026849335E+004  0.100000000000000E+001  0.000000000000000E+000  0.000000000000000E+000  0.000000000000000E+000  0.100000000000000E+001  0.000000000000000E+000  0.000000000000000E+000  0.000000000000000E+000  0.100000000000000E+001  0.590000000000000E+001  0.000000000000000E+000 -0.500000000000000E+000
  0.135000000000000E+001 -0.131621609292427E+005  0.527945172845903E+003  0.522568709138201E+005 -0.166378328287499E+004 -0.309278419722326E+005  0.232719728089724E+004  0.100000000000000E+001  0.000000000000000E+000  0.000000000000000E+000  0.000000000000000E+000  0.100000000000000E+001  0.000000000000000E+000  0.000000000000000E+000  0.000000000000000E+000  0.100000000000000E+001  0.590000000000000E+001  0.000000000000000E+000 -0.500000000000000E+000
  0.135312500000000E+001 -0.131607048688843E+005  0.422689859975027E+003  0.523228558748261E+005 -0.126135516218390E+004 -0.309717097534150E+005  0.187691274069104E+004  0.100000000000000E+001  0.000000000000000E+000  0.000000000000000E+000  0.000000000000000E+000  0.100000000000000E+001  0.000000000000000E+000  0.000000000000000E+000  0.000000000000000E+000  0.100000000000000E+001  0.590000000000000E+001  0.000000000000000E+000 -0.500000000000000E+000
  0.135625000000000E+001 -0.131639109577666E+005  0.316620302180977E+003  0.524170344553669E+005 -0.107693718577483E+004 -0.317405073973644E+005  0.141750435421013E+004  0.100000000000000E+001  0.000000000000000E+000  0.000000000000000E+000  0.000000000000000E+000  0.100000000000000E+001  0.000000000000000E+000  0.000000000000000E+000  0.000000000000000E+000  0.100000000000000E+001  0.590000000000000E+001  0.000000000000000E+000 -0.500000000000000E+000
  0.135937500000000E+001 -0.132045214680010E+005 -0.400474589912346E+002  0.527269444943112E+005 -0.699966449113035E+002 -0.326289517548886E+005 -0.174805635859647E+003  0.100000000000000E+001  0.000000000000000E+000  0.000000000000000E+000  0.000000000000000E+000  0.100000000000000E+001  0.000000000000000E+000  0.000000000000000E+000  0.000000000000000E+000  0.100000000000000E+001  0.590000000000000E+001  0.000000000000000E+000 -0.500000000000000E+000
  0.136250000000000E+001 -0.132482997416310E+005 -0.236197156669237E+003  0.528632731301450E+005  0.481087038535749E+003 -0.333141312598135E+005 -0.102801272805163E+004  0.100000000000000E+001  0.000000000000000E+000  0.000000000000000E+000  0.000000000000000E+000  0.100000000000000E+001  0.000000000000000E+000  0.000000000000000E+000  0.000000000000000E+000  0.100000000000000E+001  0.590000000000000E+001  0.000000000000000E+000 -0.500000000000000E+000
  0.136562500000000E+001 -0.132768532619070E+005 -0.336452545005896E+003  0.527960659117388E+005  0.699007770182670E+003 -0.333115287324288E+005 -0.145216252523461E+004  0.100000000000000E+001  0.000000000000000E+000  0.000000000000000E+000  0.000000000000000E+000  0.100000000000000E+001  0.000000000000000E+000  0.000000000000000E+000  0.000000000000000E+000  0.100000000000000E+001  0.590000000000000E+001  0.000000000000000E+000 -0.500000000000000E+000
  0.136875000000000E+001 -0.132988459901119E+005 -0.431678803877306E+003  0.528584830879014E+005  0.983284230275607E+003 -0.337314097117758E+005 -0.188700935186134E+004  0.100000000000000E+001  0.000000000000000E+000  0.000000000000000E+000  0.000000000000000E+000  0.100000000000000E+001  0.000000000000000E+000  0.000000000000000E+000  0.000000000000000E+000  0.100000000000000E+001  0.590000000000000E+001  0.000000000000000E+000 -0.500000000000000E+000
  0.137187500000000E+001 -0.133012036607155E+005 -0.445033572226932E+003  0.528327311111905E+005  0.948640461812769E+003 -0.337628018804989E+005 -0.199961407946992E+004  0.100000000000000E+001  0.000000000000000E+000  0.000000000000000E+000  0.000000000000000E+000  0.100000000000000E+001  0.000000000000000E+000  0.000000000000000E+000  0.000000000000000E+000  0.100000000000000E+001  0.590000000000000E+001  0.000000000000000E+000 -0.500000000000000E+000
  0.137500000000000E+001 -0.132934541738140E+005 -0.242977341756377E+003  0.527603371217954E+005  0.206367449255396E+003 -0.331628374744206E+005 -0.112021166211416E+004  0.100000000000000E+001  0.000000000000000E+000  0.000000000000000E+000  0.000000000000000E+000  0.100000000000000E+001  0.000000000000000E+000  0.000000000000000E+000  0.000000000000000E+000  0.100000000000000E+001  0.590000000000000E+001  0.000000000000000E+000 -0.500000000000000E+000
  0.137812500000000E+001 -0.132892783986067E+005 -0.590397386424456E+001  0.526330211032693E+005 -0.503865340489785E+003 -0.325699513073705E+005  0.305586409383923E+002  0.100000000000000E+001  0.000000000000000E+000  0.000000000000000E+000  0.000000000000000E+000  0.100000000000000E+001  0.000000000000000E+000  0.000000000000000E+000  0.000000000000000E+000  0.100000000000000E+001  0.590000000000000E+001  0.000000000000000E+000 -0.500000000000000E+000
  0.138125000000000E+001 -0.132578719267320E+005  0.220200894403401E+003  0.526119201509693E+005 -0.113166800867292E+004 -0.321843774705033E+005  0.100093418257304E+004  0.100000000000000E+001  0.000000000000000E+000  0.000000000000000E+000  0.000000000000000E+000  0.100000000000000E+001  0.000000000000000E+000  0.000000000000000E+000  0.000000000000000E+000  0.100000000000000E+001  0.590000000000000E+001  0.000000000000000E+000 -0.500000000000000E+000
  0.138437500000000E+001 -0.132291756699295E+005  0.182134892665136E+003  0.523744547967391E+005 -0.800108321740740E+003 -0.315642612534831E+005  0.871461033829969E+003  0.100000000000000E+001  0.000000000000000E+000  0.000000000000000E+000  0.000000000000000E+000  0.100000000000000E+001  0.000000000000000E+000  0.000000000000000E+000  0.000000000000000E+000  0.100000000000000E+001  0.590000000000000E+001  0.000000000000000E+000 -0.500000000000000E+000
  0.138750000000000E+001 -0.132423660043770E+005  0.977933892506148E+002  0.526396555951698E+005 -0.600017461498511E+003 -0.322364522586302E+005  0.493013714389193E+003  0.100000000000000E+001  0.000000000000000E+000  0.000000000000000E+000  0.000000000000000E+000  0.100000000000000E+001  0.000000000000000E+000  0.000000000000000E+000  0.000000000000000E+000  0.100000000000000E+001  0.590000000000000E+001  0.000000000000000E+000 -0.500000000000000E+000
  0.139062500000000E+001 -0.132599879902288E+005 -0.122659018368803E+003  0.528336013209851E+005 -0.720581263916210E+001 -0.330106283010601E+005 -0.525083301372518E+003  0.100000000000000E+001  0.000000000000000E+000  0.000000000000000E+000  0.000000000000000E+000  0.100000000000000E+001  0.000000000000000E+000  0.000000000000000E+000  0.000000000000000E+000  0.100000000000000E+001  0.590000000000000E+001  0.000000000000000E+000 -0.500000000000000E+000
  0.139375000000000E+001 -0.132811711088196E+005 -0.264420878072744E+003  0.529138521202629E+005  0.452817781409793E+003 -0.333907997214757E+005 -0.118544851922223E+004  0.100000000000000E+001  0.000000000000000E+000  0.000000000000000E+000  0.000000000000000E+000  0.100000000000000E+001  0.000000000000000E+000  0.000000000000000E+000  0.000000000000000E+000  0.100000000000000E+001  0.590000000000000E+001  0.000000000000000E+000 -0.500000000000000E+000
  0.139687500000000E+001 -0.133223043120805E+005 -0.311945323078098E+003  0.529911319270555E+005  0.723604937646068E+003 -0.338238656305061E+005 -0.144422001366018E+004  0.100000000000000E+001  0.000000000000000E+000  0.000000000000000E+000  0.000000000000000E+000  0.100000000000000E+001  0.000000000000000E+000  0.000000000000000E+000  0.000000000000000E+000  0.100000000000000E+001  0.590000000000000E+001  0.000000000000000E+000 -0.500000000000000E+000
  0.140000000000000E+001 -0.133363024056730E+005 -0.392409963647717E+003  0.529486316759522E+005  0.923248600629970E+003 -0.337133077205463E+005 -0.173955350470931E+004  0.100000000000000E+001  0.000000000000000E+000  0.000000000000000E+000  0.000000000000000E+000  0.100000000000000E+001  0.000000000000000E+000  0.000000000000000E+000  0.000000000000000E+000  0.100000000000000E+001  0.590000000000000E+001  0.000000000000000E+000 -0.500000000000000E+000

