 # Integral loads: N.components: 2
 #                 Ref.sys     : Stability
 #                 Components  : wing_right , wing_left
 #  t , Fx , Fy , Fz , Mx , My , Mz , ref_mat(9) , ref_off(3) 
  0.100000000000000E+001  0.105985255513726E+004 -0.190894638762984E-005  0.430214687882051E+005  0.288858427666128E-005 -0.143813232947409E+005  0.228789110678917E-005  0.100000000000000E+001  0.000000000000000E+000  0.000000000000000E+000  0.000000000000000E+000  0.100000000000000E+001  0.000000000000000E+000  0.000000000000000E+000  0.000000000000000E+000  0.100000000000000E+001  0.590000000000000E+001  0.000000000000000E+000 -0.500000000000000E+000
  0.100312500000000E+001 -0.843398076107170E+003 -0.464605705019494E-006  0.142990144457704E+005 -0.824347807792947E-006 -0.584276985109097E+004  0.606819867243757E-006  0.100000000000000E+001  0.000000000000000E+000  0.000000000000000E+000  0.000000000000000E+000  0.100000000000000E+001  0.000000000000000E+000  0.000000000000000E+000  0.000000000000000E+000  0.100000000000000E+001  0.590000000000000E+001  0.000000000000000E+000 -0.500000000000000E+000
  0.100625000000000E+001 -0.900556156968510E+003 -0.435376477980753E-006  0.133553049017978E+005 -0.127532985061407E-006 -0.446457723545921E+004  0.611643372394610E-006  0.100000000000000E+001  0.000000000000000E+000  0.000000000000000E+000  0.000000000000000E+000  0.100000000000000E+001  0.000000000000000E+000  0.000000000000000E+000  0.000000000000000E+000  0.100000000000000E+001  0.590000000000000E+001  0.000000000000000E+000 -0.500000000000000E+000
  0.100937500000000E+001 -0.949481839146223E+003 -0.434703224527766E-006  0.132758077416345E+005  0.104788341559470E-006 -0.411254632392557E+004  0.658612634651945E-006  0.100000000000000E+001  0.000000000000000E+000  0.000000000000000E+000  0.000000000000000E+000  0.100000000000000E+001  0.000000000000000E+000  0.000000000000000E+000  0.000000000000000E+000  0.100000000000000E+001  0.590000000000000E+001  0.000000000000000E+000 -0.500000000000000E+000
  0.101250000000000E+001 -0.990721592798238E+003 -0.440784333477495E-006  0.134056424647710E+005  0.264193658949807E-006 -0.405881264898030E+004  0.719677473171032E-006  0.100000000000000E+001  0.000000000000000E+000  0.000000000000000E+000  0.000000000000000E+000  0.100000000000000E+001  0.000000000000000E+000  0.000000000000000E+000  0.000000000000000E+000  0.100000000000000E+001  0.590000000000000E+001  0.000000000000000E+000 -0.500000000000000E+000
  0.101562500000000E+001 -0.102573307784027E+004 -0.452866061095847E-006  0.135622663452583E+005  0.432119122706354E-006 -0.407386920472263E+004  0.792493892731727E-006  0.100000000000000E+001  0.000000000000000E+000  0.000000000000000E+000  0.000000000000000E+000  0.100000000000000E+001  0.000000000000000E+000  0.000000000000000E+000  0.000000000000000E+000  0.100000000000000E+001  0.590000000000000E+001  0.000000000000000E+000 -0.500000000000000E+000
  0.101875000000000E+001 -0.105560188035200E+004 -0.469711608275247E-006  0.137090505906206E+005  0.690433807903901E-006 -0.410343096184025E+004  0.880176685313927E-006  0.100000000000000E+001  0.000000000000000E+000  0.000000000000000E+000  0.000000000000000E+000  0.100000000000000E+001  0.000000000000000E+000  0.000000000000000E+000  0.000000000000000E+000  0.100000000000000E+001  0.590000000000000E+001  0.000000000000000E+000 -0.500000000000000E+000
  0.102187500000000E+001 -0.108120868133908E+004 -0.498532585879730E-006  0.138407953844443E+005  0.103175261756405E-005 -0.413569653086027E+004  0.993471530819079E-006  0.100000000000000E+001  0.000000000000000E+000  0.000000000000000E+000  0.000000000000000E+000  0.100000000000000E+001  0.000000000000000E+000  0.000000000000000E+000  0.000000000000000E+000  0.100000000000000E+001  0.590000000000000E+001  0.000000000000000E+000 -0.500000000000000E+000
  0.102500000000000E+001 -0.110327782883357E+004 -0.534925675310660E-006  0.139577847183383E+005  0.121255288831890E-005 -0.416752060676633E+004  0.110978271550266E-005  0.100000000000000E+001  0.000000000000000E+000  0.000000000000000E+000  0.000000000000000E+000  0.100000000000000E+001  0.000000000000000E+000  0.000000000000000E+000  0.000000000000000E+000  0.100000000000000E+001  0.590000000000000E+001  0.000000000000000E+000 -0.500000000000000E+000
  0.102812500000000E+001 -0.112241449167306E+004 -0.567070060242258E-006  0.140613347853701E+005  0.129206455312669E-005 -0.419783116023448E+004  0.120924573820957E-005  0.100000000000000E+001  0.000000000000000E+000  0.000000000000000E+000  0.000000000000000E+000  0.100000000000000E+001  0.000000000000000E+000  0.000000000000000E+000  0.000000000000000E+000  0.100000000000000E+001  0.590000000000000E+001  0.000000000000000E+000 -0.500000000000000E+000
  0.103125000000000E+001 -0.113910422628496E+004 -0.593135041526693E-006  0.141528706202909E+005  0.135849768412299E-005 -0.422614323132226E+004  0.129304794427298E-005  0.100000000000000E+001  0.000000000000000E+000  0.000000000000000E+000  0.000000000000000E+000  0.100000000000000E+001  0.000000000000000E+000  0.000000000000000E+000  0.000000000000000E+000  0.100000000000000E+001  0.590000000000000E+001  0.000000000000000E+000 -0.500000000000000E+000
  0.103437500000000E+001 -0.115372687175360E+004 -0.613464749221748E-006  0.142337999250505E+005  0.144012665259652E-005 -0.425224323771179E+004  0.136590688271099E-005  0.100000000000000E+001  0.000000000000000E+000  0.000000000000000E+000  0.000000000000000E+000  0.100000000000000E+001  0.000000000000000E+000  0.000000000000000E+000  0.000000000000000E+000  0.100000000000000E+001  0.590000000000000E+001  0.000000000000000E+000 -0.500000000000000E+000
  0.103750000000000E+001 -0.116658987844638E+004 -0.628196858087904E-006  0.143054656327692E+005  0.157850445248187E-005 -0.427607946928579E+004  0.143311399369850E-005  0.100000000000000E+001  0.000000000000000E+000  0.000000000000000E+000  0.000000000000000E+000  0.100000000000000E+001  0.000000000000000E+000  0.000000000000000E+000  0.000000000000000E+000  0.100000000000000E+001  0.590000000000000E+001  0.000000000000000E+000 -0.500000000000000E+000
  0.104062500000000E+001 -0.117794953381789E+004 -0.638388769402809E-006  0.143692151180506E+005  0.180242204805836E-005 -0.429774864253096E+004  0.150066261994652E-005  0.100000000000000E+001  0.000000000000000E+000  0.000000000000000E+000  0.000000000000000E+000  0.100000000000000E+001  0.000000000000000E+000  0.000000000000000E+000  0.000000000000000E+000  0.100000000000000E+001  0.590000000000000E+001  0.000000000000000E+000 -0.500000000000000E+000
  0.104375000000000E+001 -0.118804026412721E+004 -0.634259095022571E-006  0.144266902153189E+005  0.206135155167431E-005 -0.431759196269365E+004  0.155726547745871E-005  0.100000000000000E+001  0.000000000000000E+000  0.000000000000000E+000  0.000000000000000E+000  0.100000000000000E+001  0.000000000000000E+000  0.000000000000000E+000  0.000000000000000E+000  0.100000000000000E+001  0.590000000000000E+001  0.000000000000000E+000 -0.500000000000000E+000
  0.104687500000000E+001 -0.119706299805090E+004 -0.610966139902303E-006  0.144789669706616E+005  0.240547524299473E-005 -0.433582132189415E+004  0.160639979185362E-005  0.100000000000000E+001  0.000000000000000E+000  0.000000000000000E+000  0.000000000000000E+000  0.100000000000000E+001  0.000000000000000E+000  0.000000000000000E+000  0.000000000000000E+000  0.100000000000000E+001  0.590000000000000E+001  0.000000000000000E+000 -0.500000000000000E+000
  0.105000000000000E+001 -0.120516220388572E+004 -0.587202521273866E-006  0.145264110087155E+005  0.293133416562341E-005 -0.435246066426763E+004  0.167332450473623E-005  0.100000000000000E+001  0.000000000000000E+000  0.000000000000000E+000  0.000000000000000E+000  0.100000000000000E+001  0.000000000000000E+000  0.000000000000000E+000  0.000000000000000E+000  0.100000000000000E+001  0.590000000000000E+001  0.000000000000000E+000 -0.500000000000000E+000
  0.105312500000000E+001 -0.121246105553669E+004 -0.567832671549695E-006  0.145694717062946E+005  0.346983142662793E-005 -0.436761138036902E+004  0.175229797605425E-005  0.100000000000000E+001  0.000000000000000E+000  0.000000000000000E+000  0.000000000000000E+000  0.100000000000000E+001  0.000000000000000E+000  0.000000000000000E+000  0.000000000000000E+000  0.100000000000000E+001  0.590000000000000E+001  0.000000000000000E+000 -0.500000000000000E+000
  0.105625000000000E+001 -0.121905892519199E+004 -0.552283040633483E-006  0.146085018548081E+005  0.400263161282055E-005 -0.438135171734785E+004  0.183898259820126E-005  0.100000000000000E+001  0.000000000000000E+000  0.000000000000000E+000  0.000000000000000E+000  0.100000000000000E+001  0.000000000000000E+000  0.000000000000000E+000  0.000000000000000E+000  0.100000000000000E+001  0.590000000000000E+001  0.000000000000000E+000 -0.500000000000000E+000
  0.105937500000000E+001 -0.122503915086403E+004 -0.538935296390264E-006  0.146438988589700E+005  0.451260711997747E-005 -0.439379528167357E+004  0.192866559700633E-005  0.100000000000000E+001  0.000000000000000E+000  0.000000000000000E+000  0.000000000000000E+000  0.100000000000000E+001  0.000000000000000E+000  0.000000000000000E+000  0.000000000000000E+000  0.100000000000000E+001  0.590000000000000E+001  0.000000000000000E+000 -0.500000000000000E+000
  0.106250000000000E+001 -0.123047320108855E+004 -0.527024440089008E-006  0.146760611866138E+005  0.498724330100231E-005 -0.440507228951614E+004  0.201782995645772E-005  0.100000000000000E+001  0.000000000000000E+000  0.000000000000000E+000  0.000000000000000E+000  0.100000000000000E+001  0.000000000000000E+000  0.000000000000000E+000  0.000000000000000E+000  0.100000000000000E+001  0.590000000000000E+001  0.000000000000000E+000 -0.500000000000000E+000
  0.106562500000000E+001 -0.123542291024494E+004 -0.516213390255871E-006  0.147053561072879E+005  0.542261113878340E-005 -0.441531130750019E+004  0.210409348255780E-005  0.100000000000000E+001  0.000000000000000E+000  0.000000000000000E+000  0.000000000000000E+000  0.100000000000000E+001  0.000000000000000E+000  0.000000000000000E+000  0.000000000000000E+000  0.100000000000000E+001  0.590000000000000E+001  0.000000000000000E+000 -0.500000000000000E+000
  0.106875000000000E+001 -0.123994195235929E+004 -0.506290689372690E-006  0.147321072802043E+005  0.581920539843850E-005 -0.442462960259487E+004  0.218609352486965E-005  0.100000000000000E+001  0.000000000000000E+000  0.000000000000000E+000  0.000000000000000E+000  0.100000000000000E+001  0.000000000000000E+000  0.000000000000000E+000  0.000000000000000E+000  0.100000000000000E+001  0.590000000000000E+001  0.000000000000000E+000 -0.500000000000000E+000
  0.107187500000000E+001 -0.124407706177580E+004 -0.497175847158360E-006  0.147565964413102E+005  0.618040576227941E-005 -0.443313092892323E+004  0.226299857786216E-005  0.100000000000000E+001  0.000000000000000E+000  0.000000000000000E+000  0.000000000000000E+000  0.100000000000000E+001  0.000000000000000E+000  0.000000000000000E+000  0.000000000000000E+000  0.100000000000000E+001  0.590000000000000E+001  0.000000000000000E+000 -0.500000000000000E+000
  0.107500000000000E+001 -0.124786908053939E+004 -0.488800537823408E-006  0.147790690425100E+005  0.650592119200155E-005 -0.444090636147312E+004  0.233438800023578E-005  0.100000000000000E+001  0.000000000000000E+000  0.000000000000000E+000  0.000000000000000E+000  0.100000000000000E+001  0.000000000000000E+000  0.000000000000000E+000  0.000000000000000E+000  0.100000000000000E+001  0.590000000000000E+001  0.000000000000000E+000 -0.500000000000000E+000
  0.107812500000000E+001 -0.125135382837608E+004 -0.481134748042678E-006  0.147997395968028E+005  0.679880395182408E-005 -0.444803570326496E+004  0.240004715124087E-005  0.100000000000000E+001  0.000000000000000E+000  0.000000000000000E+000  0.000000000000000E+000  0.100000000000000E+001  0.000000000000000E+000  0.000000000000000E+000  0.000000000000000E+000  0.100000000000000E+001  0.590000000000000E+001  0.000000000000000E+000 -0.500000000000000E+000
  0.108125000000000E+001 -0.125456281396768E+004 -0.474168132313935E-006  0.148187959263088E+005  0.705793718225323E-005 -0.445458881138757E+004  0.245996920966718E-005  0.100000000000000E+001  0.000000000000000E+000  0.000000000000000E+000  0.000000000000000E+000  0.100000000000000E+001  0.000000000000000E+000  0.000000000000000E+000  0.000000000000000E+000  0.100000000000000E+001  0.590000000000000E+001  0.000000000000000E+000 -0.500000000000000E+000
  0.108437500000000E+001 -0.125752381717013E+004 -0.467920699520619E-006  0.148364026941837E+005  0.728766462998465E-005 -0.446062673636912E+004  0.251424285124813E-005  0.100000000000000E+001  0.000000000000000E+000  0.000000000000000E+000  0.000000000000000E+000  0.100000000000000E+001  0.000000000000000E+000  0.000000000000000E+000  0.000000000000000E+000  0.100000000000000E+001  0.590000000000000E+001  0.000000000000000E+000 -0.500000000000000E+000
  0.108750000000000E+001 -0.126026136844143E+004 -0.462365392195352E-006  0.148527042119777E+005  0.748829188523814E-005 -0.446620272783309E+004  0.256310136137472E-005  0.100000000000000E+001  0.000000000000000E+000  0.000000000000000E+000  0.000000000000000E+000  0.100000000000000E+001  0.000000000000000E+000  0.000000000000000E+000  0.000000000000000E+000  0.100000000000000E+001  0.590000000000000E+001  0.000000000000000E+000 -0.500000000000000E+000
  0.109062500000000E+001 -0.126325184536357E+004 -0.462378466181690E-006  0.148786342087187E+005  0.759768226998858E-005 -0.447613689005155E+004  0.260316210187739E-005  0.100000000000000E+001  0.000000000000000E+000  0.000000000000000E+000  0.000000000000000E+000  0.100000000000000E+001  0.000000000000000E+000  0.000000000000000E+000  0.000000000000000E+000  0.100000000000000E+001  0.590000000000000E+001  0.000000000000000E+000 -0.500000000000000E+000
  0.109375000000000E+001 -0.126627997768861E+004 -0.520881144439045E-006  0.149028592717570E+005  0.863306559040211E-005 -0.448541618236647E+004  0.267901646111568E-005  0.100000000000000E+001  0.000000000000000E+000  0.000000000000000E+000  0.000000000000000E+000  0.100000000000000E+001  0.000000000000000E+000  0.000000000000000E+000  0.000000000000000E+000  0.100000000000000E+001  0.590000000000000E+001  0.000000000000000E+000 -0.500000000000000E+000
  0.109687500000000E+001 -0.126855452044282E+004 -0.466381834485219E-006  0.149074957513816E+005  0.847547198645771E-005 -0.448587803342518E+004  0.270887198894343E-005  0.100000000000000E+001  0.000000000000000E+000  0.000000000000000E+000  0.000000000000000E+000  0.100000000000000E+001  0.000000000000000E+000  0.000000000000000E+000  0.000000000000000E+000  0.100000000000000E+001  0.590000000000000E+001  0.000000000000000E+000 -0.500000000000000E+000
  0.110000000000000E+001 -0.127068654743523E+004 -0.454669020655274E-006  0.149185445068424E+005  0.845602698973380E-005 -0.448905423477672E+004  0.273565842690005E-005  0.100000000000000E+001  0.000000000000000E+000  0.000000000000000E+000  0.000000000000000E+000  0.100000000000000E+001  0.000000000000000E+000  0.000000000000000E+000  0.000000000000000E+000  0.100000000000000E+001  0.590000000000000E+001  0.000000000000000E+000 -0.500000000000000E+000
  0.110312500000000E+001 -0.127264826437639E+004 -0.449629624199588E-006  0.149294474649861E+005  0.851263393997215E-005 -0.449246700042230E+004  0.276025207313069E-005  0.100000000000000E+001  0.000000000000000E+000  0.000000000000000E+000  0.000000000000000E+000  0.100000000000000E+001  0.000000000000000E+000  0.000000000000000E+000  0.000000000000000E+000  0.100000000000000E+001  0.590000000000000E+001  0.000000000000000E+000 -0.500000000000000E+000
  0.110625000000000E+001 -0.127446950671533E+004 -0.447526645075413E-006  0.149400028928756E+005  0.853761594044045E-005 -0.449590449050532E+004  0.277895719591470E-005  0.100000000000000E+001  0.000000000000000E+000  0.000000000000000E+000  0.000000000000000E+000  0.100000000000000E+001  0.000000000000000E+000  0.000000000000000E+000  0.000000000000000E+000  0.100000000000000E+001  0.590000000000000E+001  0.000000000000000E+000 -0.500000000000000E+000
  0.110937500000000E+001 -0.127616220031449E+004 -0.445972318630083E-006  0.149499057118380E+005  0.857213672134094E-005 -0.449916909724328E+004  0.279476489595254E-005  0.100000000000000E+001  0.000000000000000E+000  0.000000000000000E+000  0.000000000000000E+000  0.100000000000000E+001  0.000000000000000E+000  0.000000000000000E+000  0.000000000000000E+000  0.100000000000000E+001  0.590000000000000E+001  0.000000000000000E+000 -0.500000000000000E+000
  0.111250000000000E+001 -0.127774005446024E+004 -0.445149225924979E-006  0.149592123957993E+005  0.859717692947015E-005 -0.450225374116756E+004  0.280752215076063E-005  0.100000000000000E+001  0.000000000000000E+000  0.000000000000000E+000  0.000000000000000E+000  0.100000000000000E+001  0.000000000000000E+000  0.000000000000000E+000  0.000000000000000E+000  0.100000000000000E+001  0.590000000000000E+001  0.000000000000000E+000 -0.500000000000000E+000
  0.111562500000000E+001 -0.127921021965461E+004 -0.444285205958295E-006  0.149678587234001E+005  0.864970570546575E-005 -0.450511751388224E+004  0.282002065432607E-005  0.100000000000000E+001  0.000000000000000E+000  0.000000000000000E+000  0.000000000000000E+000  0.100000000000000E+001  0.000000000000000E+000  0.000000000000000E+000  0.000000000000000E+000  0.100000000000000E+001  0.590000000000000E+001  0.000000000000000E+000 -0.500000000000000E+000
  0.111875000000000E+001 -0.128058330032399E+004 -0.444170154878520E-006  0.149759640838415E+005  0.867077687871642E-005 -0.450780349228009E+004  0.282959422293061E-005  0.100000000000000E+001  0.000000000000000E+000  0.000000000000000E+000  0.000000000000000E+000  0.100000000000000E+001  0.000000000000000E+000  0.000000000000000E+000  0.000000000000000E+000  0.100000000000000E+001  0.590000000000000E+001  0.000000000000000E+000 -0.500000000000000E+000
  0.112187500000000E+001 -0.128186347495893E+004 -0.444449710812478E-006  0.149834628763008E+005  0.868771894602105E-005 -0.451027856052970E+004  0.283737426798325E-005  0.100000000000000E+001  0.000000000000000E+000  0.000000000000000E+000  0.000000000000000E+000  0.100000000000000E+001  0.000000000000000E+000  0.000000000000000E+000  0.000000000000000E+000  0.100000000000000E+001  0.590000000000000E+001  0.000000000000000E+000 -0.500000000000000E+000
  0.112500000000000E+001 -0.128345233047461E+004 -0.445348973698856E-006  0.149993786864642E+005  0.870452640810981E-005 -0.451660270167425E+004  0.284470706901629E-005  0.100000000000000E+001  0.000000000000000E+000  0.000000000000000E+000  0.000000000000000E+000  0.100000000000000E+001  0.000000000000000E+000  0.000000000000000E+000  0.000000000000000E+000  0.100000000000000E+001  0.590000000000000E+001  0.000000000000000E+000 -0.500000000000000E+000
  0.112812500000000E+001 -0.128563163623611E+004 -0.446369654127921E-006  0.150251736225553E+005  0.876051490195096E-005 -0.452741782419100E+004  0.285477608485962E-005  0.100000000000000E+001  0.000000000000000E+000  0.000000000000000E+000  0.000000000000000E+000  0.100000000000000E+001  0.000000000000000E+000  0.000000000000000E+000  0.000000000000000E+000  0.100000000000000E+001  0.590000000000000E+001  0.000000000000000E+000 -0.500000000000000E+000
  0.113125000000000E+001 -0.128779090187279E+004 -0.448086211690679E-006  0.150423356745296E+005  0.880639345268719E-005 -0.453415508913654E+004  0.286363911072840E-005  0.100000000000000E+001  0.000000000000000E+000  0.000000000000000E+000  0.000000000000000E+000  0.100000000000000E+001  0.000000000000000E+000  0.000000000000000E+000  0.000000000000000E+000  0.100000000000000E+001  0.590000000000000E+001  0.000000000000000E+000 -0.500000000000000E+000
  0.113437500000000E+001 -0.129011527772120E+004 -0.450105289928615E-006  0.150613179529742E+005  0.918322984944098E-005 -0.454137219748994E+004  0.289278591480979E-005  0.100000000000000E+001  0.000000000000000E+000  0.000000000000000E+000  0.000000000000000E+000  0.100000000000000E+001  0.000000000000000E+000  0.000000000000000E+000  0.000000000000000E+000  0.100000000000000E+001  0.590000000000000E+001  0.000000000000000E+000 -0.500000000000000E+000
  0.113750000000000E+001 -0.129720446265620E+004 -0.425367602474580E-006  0.151890846627094E+005  0.861290754983202E-005 -0.459688622440950E+004  0.289030572275806E-005  0.100000000000000E+001  0.000000000000000E+000  0.000000000000000E+000  0.000000000000000E+000  0.100000000000000E+001  0.000000000000000E+000  0.000000000000000E+000  0.000000000000000E+000  0.100000000000000E+001  0.590000000000000E+001  0.000000000000000E+000 -0.500000000000000E+000
  0.114062500000000E+001 -0.129833266621045E+004 -0.430124941885879E-006  0.151152024273462E+005  0.921265746001154E-005 -0.456221533355953E+004  0.292322397399403E-005  0.100000000000000E+001  0.000000000000000E+000  0.000000000000000E+000  0.000000000000000E+000  0.100000000000000E+001  0.000000000000000E+000  0.000000000000000E+000  0.000000000000000E+000  0.100000000000000E+001  0.590000000000000E+001  0.000000000000000E+000 -0.500000000000000E+000
  0.114375000000000E+001 -0.129971806564210E+004 -0.430033765042026E-006  0.151111440086734E+005  0.901101884664968E-005 -0.455637862334139E+004  0.292552158498438E-005  0.100000000000000E+001  0.000000000000000E+000  0.000000000000000E+000  0.000000000000000E+000  0.100000000000000E+001  0.000000000000000E+000  0.000000000000000E+000  0.000000000000000E+000  0.100000000000000E+001  0.590000000000000E+001  0.000000000000000E+000 -0.500000000000000E+000
  0.114687500000000E+001 -0.130091075181534E+004 -0.433528725807264E-006  0.151137781071312E+005  0.870922303874977E-005 -0.455541825248102E+004  0.291328115054057E-005  0.100000000000000E+001  0.000000000000000E+000  0.000000000000000E+000  0.000000000000000E+000  0.100000000000000E+001  0.000000000000000E+000  0.000000000000000E+000  0.000000000000000E+000  0.100000000000000E+001  0.590000000000000E+001  0.000000000000000E+000 -0.500000000000000E+000
  0.115000000000000E+001 -0.130193267217577E+004 -0.449833237325947E-006  0.151173098222603E+005  0.799700137577020E-005 -0.455572362104030E+004  0.286349722955492E-005  0.100000000000000E+001  0.000000000000000E+000  0.000000000000000E+000  0.000000000000000E+000  0.100000000000000E+001  0.000000000000000E+000  0.000000000000000E+000  0.000000000000000E+000  0.100000000000000E+001  0.590000000000000E+001  0.000000000000000E+000 -0.500000000000000E+000
  0.115312500000000E+001 -0.130281301396701E+004 -0.448419882559392E-006  0.151207704246530E+005  0.834636739455163E-005 -0.455635284070593E+004  0.286667409454822E-005  0.100000000000000E+001  0.000000000000000E+000  0.000000000000000E+000  0.000000000000000E+000  0.100000000000000E+001  0.000000000000000E+000  0.000000000000000E+000  0.000000000000000E+000  0.100000000000000E+001  0.590000000000000E+001  0.000000000000000E+000 -0.500000000000000E+000
  0.115625000000000E+001 -0.130357324385166E+004 -0.449487174591923E-006  0.151238842856080E+005  0.843285670271143E-005 -0.455701328044880E+004  0.286689873973955E-005  0.100000000000000E+001  0.000000000000000E+000  0.000000000000000E+000  0.000000000000000E+000  0.100000000000000E+001  0.000000000000000E+000  0.000000000000000E+000  0.000000000000000E+000  0.100000000000000E+001  0.590000000000000E+001  0.000000000000000E+000 -0.500000000000000E+000
  0.115937500000000E+001 -0.130425448842272E+004 -0.452374365522701E-006  0.151272039683144E+005  0.838682171888649E-005 -0.455788466885198E+004  0.286243948721676E-005  0.100000000000000E+001  0.000000000000000E+000  0.000000000000000E+000  0.000000000000000E+000  0.100000000000000E+001  0.000000000000000E+000  0.000000000000000E+000  0.000000000000000E+000  0.100000000000000E+001  0.590000000000000E+001  0.000000000000000E+000 -0.500000000000000E+000
  0.116250000000000E+001 -0.130485006752128E+004 -0.452460994893045E-006  0.151299467727634E+005  0.843139059725218E-005 -0.455860030444562E+004  0.286364183921251E-005  0.100000000000000E+001  0.000000000000000E+000  0.000000000000000E+000  0.000000000000000E+000  0.100000000000000E+001  0.000000000000000E+000  0.000000000000000E+000  0.000000000000000E+000  0.100000000000000E+001  0.590000000000000E+001  0.000000000000000E+000 -0.500000000000000E+000
  0.116562500000000E+001 -0.130540342043928E+004 -0.453082975582220E-006  0.151330792706988E+005  0.843750967760570E-005 -0.455955171322840E+004  0.286419890471734E-005  0.100000000000000E+001  0.000000000000000E+000  0.000000000000000E+000  0.000000000000000E+000  0.100000000000000E+001  0.000000000000000E+000  0.000000000000000E+000  0.000000000000000E+000  0.100000000000000E+001  0.590000000000000E+001  0.000000000000000E+000 -0.500000000000000E+000
  0.116875000000000E+001 -0.130587836176391E+004 -0.453468260275258E-006  0.151351641065702E+005  0.844146052259021E-005 -0.456010371773784E+004  0.286484328171355E-005  0.100000000000000E+001  0.000000000000000E+000  0.000000000000000E+000  0.000000000000000E+000  0.100000000000000E+001  0.000000000000000E+000  0.000000000000000E+000  0.000000000000000E+000  0.100000000000000E+001  0.590000000000000E+001  0.000000000000000E+000 -0.500000000000000E+000
  0.117187500000000E+001 -0.130630834504090E+004 -0.453736788585957E-006  0.151373645917089E+005  0.844549867906608E-005 -0.456074149916565E+004  0.286565727947163E-005  0.100000000000000E+001  0.000000000000000E+000  0.000000000000000E+000  0.000000000000000E+000  0.100000000000000E+001  0.000000000000000E+000  0.000000000000000E+000  0.000000000000000E+000  0.100000000000000E+001  0.590000000000000E+001  0.000000000000000E+000 -0.500000000000000E+000
  0.117500000000000E+001 -0.130669594424939E+004 -0.453898792329710E-006  0.151393800867515E+005  0.844993337523192E-005 -0.456134197022328E+004  0.286667227555881E-005  0.100000000000000E+001  0.000000000000000E+000  0.000000000000000E+000  0.000000000000000E+000  0.100000000000000E+001  0.000000000000000E+000  0.000000000000000E+000  0.000000000000000E+000  0.100000000000000E+001  0.590000000000000E+001  0.000000000000000E+000 -0.500000000000000E+000
  0.117812500000000E+001 -0.130704624692322E+004 -0.454010432804353E-006  0.151412220111630E+005  0.845571412355639E-005 -0.456189888007550E+004  0.286777913061087E-005  0.100000000000000E+001  0.000000000000000E+000  0.000000000000000E+000  0.000000000000000E+000  0.100000000000000E+001  0.000000000000000E+000  0.000000000000000E+000  0.000000000000000E+000  0.100000000000000E+001  0.590000000000000E+001  0.000000000000000E+000 -0.500000000000000E+000
  0.118125000000000E+001 -0.130736631757730E+004 -0.451996811534627E-006  0.151429808030121E+005  0.851488948683254E-005 -0.456244552583143E+004  0.287284592559445E-005  0.100000000000000E+001  0.000000000000000E+000  0.000000000000000E+000  0.000000000000000E+000  0.100000000000000E+001  0.000000000000000E+000  0.000000000000000E+000  0.000000000000000E+000  0.100000000000000E+001  0.590000000000000E+001  0.000000000000000E+000 -0.500000000000000E+000
  0.118437500000000E+001 -0.130765470124753E+004 -0.453275447398482E-006  0.151444809036589E+005  0.848782656248659E-005 -0.456290099951414E+004  0.287329567072447E-005  0.100000000000000E+001  0.000000000000000E+000  0.000000000000000E+000  0.000000000000000E+000  0.100000000000000E+001  0.000000000000000E+000  0.000000000000000E+000  0.000000000000000E+000  0.100000000000000E+001  0.590000000000000E+001  0.000000000000000E+000 -0.500000000000000E+000
  0.118750000000000E+001 -0.130791721244212E+004 -0.453235088571091E-006  0.151458911635376E+005  0.849094067234546E-005 -0.456333444986621E+004  0.287463808490429E-005  0.100000000000000E+001  0.000000000000000E+000  0.000000000000000E+000  0.000000000000000E+000  0.100000000000000E+001  0.000000000000000E+000  0.000000000000000E+000  0.000000000000000E+000  0.100000000000000E+001  0.590000000000000E+001  0.000000000000000E+000 -0.500000000000000E+000
  0.119062500000000E+001 -0.130815667460863E+004 -0.453131292488251E-006  0.151471900869349E+005  0.849509888212197E-005 -0.456373668975875E+004  0.287583816316328E-005  0.100000000000000E+001  0.000000000000000E+000  0.000000000000000E+000  0.000000000000000E+000  0.100000000000000E+001  0.000000000000000E+000  0.000000000000000E+000  0.000000000000000E+000  0.100000000000000E+001  0.590000000000000E+001  0.000000000000000E+000 -0.500000000000000E+000
  0.119375000000000E+001 -0.130837244279967E+004 -0.453071038464259E-006  0.151483160161849E+005  0.849904245114885E-005 -0.456407638798596E+004  0.287703096546466E-005  0.100000000000000E+001  0.000000000000000E+000  0.000000000000000E+000  0.000000000000000E+000  0.100000000000000E+001  0.000000000000000E+000  0.000000000000000E+000  0.000000000000000E+000  0.100000000000000E+001  0.590000000000000E+001  0.000000000000000E+000 -0.500000000000000E+000
  0.119687500000000E+001 -0.130857298252744E+004 -0.453035113423539E-006  0.151494570359746E+005  0.850208016345277E-005 -0.456443845607739E+004  0.287805642074090E-005  0.100000000000000E+001  0.000000000000000E+000  0.000000000000000E+000  0.000000000000000E+000  0.100000000000000E+001  0.000000000000000E+000  0.000000000000000E+000  0.000000000000000E+000  0.100000000000000E+001  0.590000000000000E+001  0.000000000000000E+000 -0.500000000000000E+000
  0.120000000000000E+001 -0.130875603593683E+004 -0.453009420198214E-006  0.151504606371222E+005  0.850474316393957E-005 -0.456475228766174E+004  0.287904367723968E-005  0.100000000000000E+001  0.000000000000000E+000  0.000000000000000E+000  0.000000000000000E+000  0.100000000000000E+001  0.000000000000000E+000  0.000000000000000E+000  0.000000000000000E+000  0.100000000000000E+001  0.590000000000000E+001  0.000000000000000E+000 -0.500000000000000E+000
  0.120312500000000E+001 -0.130892383880971E+004 -0.452994186161959E-006  0.151513826778855E+005  0.850719879963435E-005 -0.456503979560065E+004  0.287995453618350E-005  0.100000000000000E+001  0.000000000000000E+000  0.000000000000000E+000  0.000000000000000E+000  0.100000000000000E+001  0.000000000000000E+000  0.000000000000000E+000  0.000000000000000E+000  0.100000000000000E+001  0.590000000000000E+001  0.000000000000000E+000 -0.500000000000000E+000
  0.120625000000000E+001 -0.130907787770391E+004 -0.453004531664192E-006  0.151522319677826E+005  0.850965807330795E-005 -0.456530461929587E+004  0.288075625576312E-005  0.100000000000000E+001  0.000000000000000E+000  0.000000000000000E+000  0.000000000000000E+000  0.100000000000000E+001  0.000000000000000E+000  0.000000000000000E+000  0.000000000000000E+000  0.100000000000000E+001  0.590000000000000E+001  0.000000000000000E+000 -0.500000000000000E+000
  0.120937500000000E+001 -0.130921948899139E+004 -0.453035795544565E-006  0.151530157788540E+005  0.851140066515654E-005 -0.456554929265371E+004  0.288144792648382E-005  0.100000000000000E+001  0.000000000000000E+000  0.000000000000000E+000  0.000000000000000E+000  0.100000000000000E+001  0.000000000000000E+000  0.000000000000000E+000  0.000000000000000E+000  0.100000000000000E+001  0.590000000000000E+001  0.000000000000000E+000 -0.500000000000000E+000
  0.121250000000000E+001 -0.130934990347237E+004 -0.453086613561027E-006  0.151537411210998E+005  0.851499862619676E-005 -0.456577614564320E+004  0.288211003862671E-005  0.100000000000000E+001  0.000000000000000E+000  0.000000000000000E+000  0.000000000000000E+000  0.100000000000000E+001  0.000000000000000E+000  0.000000000000000E+000  0.000000000000000E+000  0.100000000000000E+001  0.590000000000000E+001  0.000000000000000E+000 -0.500000000000000E+000
  0.121562500000000E+001 -0.130947052238190E+004 -0.453142888545699E-006  0.151544206254759E+005  0.851502773002721E-005 -0.456599006276737E+004  0.288266710413154E-005  0.100000000000000E+001  0.000000000000000E+000  0.000000000000000E+000  0.000000000000000E+000  0.100000000000000E+001  0.000000000000000E+000  0.000000000000000E+000  0.000000000000000E+000  0.100000000000000E+001  0.590000000000000E+001  0.000000000000000E+000 -0.500000000000000E+000
  0.121875000000000E+001 -0.130958254690106E+004 -0.453202233074990E-006  0.151550606044764E+005  0.851582808536477E-005 -0.456619312151303E+004  0.288316368823871E-005  0.100000000000000E+001  0.000000000000000E+000  0.000000000000000E+000  0.000000000000000E+000  0.100000000000000E+001  0.000000000000000E+000  0.000000000000000E+000  0.000000000000000E+000  0.100000000000000E+001  0.590000000000000E+001  0.000000000000000E+000 -0.500000000000000E+000
  0.122187500000000E+001 -0.130968659262639E+004 -0.453322854809812E-006  0.151556558634748E+005  0.851746517582797E-005 -0.456638217825282E+004  0.288355977318133E-005  0.100000000000000E+001  0.000000000000000E+000  0.000000000000000E+000  0.000000000000000E+000  0.100000000000000E+001  0.000000000000000E+000  0.000000000000000E+000  0.000000000000000E+000  0.100000000000000E+001  0.590000000000000E+001  0.000000000000000E+000 -0.500000000000000E+000
  0.122500000000000E+001 -0.130978309857437E+004 -0.453506459052733E-006  0.151562050481436E+005  0.851944059832022E-005 -0.456655587268859E+004  0.288389855995774E-005  0.100000000000000E+001  0.000000000000000E+000  0.000000000000000E+000  0.000000000000000E+000  0.100000000000000E+001  0.000000000000000E+000  0.000000000000000E+000  0.000000000000000E+000  0.100000000000000E+001  0.590000000000000E+001  0.000000000000000E+000 -0.500000000000000E+000
  0.122812500000000E+001 -0.130989722812063E+004 -0.453356847174291E-006  0.151573010133633E+005  0.851677032187581E-005 -0.456697085461604E+004  0.288417732008384E-005  0.100000000000000E+001  0.000000000000000E+000  0.000000000000000E+000  0.000000000000000E+000  0.100000000000000E+001  0.000000000000000E+000  0.000000000000000E+000  0.000000000000000E+000  0.100000000000000E+001  0.590000000000000E+001  0.000000000000000E+000 -0.500000000000000E+000
  0.123125000000000E+001 -0.130997638079339E+004 -0.453749407824944E-006  0.151573503479134E+005  0.852188895805739E-005 -0.456693275347780E+004  0.288451610686025E-005  0.100000000000000E+001  0.000000000000000E+000  0.000000000000000E+000  0.000000000000000E+000  0.100000000000000E+001  0.000000000000000E+000  0.000000000000000E+000  0.000000000000000E+000  0.100000000000000E+001  0.590000000000000E+001  0.000000000000000E+000 -0.500000000000000E+000
  0.123437500000000E+001 -0.131005492125345E+004 -0.453560801361164E-006  0.151577960987227E+005  0.851989898364991E-005 -0.456706229225339E+004  0.288466708298074E-005  0.100000000000000E+001  0.000000000000000E+000  0.000000000000000E+000  0.000000000000000E+000  0.100000000000000E+001  0.000000000000000E+000  0.000000000000000E+000  0.000000000000000E+000  0.100000000000000E+001  0.590000000000000E+001  0.000000000000000E+000 -0.500000000000000E+000
  0.123750000000000E+001 -0.131012665209872E+004 -0.453609118267195E-006  0.151581831308118E+005  0.852001539897174E-005 -0.456717755132012E+004  0.288484716293169E-005  0.100000000000000E+001  0.000000000000000E+000  0.000000000000000E+000  0.000000000000000E+000  0.100000000000000E+001  0.000000000000000E+000  0.000000000000000E+000  0.000000000000000E+000  0.100000000000000E+001  0.590000000000000E+001  0.000000000000000E+000 -0.500000000000000E+000
  0.124062500000000E+001 -0.131019242058513E+004 -0.453677102996153E-006  0.151585370812058E+005  0.852067023515701E-005 -0.456728389048247E+004  0.288498586087371E-005  0.100000000000000E+001  0.000000000000000E+000  0.000000000000000E+000  0.000000000000000E+000  0.100000000000000E+001  0.000000000000000E+000  0.000000000000000E+000  0.000000000000000E+000  0.100000000000000E+001  0.590000000000000E+001  0.000000000000000E+000 -0.500000000000000E+000
  0.124375000000000E+001 -0.131025289482979E+004 -0.453727921012614E-006  0.151588654109010E+005  0.852037192089483E-005 -0.456738321957237E+004  0.288509272650117E-005  0.100000000000000E+001  0.000000000000000E+000  0.000000000000000E+000  0.000000000000000E+000  0.100000000000000E+001  0.000000000000000E+000  0.000000000000000E+000  0.000000000000000E+000  0.100000000000000E+001  0.590000000000000E+001  0.000000000000000E+000 -0.500000000000000E+000
  0.124687500000000E+001 -0.131030524131116E+004 -0.454498604085529E-006  0.151590957926635E+005  0.852338416734710E-005 -0.456744089142041E+004  0.288518958768691E-005  0.100000000000000E+001  0.000000000000000E+000  0.000000000000000E+000  0.000000000000000E+000  0.100000000000000E+001  0.000000000000000E+000  0.000000000000000E+000  0.000000000000000E+000  0.100000000000000E+001  0.590000000000000E+001  0.000000000000000E+000 -0.500000000000000E+000
  0.125000000000000E+001 -0.131035752028298E+004 -0.453866732641472E-006  0.151594396070346E+005  0.852139055496082E-005 -0.456755563256803E+004  0.288521687252796E-005  0.100000000000000E+001  0.000000000000000E+000  0.000000000000000E+000  0.000000000000000E+000  0.100000000000000E+001  0.000000000000000E+000  0.000000000000000E+000  0.000000000000000E+000  0.100000000000000E+001  0.590000000000000E+001  0.000000000000000E+000 -0.500000000000000E+000
  0.125312500000000E+001 -0.131040597608734E+004 -0.453901179753302E-006  0.151597228324152E+005  0.852151424624026E-005 -0.456764716277675E+004  0.288526098302100E-005  0.100000000000000E+001  0.000000000000000E+000  0.000000000000000E+000  0.000000000000000E+000  0.100000000000000E+001  0.000000000000000E+000  0.000000000000000E+000  0.000000000000000E+000  0.100000000000000E+001  0.590000000000000E+001  0.000000000000000E+000 -0.500000000000000E+000
  0.125625000000000E+001 -0.131045193287290E+004 -0.453918914899987E-006  0.151600004651841E+005  0.852083394420333E-005 -0.456773775124236E+004  0.288528008240974E-005  0.100000000000000E+001  0.000000000000000E+000  0.000000000000000E+000  0.000000000000000E+000  0.100000000000000E+001  0.000000000000000E+000  0.000000000000000E+000  0.000000000000000E+000  0.100000000000000E+001  0.590000000000000E+001  0.000000000000000E+000 -0.500000000000000E+000
  0.125937500000000E+001 -0.131049636511182E+004 -0.453926759291789E-006  0.151602837504470E+005  0.852049197419547E-005 -0.456783278759075E+004  0.288530281977728E-005  0.100000000000000E+001  0.000000000000000E+000  0.000000000000000E+000  0.000000000000000E+000  0.100000000000000E+001  0.000000000000000E+000  0.000000000000000E+000  0.000000000000000E+000  0.100000000000000E+001  0.590000000000000E+001  0.000000000000000E+000 -0.500000000000000E+000
  0.126250000000000E+001 -0.131054114799694E+004 -0.453943130196421E-006  0.151606002736655E+005  0.851958975545131E-005 -0.456794443748137E+004  0.288531418846105E-005  0.100000000000000E+001  0.000000000000000E+000  0.000000000000000E+000  0.000000000000000E+000  0.100000000000000E+001  0.000000000000000E+000  0.000000000000000E+000  0.000000000000000E+000  0.100000000000000E+001  0.590000000000000E+001  0.000000000000000E+000 -0.500000000000000E+000
  0.126562500000000E+001 -0.131058604322574E+004 -0.453947336609417E-006  0.151609208222321E+005  0.851921868161298E-005 -0.456805855096916E+004  0.288532373815542E-005  0.100000000000000E+001  0.000000000000000E+000  0.000000000000000E+000  0.000000000000000E+000  0.100000000000000E+001  0.000000000000000E+000  0.000000000000000E+000  0.000000000000000E+000  0.100000000000000E+001  0.590000000000000E+001  0.000000000000000E+000 -0.500000000000000E+000
  0.126875000000000E+001 -0.131062964308603E+004 -0.453953816759167E-006  0.151612091323739E+005  0.851910954224877E-005 -0.456815800355683E+004  0.288537103187991E-005  0.100000000000000E+001  0.000000000000000E+000  0.000000000000000E+000  0.000000000000000E+000  0.100000000000000E+001  0.000000000000000E+000  0.000000000000000E+000  0.000000000000000E+000  0.100000000000000E+001  0.590000000000000E+001  0.000000000000000E+000 -0.500000000000000E+000
  0.127187500000000E+001 -0.131066773248823E+004 -0.454031351182493E-006  0.151613857486629E+005  0.851931690704077E-005 -0.456820710766248E+004  0.288543151327758E-005  0.100000000000000E+001  0.000000000000000E+000  0.000000000000000E+000  0.000000000000000E+000  0.100000000000000E+001  0.000000000000000E+000  0.000000000000000E+000  0.000000000000000E+000  0.100000000000000E+001  0.590000000000000E+001  0.000000000000000E+000 -0.500000000000000E+000
  0.127500000000000E+001 -0.131071167118354E+004 -0.454073870059801E-006  0.151617718129049E+005  0.852040466270410E-005 -0.456834932587837E+004  0.288555202132557E-005  0.100000000000000E+001  0.000000000000000E+000  0.000000000000000E+000  0.000000000000000E+000  0.100000000000000E+001  0.000000000000000E+000  0.000000000000000E+000  0.000000000000000E+000  0.100000000000000E+001  0.590000000000000E+001  0.000000000000000E+000 -0.500000000000000E+000
  0.127812500000000E+001 -0.131074360688386E+004 -0.454054543297389E-006  0.151618182217452E+005  0.851982986205257E-005 -0.456834285243416E+004  0.288557430394576E-005  0.100000000000000E+001  0.000000000000000E+000  0.000000000000000E+000  0.000000000000000E+000  0.100000000000000E+001  0.000000000000000E+000  0.000000000000000E+000  0.000000000000000E+000  0.100000000000000E+001  0.590000000000000E+001  0.000000000000000E+000 -0.500000000000000E+000
  0.128125000000000E+001 -0.131077032004291E+004 -0.454056589660468E-006  0.151618852886867E+005  0.852049925015308E-005 -0.456834373902680E+004  0.288567844108911E-005  0.100000000000000E+001  0.000000000000000E+000  0.000000000000000E+000  0.000000000000000E+000  0.100000000000000E+001  0.000000000000000E+000  0.000000000000000E+000  0.000000000000000E+000  0.100000000000000E+001  0.590000000000000E+001  0.000000000000000E+000 -0.500000000000000E+000
  0.128437500000000E+001 -0.131079375867824E+004 -0.454086034551437E-006  0.151619753120842E+005  0.851989170769230E-005 -0.456835959456985E+004  0.288567525785766E-005  0.100000000000000E+001  0.000000000000000E+000  0.000000000000000E+000  0.000000000000000E+000  0.100000000000000E+001  0.000000000000000E+000  0.000000000000000E+000  0.000000000000000E+000  0.100000000000000E+001  0.590000000000000E+001  0.000000000000000E+000 -0.500000000000000E+000
  0.128750000000000E+001 -0.131081468016624E+004 -0.454094333690591E-006  0.151620702542428E+005  0.852014636620879E-005 -0.456838227642845E+004  0.288573028228711E-005  0.100000000000000E+001  0.000000000000000E+000  0.000000000000000E+000  0.000000000000000E+000  0.100000000000000E+001  0.000000000000000E+000  0.000000000000000E+000  0.000000000000000E+000  0.100000000000000E+001  0.590000000000000E+001  0.000000000000000E+000 -0.500000000000000E+000
  0.129062500000000E+001 -0.131083348923324E+004 -0.454103542324447E-006  0.151621616084811E+005  0.852031735121273E-005 -0.456840655182571E+004  0.288574756268645E-005  0.100000000000000E+001  0.000000000000000E+000  0.000000000000000E+000  0.000000000000000E+000  0.100000000000000E+001  0.000000000000000E+000  0.000000000000000E+000  0.000000000000000E+000  0.100000000000000E+001  0.590000000000000E+001  0.000000000000000E+000 -0.500000000000000E+000
  0.129375000000000E+001 -0.131085043985403E+004 -0.454105475000688E-006  0.151622461447402E+005  0.852140874485485E-005 -0.456842998748731E+004  0.288582532448345E-005  0.100000000000000E+001  0.000000000000000E+000  0.000000000000000E+000  0.000000000000000E+000  0.100000000000000E+001  0.000000000000000E+000  0.000000000000000E+000  0.000000000000000E+000  0.100000000000000E+001  0.590000000000000E+001  0.000000000000000E+000 -0.500000000000000E+000
  0.129687500000000E+001 -0.131086580035012E+004 -0.454111273029412E-006  0.151623248597566E+005  0.852039011078887E-005 -0.456845248620898E+004  0.288585806629271E-005  0.100000000000000E+001  0.000000000000000E+000  0.000000000000000E+000  0.000000000000000E+000  0.100000000000000E+001  0.000000000000000E+000  0.000000000000000E+000  0.000000000000000E+000  0.100000000000000E+001  0.590000000000000E+001  0.000000000000000E+000 -0.500000000000000E+000
  0.130000000000000E+001 -0.131087970448334E+004 -0.454101495961368E-006  0.151623963055300E+005  0.852083030622452E-005 -0.456847310693514E+004  0.288594765152084E-005  0.100000000000000E+001  0.000000000000000E+000  0.000000000000000E+000  0.000000000000000E+000  0.100000000000000E+001  0.000000000000000E+000  0.000000000000000E+000  0.000000000000000E+000  0.100000000000000E+001  0.590000000000000E+001  0.000000000000000E+000 -0.500000000000000E+000
  0.130312500000000E+001 -0.131089237785335E+004 -0.454114797321381E-006  0.151624630539632E+005  0.852180528454483E-005 -0.456849277203428E+004  0.288597811959335E-005  0.100000000000000E+001  0.000000000000000E+000  0.000000000000000E+000  0.000000000000000E+000  0.100000000000000E+001  0.000000000000000E+000  0.000000000000000E+000  0.000000000000000E+000  0.100000000000000E+001  0.590000000000000E+001  0.000000000000000E+000 -0.500000000000000E+000
  0.130625000000000E+001 -0.131090387453173E+004 -0.454115934189758E-006  0.151625229298164E+005  0.852128141559660E-005 -0.456851037568801E+004  0.288600313069765E-005  0.100000000000000E+001  0.000000000000000E+000  0.000000000000000E+000  0.000000000000000E+000  0.100000000000000E+001  0.000000000000000E+000  0.000000000000000E+000  0.000000000000000E+000  0.100000000000000E+001  0.590000000000000E+001  0.000000000000000E+000 -0.500000000000000E+000
  0.130937500000000E+001 -0.131091434380330E+004 -0.454113433079328E-006  0.151625780273073E+005  0.852186349220574E-005 -0.456852670031431E+004  0.288604906018008E-005  0.100000000000000E+001  0.000000000000000E+000  0.000000000000000E+000  0.000000000000000E+000  0.100000000000000E+001  0.000000000000000E+000  0.000000000000000E+000  0.000000000000000E+000  0.100000000000000E+001  0.590000000000000E+001  0.000000000000000E+000 -0.500000000000000E+000
  0.131250000000000E+001 -0.131092389230596E+004 -0.454119685855403E-006  0.151626286543610E+005  0.852166704135016E-005 -0.456854180658230E+004  0.288607498077909E-005  0.100000000000000E+001  0.000000000000000E+000  0.000000000000000E+000  0.000000000000000E+000  0.100000000000000E+001  0.000000000000000E+000  0.000000000000000E+000  0.000000000000000E+000  0.100000000000000E+001  0.590000000000000E+001  0.000000000000000E+000 -0.500000000000000E+000
  0.131562500000000E+001 -0.131093260776003E+004 -0.454125483884127E-006  0.151626750473646E+005  0.852174707688391E-005 -0.456855571034128E+004  0.288610090137809E-005  0.100000000000000E+001  0.000000000000000E+000  0.000000000000000E+000  0.000000000000000E+000  0.100000000000000E+001  0.000000000000000E+000  0.000000000000000E+000  0.000000000000000E+000  0.100000000000000E+001  0.590000000000000E+001  0.000000000000000E+000 -0.500000000000000E+000
  0.131875000000000E+001 -0.131094058595777E+004 -0.454121050097456E-006  0.151627179665725E+005  0.852099765324965E-005 -0.456856866956578E+004  0.288613227894530E-005  0.100000000000000E+001  0.000000000000000E+000  0.000000000000000E+000  0.000000000000000E+000  0.100000000000000E+001  0.000000000000000E+000  0.000000000000000E+000  0.000000000000000E+000  0.100000000000000E+001  0.590000000000000E+001  0.000000000000000E+000 -0.500000000000000E+000
  0.132187500000000E+001 -0.131094786716006E+004 -0.454127416560368E-006  0.151627567837244E+005  0.852141238283366E-005 -0.456858034400352E+004  0.288614864984993E-005  0.100000000000000E+001  0.000000000000000E+000  0.000000000000000E+000  0.000000000000000E+000  0.100000000000000E+001  0.000000000000000E+000  0.000000000000000E+000  0.000000000000000E+000  0.100000000000000E+001  0.590000000000000E+001  0.000000000000000E+000 -0.500000000000000E+000
  0.132500000000000E+001 -0.131095453879482E+004 -0.454124688076263E-006  0.151627927402995E+005  0.852145240060054E-005 -0.456859122222409E+004  0.288617593469098E-005  0.100000000000000E+001  0.000000000000000E+000  0.000000000000000E+000  0.000000000000000E+000  0.100000000000000E+001  0.000000000000000E+000  0.000000000000000E+000  0.000000000000000E+000  0.100000000000000E+001  0.590000000000000E+001  0.000000000000000E+000 -0.500000000000000E+000
  0.132812500000000E+001 -0.131096064973906E+004 -0.454125711257802E-006  0.151628257026837E+005  0.852159791975282E-005 -0.456860120893557E+004  0.288619685306912E-005  0.100000000000000E+001  0.000000000000000E+000  0.000000000000000E+000  0.000000000000000E+000  0.100000000000000E+001  0.000000000000000E+000  0.000000000000000E+000  0.000000000000000E+000  0.100000000000000E+001  0.590000000000000E+001  0.000000000000000E+000 -0.500000000000000E+000
  0.133125000000000E+001 -0.131096624377495E+004 -0.454133100902254E-006  0.151628558037142E+005  0.852192897582427E-005 -0.456861031576024E+004  0.288619230559561E-005  0.100000000000000E+001  0.000000000000000E+000  0.000000000000000E+000  0.000000000000000E+000  0.100000000000000E+001  0.000000000000000E+000  0.000000000000000E+000  0.000000000000000E+000  0.100000000000000E+001  0.590000000000000E+001  0.000000000000000E+000 -0.500000000000000E+000
  0.133437500000000E+001 -0.131097137777469E+004 -0.454131054539175E-006  0.151628836346040E+005  0.852221273817122E-005 -0.456861876918832E+004  0.288623141386779E-005  0.100000000000000E+001  0.000000000000000E+000  0.000000000000000E+000  0.000000000000000E+000  0.100000000000000E+001  0.000000000000000E+000  0.000000000000000E+000  0.000000000000000E+000  0.100000000000000E+001  0.590000000000000E+001  0.000000000000000E+000 -0.500000000000000E+000
  0.133750000000000E+001 -0.131097608815837E+004 -0.454138898930978E-006  0.151629091698648E+005  0.852171069709584E-005 -0.456862652917621E+004  0.288623732558335E-005  0.100000000000000E+001  0.000000000000000E+000  0.000000000000000E+000  0.000000000000000E+000  0.100000000000000E+001  0.000000000000000E+000  0.000000000000000E+000  0.000000000000000E+000  0.100000000000000E+001  0.590000000000000E+001  0.000000000000000E+000 -0.500000000000000E+000
  0.134062500000000E+001 -0.131098041395172E+004 -0.454132191407552E-006  0.151629326807387E+005  0.852153971209191E-005 -0.456863368333494E+004  0.288626642941381E-005  0.100000000000000E+001  0.000000000000000E+000  0.000000000000000E+000  0.000000000000000E+000  0.100000000000000E+001  0.000000000000000E+000  0.000000000000000E+000  0.000000000000000E+000  0.100000000000000E+001  0.590000000000000E+001  0.000000000000000E+000 -0.500000000000000E+000
  0.134375000000000E+001 -0.131098438815947E+004 -0.454144469586026E-006  0.151629543084531E+005  0.852236917125992E-005 -0.456864026891943E+004  0.288624596578302E-005  0.100000000000000E+001  0.000000000000000E+000  0.000000000000000E+000  0.000000000000000E+000  0.100000000000000E+001  0.000000000000000E+000  0.000000000000000E+000  0.000000000000000E+000  0.100000000000000E+001  0.590000000000000E+001  0.000000000000000E+000 -0.500000000000000E+000
  0.134687500000000E+001 -0.131098804320033E+004 -0.454136738881061E-006  0.151629742618689E+005  0.852168886922300E-005 -0.456864635482336E+004  0.288628098132904E-005  0.100000000000000E+001  0.000000000000000E+000  0.000000000000000E+000  0.000000000000000E+000  0.100000000000000E+001  0.000000000000000E+000  0.000000000000000E+000  0.000000000000000E+000  0.100000000000000E+001  0.590000000000000E+001  0.000000000000000E+000 -0.500000000000000E+000
  0.135000000000000E+001 -0.131099141056834E+004 -0.454141172667732E-006  0.151629927476315E+005  0.852217272040434E-005 -0.456865201218695E+004  0.288627506961348E-005  0.100000000000000E+001  0.000000000000000E+000  0.000000000000000E+000  0.000000000000000E+000  0.100000000000000E+001  0.000000000000000E+000  0.000000000000000E+000  0.000000000000000E+000  0.100000000000000E+001  0.590000000000000E+001  0.000000000000000E+000 -0.500000000000000E+000
  0.135312500000000E+001 -0.131099452252552E+004 -0.454142309536110E-006  0.151630100024712E+005  0.852181983646005E-005 -0.456865732700922E+004  0.288629780698102E-005  0.100000000000000E+001  0.000000000000000E+000  0.000000000000000E+000  0.000000000000000E+000  0.100000000000000E+001  0.000000000000000E+000  0.000000000000000E+000  0.000000000000000E+000  0.100000000000000E+001  0.590000000000000E+001  0.000000000000000E+000 -0.500000000000000E+000
  0.135625000000000E+001 -0.131099739863274E+004 -0.454139581052004E-006  0.151630259831026E+005  0.852163066156209E-005 -0.456866225783501E+004  0.288630462819128E-005  0.100000000000000E+001  0.000000000000000E+000  0.000000000000000E+000  0.000000000000000E+000  0.100000000000000E+001  0.000000000000000E+000  0.000000000000000E+000  0.000000000000000E+000  0.100000000000000E+001  0.590000000000000E+001  0.000000000000000E+000 -0.500000000000000E+000
  0.135937500000000E+001 -0.131100005857762E+004 -0.454142877970298E-006  0.151630407874385E+005  0.852207449497655E-005 -0.456866682887811E+004  0.288630099021248E-005  0.100000000000000E+001  0.000000000000000E+000  0.000000000000000E+000  0.000000000000000E+000  0.100000000000000E+001  0.000000000000000E+000  0.000000000000000E+000  0.000000000000000E+000  0.100000000000000E+001  0.590000000000000E+001  0.000000000000000E+000 -0.500000000000000E+000
  0.136250000000000E+001 -0.131100249703454E+004 -0.454140490546706E-006  0.151630539734918E+005  0.852147422847338E-005 -0.456867082866176E+004  0.288632099909591E-005  0.100000000000000E+001  0.000000000000000E+000  0.000000000000000E+000  0.000000000000000E+000  0.100000000000000E+001  0.000000000000000E+000  0.000000000000000E+000  0.000000000000000E+000  0.100000000000000E+001  0.590000000000000E+001  0.000000000000000E+000 -0.500000000000000E+000
  0.136562500000000E+001 -0.131100480077506E+004 -0.454147880191158E-006  0.151630675669239E+005  0.852222001412883E-005 -0.456867514495022E+004  0.288631099465420E-005  0.100000000000000E+001  0.000000000000000E+000  0.000000000000000E+000  0.000000000000000E+000  0.100000000000000E+001  0.000000000000000E+000  0.000000000000000E+000  0.000000000000000E+000  0.100000000000000E+001  0.590000000000000E+001  0.000000000000000E+000 -0.500000000000000E+000
  0.136875000000000E+001 -0.131100687462949E+004 -0.454150722362101E-006  0.151630782341730E+005  0.852181983646005E-005 -0.456867829583381E+004  0.288630371869658E-005  0.100000000000000E+001  0.000000000000000E+000  0.000000000000000E+000  0.000000000000000E+000  0.100000000000000E+001  0.000000000000000E+000  0.000000000000000E+000  0.000000000000000E+000  0.100000000000000E+001  0.590000000000000E+001  0.000000000000000E+000 -0.500000000000000E+000
  0.137187500000000E+001 -0.131100877882513E+004 -0.454151745543641E-006  0.151630883809308E+005  0.852242737892084E-005 -0.456868131295390E+004  0.288631281364360E-005  0.100000000000000E+001  0.000000000000000E+000  0.000000000000000E+000  0.000000000000000E+000  0.100000000000000E+001  0.000000000000000E+000  0.000000000000000E+000  0.000000000000000E+000  0.100000000000000E+001  0.590000000000000E+001  0.000000000000000E+000 -0.500000000000000E+000
  0.137500000000000E+001 -0.131101052761492E+004 -0.454147198070132E-006  0.151630977887827E+005  0.852217272040434E-005 -0.456868413003231E+004  0.288634328171611E-005  0.100000000000000E+001  0.000000000000000E+000  0.000000000000000E+000  0.000000000000000E+000  0.100000000000000E+001  0.000000000000000E+000  0.000000000000000E+000  0.000000000000000E+000  0.100000000000000E+001  0.590000000000000E+001  0.000000000000000E+000 -0.500000000000000E+000
  0.137812500000000E+001 -0.131101213376013E+004 -0.454159135188092E-006  0.151631064508012E+005  0.852219818625599E-005 -0.456868673223579E+004  0.288632099909591E-005  0.100000000000000E+001  0.000000000000000E+000  0.000000000000000E+000  0.000000000000000E+000  0.100000000000000E+001  0.000000000000000E+000  0.000000000000000E+000  0.000000000000000E+000  0.100000000000000E+001  0.590000000000000E+001  0.000000000000000E+000 -0.500000000000000E+000
  0.138125000000000E+001 -0.131101361288185E+004 -0.454149244433211E-006  0.151631145023358E+005  0.852165248943493E-005 -0.456868916705621E+004  0.288634510070551E-005  0.100000000000000E+001  0.000000000000000E+000  0.000000000000000E+000  0.000000000000000E+000  0.100000000000000E+001  0.000000000000000E+000  0.000000000000000E+000  0.000000000000000E+000  0.100000000000000E+001  0.590000000000000E+001  0.000000000000000E+000 -0.500000000000000E+000
  0.138437500000000E+001 -0.131101497015045E+004 -0.454155042461934E-006  0.151631218173641E+005  0.852197990752757E-005 -0.456869136874761E+004  0.288634055323200E-005  0.100000000000000E+001  0.000000000000000E+000  0.000000000000000E+000  0.000000000000000E+000  0.100000000000000E+001  0.000000000000000E+000  0.000000000000000E+000  0.000000000000000E+000  0.100000000000000E+001  0.590000000000000E+001  0.000000000000000E+000 -0.500000000000000E+000
  0.138750000000000E+001 -0.131101623022030E+004 -0.454149926554237E-006  0.151631288514275E+005  0.852223820402287E-005 -0.456869353010610E+004  0.288635874312604E-005  0.100000000000000E+001  0.000000000000000E+000  0.000000000000000E+000  0.000000000000000E+000  0.100000000000000E+001  0.000000000000000E+000  0.000000000000000E+000  0.000000000000000E+000  0.100000000000000E+001  0.590000000000000E+001  0.000000000000000E+000 -0.500000000000000E+000
  0.139062500000000E+001 -0.131101740014733E+004 -0.454150949735777E-006  0.151631354274236E+005  0.852110315463506E-005 -0.456869556690370E+004  0.288633282252704E-005  0.100000000000000E+001  0.000000000000000E+000  0.000000000000000E+000  0.000000000000000E+000  0.100000000000000E+001  0.000000000000000E+000  0.000000000000000E+000  0.000000000000000E+000  0.100000000000000E+001  0.590000000000000E+001  0.000000000000000E+000 -0.500000000000000E+000
  0.139375000000000E+001 -0.131101848909323E+004 -0.454157316198689E-006  0.151631415975428E+005  0.852187440614216E-005 -0.456869748938538E+004  0.288633691525320E-005  0.100000000000000E+001  0.000000000000000E+000  0.000000000000000E+000  0.000000000000000E+000  0.100000000000000E+001  0.000000000000000E+000  0.000000000000000E+000  0.000000000000000E+000  0.100000000000000E+001  0.590000000000000E+001  0.000000000000000E+000 -0.500000000000000E+000
  0.139687500000000E+001 -0.131101950435853E+004 -0.454150608675263E-006  0.151631473831804E+005  0.852205266710371E-005 -0.456869929895690E+004  0.288636056211544E-005  0.100000000000000E+001  0.000000000000000E+000  0.000000000000000E+000  0.000000000000000E+000  0.100000000000000E+001  0.000000000000000E+000  0.000000000000000E+000  0.000000000000000E+000  0.100000000000000E+001  0.590000000000000E+001  0.000000000000000E+000 -0.500000000000000E+000
  0.140000000000000E+001 -0.131102045492487E+004 -0.454148903372698E-006  0.151631528672796E+005  0.852216908242553E-005 -0.456870102641397E+004  0.288637284029392E-005  0.100000000000000E+001  0.000000000000000E+000  0.000000000000000E+000  0.000000000000000E+000  0.100000000000000E+001  0.000000000000000E+000  0.000000000000000E+000  0.000000000000000E+000  0.100000000000000E+001  0.590000000000000E+001  0.000000000000000E+000 -0.500000000000000E+000

