# Chordwise load of component: right_wing
# spanwise_location: 2.000 ; chord_length: 1.605
# n_chord : 20 ; n_time : 60. Next lines: x_chord , z_chord
  0.118973001466642E+001  0.102985231114171E+001  0.869942087215318E+000  0.709913928239394E+000  0.549628121398418E+000  0.389034509130462E+000  0.228230628219447E+000  0.674548755385555E-001 -0.929307642871859E-001 -0.247386151630362E+000 -0.247876762720755E+000 -0.940846785976121E-001  0.660363613972123E-001  0.226691883260658E+000  0.387513101138500E+000  0.548254534586220E+000  0.708782436417238E+000  0.869112312450636E+000  0.102934955433711E+001  0.118955772872795E+001
  0.103563234270819E-001 -0.783817455225018E-002 -0.257320625445131E-001 -0.424885911143609E-001 -0.564107836201052E-001 -0.657136852690857E-001 -0.685622415057279E-001 -0.645781083052980E-001 -0.533721298603098E-001 -0.228688989849972E-001  0.247302060467426E-001  0.590614857650412E-001  0.742041968852384E-001  0.821325312194145E-001  0.832297745733117E-001  0.778702631765675E-001  0.678870955540348E-001  0.550656300800754E-001  0.411048597387286E-001  0.268431946843895E-001
# t, dFz
  0.000000000000000E+000 -0.443581105266263E-002 -0.574401378554565E-002 -0.753491950035672E-002 -0.718835416580262E-002 -0.490676366171301E-002 -0.832303015558145E-004  0.836911239059334E-002  0.188702383039991E-001  0.311193738383800E-001  0.559698134942065E-001  0.590848554820646E-001  0.465260029817497E-001  0.509317048682596E-001  0.569423468795988E-001  0.605902171237030E-001  0.596430969833998E-001  0.554749043799740E-001  0.488551299197649E-001  0.403402682028409E-001  0.338030574830539E-001
  0.500000000000000E+000  0.912001864314263E-002  0.567866772973414E-002 -0.684097809927582E-003 -0.630987408299032E-002 -0.108843995321759E-001 -0.134334259349491E-001 -0.122701557514277E-001 -0.774269950332451E-002  0.413880200427492E-003  0.259618537727726E-001  0.770144490467865E-001  0.495859899361258E-001  0.430574790724109E-001  0.397158740752772E-001  0.351249226136923E-001  0.279541774377240E-001  0.201080664563795E-001  0.125374915552917E-001  0.560841162837100E-002  0.252439911197084E-002
  0.100000000000000E+001  0.487657361035967E-002  0.279202888838678E-002 -0.257571934102553E-002 -0.743716031091418E-002 -0.114336753594692E-001 -0.135554784851008E-001 -0.120904826822365E-001 -0.732825368396816E-002  0.109203807477001E-002  0.269169395851357E-001  0.803045436013289E-001  0.507665247706021E-001  0.438240936598181E-001  0.402006151204716E-001  0.352852200578660E-001  0.276719987108181E-001  0.192411498274572E-001  0.109081661627504E-001  0.299091220746601E-002 -0.143391272521989E-002
  0.150000000000000E+001  0.366711419533147E-002  0.204519325872331E-002 -0.299298175987297E-002 -0.760835748992221E-002 -0.114119636869677E-001 -0.133813564674785E-001 -0.118026091190066E-001 -0.693946829748220E-002  0.162426416980710E-002  0.275889435629306E-001  0.826674212575939E-001  0.516348967251208E-001  0.444270967796423E-001  0.406534187518728E-001  0.355892169693173E-001  0.277899601765154E-001  0.191324797253095E-001  0.105176062863467E-001  0.223052285218127E-002 -0.270610569181209E-002
  0.200000000000000E+001  0.319703325225146E-002  0.176894147015470E-002 -0.312147166882284E-002 -0.762068772520806E-002 -0.113260731285427E-001 -0.132120207784859E-001 -0.115675490582591E-001 -0.664160536075559E-002  0.201914485585375E-002  0.280678079860604E-001  0.843990248965597E-001  0.522731139871936E-001  0.448759667931413E-001  0.410015158066495E-001  0.358449229537673E-001  0.279376311970729E-001  0.191582152930529E-001  0.104027705700344E-001  0.194090165623340E-002 -0.322322300026260E-002
  0.250000000000000E+001  0.291845761739136E-002  0.161042617470046E-002 -0.318649334656581E-002 -0.761067756081470E-002 -0.112507477046195E-001 -0.130795419392040E-001 -0.113888424183959E-001 -0.641767995829831E-002  0.231378909311795E-002  0.284167742762882E-001  0.856904523889654E-001  0.527496677860664E-001  0.452120469656330E-001  0.412639068513956E-001  0.360416213497348E-001  0.280599049297591E-001  0.191992371991565E-001  0.103530856077181E-001  0.178104491910051E-002 -0.352274542371865E-002
  0.300000000000000E+001  0.272936003076016E-002  0.150553056416330E-002 -0.322560040457009E-002 -0.759650292455222E-002 -0.111895973489679E-001 -0.129766717384374E-001 -0.112516902972683E-001 -0.624665574924948E-002  0.253779004042174E-002  0.286771956269670E-001  0.866713799647552E-001  0.531127767652154E-001  0.454688632572324E-001  0.414653304246686E-001  0.361944221128832E-001  0.281586796203656E-001  0.192401196557259E-001  0.103303950941388E-001  0.168203367596079E-002 -0.371756164026184E-002
  0.350000000000000E+001  0.259721586743482E-002  0.143400975961816E-002 -0.324953108455704E-002 -0.758152226521354E-002 -0.111399225467499E-001 -0.128957972630141E-001 -0.111448375747780E-001 -0.611392112691744E-002  0.271100171201387E-002  0.288755871237455E-001  0.874289168736051E-001  0.533941101944568E-001  0.456683660164232E-001  0.416224177943777E-001  0.363147492003935E-001  0.282388168408185E-001  0.192778542255706E-001  0.103222191604970E-001  0.161935671883024E-002 -0.384802549224734E-002
  0.400000000000000E+001  0.250303407856625E-002  0.138423575518116E-002 -0.326422252336803E-002 -0.756723239480640E-002 -0.110995007297006E-001 -0.128315964123074E-001 -0.110605940580003E-001 -0.600954962437288E-002  0.284685762391350E-002  0.290293615904732E-001  0.880224008677132E-001  0.536150487070251E-001  0.458252874160738E-001  0.417462943392283E-001  0.364103064386177E-001  0.283038651707258E-001  0.193111687985811E-001  0.103216333477082E-001  0.157898957122620E-002 -0.393741267096345E-002
  0.450000000000000E+001  0.243448182915547E-002  0.134882252110340E-002 -0.327328127144405E-002 -0.755429712498002E-002 -0.110665220395433E-001 -0.127801793143674E-001 -0.109934609429108E-001 -0.592651643327088E-002  0.295476430437435E-002  0.291503425295154E-001  0.884932920192182E-001  0.537906229330436E-001  0.459500644335015E-001  0.418449263702884E-001  0.364867523439465E-001  0.283567301575207E-001  0.193398230892069E-001  0.103247451296848E-001  0.155246275872706E-002 -0.400015237279615E-002
  0.500000000000000E+001  0.238359371175887E-002  0.132310524928004E-002 -0.327885139839886E-002 -0.754288915559353E-002 -0.110394893011225E-001 -0.127386300478168E-001 -0.109394122805003E-001 -0.585973638928503E-002  0.304146056438550E-002  0.292467818727979E-001  0.888712074578100E-001  0.539316607293458E-001  0.460502881164083E-001  0.419241841733657E-001  0.365483735773653E-001  0.283998376446099E-001  0.193641466726557E-001  0.103294780269129E-001  0.153470458303789E-002 -0.404518754677923E-002
  0.550000000000000E+001  0.234516734861343E-002  0.130410160961241E-002 -0.328221196227878E-002 -0.753294496654795E-002 -0.110171898956823E-001 -0.127047480719781E-001 -0.108954651099546E-001 -0.580547406015813E-002  0.311185850544837E-002  0.293245710722651E-001  0.891776923807424E-001  0.540460919268922E-001  0.461315580268217E-001  0.419884411153255E-001  0.365984306931191E-001  0.284351593803616E-001  0.193846801671576E-001  0.103347509361074E-001  0.152263377865162E-002 -0.407815768287948E-002
  0.600000000000000E+001  0.231572069055173E-002  0.128985351793358E-002 -0.328414529609341E-002 -0.752431203655049E-002 -0.109986625595503E-001 -0.126768686037189E-001 -0.108593906410943E-001 -0.576095385584346E-002  0.316958962128246E-002  0.293879954245995E-001  0.894286623464366E-001  0.541398032636563E-001  0.461980512439622E-001  0.420409816433982E-001  0.366394079899830E-001  0.284642655380543E-001  0.194019923581472E-001  0.103400120086369E-001  0.151432977200582E-002 -0.410271589027452E-002
  0.650000000000000E+001  0.229286238671137E-002  0.127903882310326E-002 -0.328514424025706E-002 -0.751681813465192E-002 -0.109831538782983E-001 -0.126537270859299E-001 -0.108295097506014E-001 -0.572409165566109E-002  0.321737213637050E-002  0.294402215302658E-001  0.896360318804524E-001  0.542172178685776E-001  0.462529164548922E-001  0.420842928632038E-001  0.366732059103085E-001  0.284883947439589E-001  0.194166058261678E-001  0.103449917577088E-001  0.150856471966786E-002 -0.412129193800187E-002
  0.700000000000000E+001  0.227491277635675E-002  0.127074271113712E-002 -0.328552738900772E-002 -0.751029980672046E-002 -0.109700751925949E-001 -0.126343571131255E-001 -0.108045463292820E-001 -0.569330663240010E-002  0.325726387561902E-002  0.294836218920473E-001  0.898088262324117E-001  0.542816957843265E-001  0.462985506897381E-001  0.421202740188476E-001  0.367012864620940E-001  0.285085214737235E-001  0.194289735180920E-001  0.103495723301386E-001  0.150453625475010E-002 -0.413553975132143E-002
  0.750000000000000E+001  0.226192014565832E-002  0.126575750332596E-002 -0.328383439344623E-002 -0.750273015248632E-002 -0.109569138018098E-001 -0.126158399726576E-001 -0.107812839524890E-001 -0.566513645683732E-002  0.329310811217421E-002  0.295219051188445E-001  0.899591598082068E-001  0.543385025176406E-001  0.463391727663425E-001  0.421526247845086E-001  0.367268784307106E-001  0.285273365745578E-001  0.194411981395350E-001  0.103552076309826E-001  0.150296175819643E-002 -0.414554067189614E-002
  0.800000000000000E+001  0.225582865020130E-002  0.126675618708865E-002 -0.327664117860187E-002 -0.749000296350846E-002 -0.109389520214095E-001 -0.125929237602031E-001 -0.107540612728614E-001 -0.563357055378726E-002  0.333147424060088E-002  0.295612204240010E-001  0.901063987982751E-001  0.543961572128709E-001  0.463816350496459E-001  0.421873840456385E-001  0.367553242878598E-001  0.285494484742928E-001  0.194571378395591E-001  0.103649778729708E-001  0.150610974461270E-002 -0.414978846579661E-002
  0.850000000000000E+001  0.226374336318378E-002  0.128218300411676E-002 -0.325394016788897E-002 -0.746064096015879E-002 -0.109034098187889E-001 -0.125517205853880E-001 -0.107081831488365E-001 -0.558329241035559E-002  0.338867308051656E-002  0.296163440428766E-001  0.902947956426797E-001  0.544749898451608E-001  0.464427658239769E-001  0.422397205316586E-001  0.368003555404880E-001  0.285870497644001E-001  0.194873909591643E-001  0.103878199465420E-001  0.152124751577284E-002 -0.414237989109023E-002
  0.900000000000000E+001  0.228611312353966E-002  0.131267944250099E-002 -0.321480908336091E-002 -0.741316368666294E-002 -0.108479530737717E-001 -0.124887795531499E-001 -0.106389215512371E-001 -0.550802753392970E-002  0.347336623992144E-002  0.296971821238408E-001  0.905593871872600E-001  0.545866893897669E-001  0.465298282324391E-001  0.423146031277929E-001  0.368652415860837E-001  0.286419729930631E-001  0.195326858920978E-001  0.104236919454236E-001  0.154784865886809E-002 -0.412419121862110E-002
  0.950000000000000E+001  0.229368280809758E-002  0.132567352782885E-002 -0.319623631508963E-002 -0.738858048114030E-002 -0.108166685432252E-001 -0.124501760485208E-001 -0.105930362746916E-001 -0.545396944351205E-002  0.354051842526830E-002  0.297671251448475E-001  0.908141506936875E-001  0.546823322965976E-001  0.465973047636680E-001  0.423678409519846E-001  0.369076116342893E-001  0.286746132954465E-001  0.195570268231926E-001  0.104409730486192E-001  0.155888930031476E-002 -0.411899727365940E-002
  0.100000000000000E+002  0.226265185613872E-002  0.129665466937734E-002 -0.322475674488088E-002 -0.741594837296843E-002 -0.108413622067323E-001 -0.124705463310978E-001 -0.106077046694493E-001 -0.546083786815538E-002  0.354616150584270E-002  0.297852133653809E-001  0.909266654259314E-001  0.547047932212992E-001  0.466001660594113E-001  0.423602537315903E-001  0.368928393808868E-001  0.286545160079098E-001  0.195335834983304E-001  0.104158979366734E-001  0.153288187682985E-002 -0.414754488316377E-002
  0.105000000000000E+002  0.224211477098263E-002  0.128255454298877E-002 -0.323415202294014E-002 -0.742133216033273E-002 -0.108429246743524E-001 -0.124683271623996E-001 -0.106018603980205E-001 -0.545098016949964E-002  0.356210082730044E-002  0.298049102033181E-001  0.910134871705381E-001  0.547331053266931E-001  0.466174013572035E-001  0.423716007528779E-001  0.368994914445195E-001  0.286566375947927E-001  0.195313637614254E-001  0.104092909418080E-001  0.152124453824341E-002 -0.416593884116134E-002
  0.110000000000000E+002  0.223000952350849E-002  0.127484362302973E-002 -0.323857391093012E-002 -0.742294567364735E-002 -0.108418574897432E-001 -0.124646190446443E-001 -0.105956639622242E-001 -0.544206199562142E-002  0.357519372038064E-002  0.298202402373517E-001  0.910790131420766E-001  0.547555526317223E-001  0.466319455591712E-001  0.423820159216761E-001  0.369066033637450E-001  0.286605249031755E-001  0.195321518918229E-001  0.104069581805978E-001  0.151535596047330E-002 -0.417644868774739E-002
  0.115000000000000E+002  0.222198286946597E-002  0.126993867801154E-002 -0.324108903452735E-002 -0.742339931256334E-002 -0.108403289584912E-001 -0.124611353956900E-001 -0.105903501041797E-001 -0.543475685873724E-002  0.358557054449079E-002  0.298321391693214E-001  0.911293162844008E-001  0.547731332382588E-001  0.466436044506614E-001  0.423906039538193E-001  0.369127310996540E-001  0.286642411891830E-001  0.195335536540723E-001  0.104060456634428E-001  0.151183701238737E-002 -0.418326716038939E-002
  0.120000000000000E+002  0.221612776134638E-002  0.126641795615160E-002 -0.324280873988917E-002 -0.742356104572133E-002 -0.108389883294550E-001 -0.124583115889590E-001 -0.105861409627934E-001 -0.542904301073750E-002  0.359361170948183E-002  0.298413012190371E-001  0.911680262680058E-001  0.547867535562182E-001  0.466527080251018E-001  0.423973721356945E-001  0.369176273038858E-001  0.286673001317640E-001  0.195348509126915E-001  0.104055866815195E-001  0.150940734188540E-002 -0.418816814653392E-002
  0.125000000000000E+002  0.221183695857688E-002  0.126394383818271E-002 -0.324386391169556E-002 -0.742338555351563E-002 -0.108376303482064E-001 -0.124557935762789E-001 -0.105825492751610E-001 -0.542429616637758E-002  0.360014309248746E-002  0.298486230436354E-001  0.911986330254464E-001  0.547976941166349E-001  0.466601379963711E-001  0.424029910336253E-001  0.369217878359392E-001  0.286700209522710E-001  0.195361847942414E-001  0.104055343600179E-001  0.150780466320375E-002 -0.419169043320974E-002
  0.130000000000000E+002  0.220856691328418E-002  0.126206973954038E-002 -0.324464442550673E-002 -0.742321444942311E-002 -0.108365406764061E-001 -0.124537991514287E-001 -0.105797152150012E-001 -0.542055647631039E-002  0.360528527508781E-002  0.298543815741984E-001  0.912227598967827E-001  0.548063272568450E-001  0.466660074328209E-001  0.424074370531741E-001  0.369250904085432E-001  0.286721982486747E-001  0.195372827907417E-001  0.104055591325621E-001  0.150663419688225E-002 -0.419433497231937E-002
  0.135000000000000E+002  0.220605238585487E-002  0.126065051593597E-002 -0.324520122671755E-002 -0.742301903860701E-002 -0.108356188370954E-001 -0.124521621837056E-001 -0.105774156978214E-001 -0.541754377218905E-002  0.360940271195077E-002  0.298589694751401E-001  0.912419489987671E-001  0.548132267760058E-001  0.466707199975980E-001  0.424110243880412E-001  0.369277735051279E-001  0.286739913330577E-001  0.195382225720520E-001  0.104056514426384E-001  0.150578542100101E-002 -0.419633840118874E-002
  0.140000000000000E+002  0.220410754396356E-002  0.125956904368887E-002 -0.324559978413327E-002 -0.742282033913958E-002 -0.108348425809644E-001 -0.124508170759009E-001 -0.105755438594795E-001 -0.541510551792912E-002  0.361271877500979E-002  0.298626488488346E-001  0.912573153892429E-001  0.548187730063468E-001  0.466745216378544E-001  0.424139292265151E-001  0.369299579304562E-001  0.286754673007821E-001  0.195390202543459E-001  0.104057768802989E-001  0.150516682906203E-002 -0.419786568240337E-002
  0.145000000000000E+002  0.220259274216204E-002  0.125873849060081E-002 -0.324588674609988E-002 -0.742263046093787E-002 -0.108341907512512E-001 -0.124497097838432E-001 -0.105740147886827E-001 -0.541312308133554E-002  0.361540418234998E-002  0.298656176737973E-001  0.912696979255924E-001  0.548232558888554E-001  0.466776026647990E-001  0.424162901574343E-001  0.369317408309235E-001  0.286766826177185E-001  0.195396932084934E-001  0.104059136655769E-001  0.150471233046368E-002 -0.419903928893601E-002
  0.150000000000000E+002  0.220140485455567E-002  0.125809606674143E-002 -0.324609404016058E-002 -0.742245485020290E-002 -0.108336434368101E-001 -0.124487954990594E-001 -0.105727604953886E-001 -0.541150333557841E-002  0.361759086427503E-002  0.298680273251759E-001  0.912797353600569E-001  0.548268987645888E-001  0.466801115411213E-001  0.424182168574108E-001  0.369332006715785E-001  0.286776849177482E-001  0.195402592745490E-001  0.104060496637526E-001  0.150437581203377E-002 -0.419994827566170E-002
  0.155000000000000E+002  0.220046906156158E-002  0.125759779699514E-002 -0.324624180569663E-002 -0.742229316956839E-002 -0.108331807467779E-001 -0.124480352299187E-001 -0.105717243461258E-001 -0.541017065935846E-002  0.361938377192278E-002  0.298699964815878E-001  0.912879243148560E-001  0.548298776932261E-001  0.466821670102009E-001  0.424197984609180E-001  0.369344026903561E-001  0.286785157203989E-001  0.195407369755971E-001  0.104061802296044E-001  0.150412644524890E-002 -0.420065621283868E-002
  0.160000000000000E+002  0.219973465022948E-002  0.125721714679645E-002 -0.324633744961095E-002 -0.742213628555652E-002 -0.108327778378728E-001 -0.124473889195554E-001 -0.105708524281318E-001 -0.540905644714687E-002  0.362087423711101E-002  0.298716252939758E-001  0.912946727461724E-001  0.548323410880091E-001  0.466838717376222E-001  0.424211141179541E-001  0.369354069672228E-001  0.286792160905533E-001  0.195411488694927E-001  0.104063092473730E-001  0.150394718202203E-002 -0.420120571822771E-002
  0.165000000000000E+002  0.219917172121715E-002  0.125694375583288E-002 -0.324637526626098E-002 -0.742196439609456E-002 -0.108324015004907E-001 -0.124468104580411E-001 -0.105700870246606E-001 -0.540809087105007E-002  0.362215086098359E-002  0.298730073660754E-001  0.913003455805717E-001  0.548344260105530E-001  0.466853233225294E-001  0.424222413067587E-001  0.369362746369177E-001  0.286798308559393E-001  0.195415239277660E-001  0.104064497645226E-001  0.150383355633654E-002 -0.420162183917874E-002
  0.170000000000000E+002  0.219875279606741E-002  0.125676644349706E-002 -0.324635212365286E-002 -0.742176052857601E-002 -0.108320209437526E-001 -0.124462554167782E-001 -0.105693712193508E-001 -0.540720406451714E-002  0.362330258599781E-002  0.298742352371494E-001  0.913052981195685E-001  0.548362676089246E-001  0.466866178074823E-001  0.424232555306329E-001  0.369370643615824E-001  0.286804020120496E-001  0.195418881910773E-001  0.104066124207192E-001  0.150378061987036E-002 -0.420192688074469E-002
  0.175000000000000E+002  0.219847856095225E-002  0.125669559025275E-002 -0.324625149276699E-002 -0.742150475575598E-002 -0.108316133590048E-001 -0.124456976401237E-001 -0.105686749828621E-001 -0.540636031452140E-002  0.362437729612313E-002  0.298753674060150E-001  0.913097565531222E-001  0.548379391674474E-001  0.466878032983407E-001  0.424241941656726E-001  0.369378064630958E-001  0.286809538689769E-001  0.195422608788801E-001  0.104068111553295E-001  0.150379451995568E-002 -0.420212518319836E-002
  0.180000000000000E+002  0.219828428542047E-002  0.125667463865011E-002 -0.324612329859626E-002 -0.742123874247639E-002 -0.108312105356383E-001 -0.124451580634770E-001 -0.105680082735745E-001 -0.540555785182302E-002  0.362539170549235E-002  0.298764305485192E-001  0.913138695934616E-001  0.548394872976070E-001  0.466889035595097E-001  0.424250666567621E-001  0.369384980218522E-001  0.286814715703352E-001  0.195426164075314E-001  0.104070114092728E-001  0.150383325031637E-002 -0.420226781427371E-002
  0.185000000000000E+002  0.219808771940439E-002  0.125662185954393E-002 -0.324605388851523E-002 -0.742105463358842E-002 -0.108309095074189E-001 -0.124447369293854E-001 -0.105674722122745E-001 -0.540489587226895E-002  0.362625097487809E-002  0.298773504074090E-001  0.913174863682700E-001  0.548408172383128E-001  0.466898274516993E-001  0.424257832778168E-001  0.369390521387884E-001  0.286818726687861E-001  0.195428780021966E-001  0.104071426396269E-001  0.150383098003407E-002 -0.420242154943959E-002
  0.190000000000000E+002  0.219783108838503E-002  0.125648221151925E-002 -0.324609906742609E-002 -0.742101093218843E-002 -0.108307726335616E-001 -0.124445012582090E-001 -0.105671386047204E-001 -0.540445138505382E-002  0.362686948532035E-002  0.298780462450285E-001  0.913203570604577E-001  0.548418213929483E-001  0.466904905638837E-001  0.424262707484871E-001  0.369394038676390E-001  0.286820993616968E-001  0.195429934433590E-001  0.104071565233602E-001  0.150374087108166E-002 -0.420263584603887E-002
  0.195000000000000E+002  0.219756388870904E-002  0.125631685823509E-002 -0.324618508786225E-002 -0.742102416119442E-002 -0.108307106686386E-001 -0.124443601817565E-001 -0.105669191903036E-001 -0.540414314045404E-002  0.362731642871249E-002  0.298785627345656E-001  0.913225453567856E-001  0.548425695538555E-001  0.466909729258130E-001  0.424266153728027E-001  0.369396417038158E-001  0.286822382311582E-001  0.195430433393535E-001  0.104071238296171E-001  0.150362117971640E-002 -0.420286357376707E-002
  0.200000000000000E+002  0.219734668302220E-002  0.125618846019669E-002 -0.324624406448746E-002 -0.742102092207027E-002 -0.108306452672832E-001 -0.124442313435110E-001 -0.105667292161215E-001 -0.540388532505782E-002  0.362767959154032E-002  0.298789747220014E-001  0.913242703325311E-001  0.548431714865970E-001  0.466913701625915E-001  0.424269066400590E-001  0.369398496422257E-001  0.286823671477540E-001  0.195430991949784E-001  0.104071096400998E-001  0.150353136910200E-002 -0.420304713280986E-002
  0.205000000000000E+002  0.219717795617538E-002  0.125609146141271E-002 -0.324628472439936E-002 -0.742101137647548E-002 -0.108305859793149E-001 -0.124441217486314E-001 -0.105665716217046E-001 -0.540367488299677E-002  0.362797206700244E-002  0.298793036560142E-001  0.913256408547115E-001  0.548436545160873E-001  0.466916925428835E-001  0.424271460218277E-001  0.369400234452616E-001  0.286824782343773E-001  0.195431518017208E-001  0.104071057090988E-001  0.150346605614546E-002 -0.420318812554311E-002
  0.210000000000000E+002  0.219704573932618E-002  0.125601657156711E-002 -0.324631443114328E-002 -0.742100088266760E-002 -0.108305357779660E-001 -0.124440315351810E-001 -0.105664434128149E-001 -0.540350499668796E-002  0.362820666867765E-002  0.298795663899381E-001  0.913267336543903E-001  0.548440416504151E-001  0.466919524214679E-001  0.424273402414326E-001  0.369401656675743E-001  0.286825705294763E-001  0.195431973738382E-001  0.104071059728961E-001  0.150341705026802E-002 -0.420329762577699E-002
  0.215000000000000E+002  0.219694134419823E-002  0.125595811519524E-002 -0.324633657982108E-002 -0.742099076300826E-002 -0.108304938512214E-001 -0.124439576450724E-001 -0.105663392711027E-001 -0.540336777105935E-002  0.362839527086680E-002  0.298797769308260E-001  0.913276082292306E-001  0.548443526929498E-001  0.466921621134721E-001  0.424274976894830E-001  0.369402816680330E-001  0.286826466243067E-001  0.195432360307883E-001  0.104071082509317E-001  0.150337973180739E-002 -0.420338341676652E-002
  0.220000000000000E+002  0.219685859476900E-002  0.125591223583686E-002 -0.324635325344056E-002 -0.742098149239469E-002 -0.108304590409229E-001 -0.124438972190471E-001 -0.105662546613314E-001 -0.540325676402092E-002  0.362854727247158E-002  0.298799461674888E-001  0.913283105203125E-001  0.548446032502619E-001  0.466923315928823E-001  0.424276254031833E-001  0.369403762134293E-001  0.286827091731757E-001  0.195432685163481E-001  0.104071114851128E-001  0.150335111867399E-002 -0.420345091337672E-002
  0.225000000000000E+002  0.219679273843663E-002  0.125587599231771E-002 -0.324636599322856E-002 -0.742097335105273E-002 -0.108304303594803E-001 -0.124438479545667E-001 -0.105661859947727E-001 -0.540316694771666E-002  0.362866993703495E-002  0.298800824787752E-001  0.913288758606330E-001  0.548448054094073E-001  0.466924686589073E-001  0.424277289554809E-001  0.369404531324825E-001  0.286827603771411E-001  0.195432955370783E-001  0.104071149707993E-001  0.150332898294541E-002 -0.420350426588780E-002
  0.230000000000000E+002  0.219674022056908E-002  0.125584731008608E-002 -0.324637572343106E-002 -0.742096623838591E-002 -0.108304066846251E-001 -0.124438076974636E-001 -0.105661301237819E-001 -0.540309407597003E-002  0.362876921485583E-002  0.298801925937178E-001  0.913293322460833E-001  0.548449689492401E-001  0.466925797730161E-001  0.424278130925569E-001  0.369405158212529E-001  0.286828023406095E-001  0.195433180040849E-001  0.104071184570776E-001  0.150331181975177E-002 -0.420354653942354E-002
  0.235000000000000E+002  0.219669826331439E-002  0.125582456817792E-002 -0.324638315684729E-002 -0.742096005839185E-002 -0.108303871209558E-001 -0.124437747368076E-001 -0.105660845594975E-001 -0.540303480266776E-002  0.362884978618312E-002  0.298802818035988E-001  0.913297017160261E-001  0.548451015862110E-001  0.466926700553346E-001  0.424278815862713E-001  0.369405669880285E-001  0.286828367625612E-001  0.195433366710095E-001  0.104071217876421E-001  0.150329848095472E-002 -0.420358010903863E-002
  0.240000000000000E+002  0.219666468660928E-002  0.125580651073345E-002 -0.324638882362203E-002 -0.742095470128583E-002 -0.108303709176910E-001 -0.124437476832703E-001 -0.105660473032333E-001 -0.540298645373851E-002  0.362891537177660E-002  0.298803542961148E-001  0.913300016924953E-001  0.548452094544692E-001  0.466927435916870E-001  0.424279374670950E-001  0.369406088296670E-001  0.286828650369397E-001  0.195433521829825E-001  0.104071248842085E-001  0.150328809574238E-002 -0.420360682768874E-002
  0.245000000000000E+002  0.219663777544855E-002  0.125579216223554E-002 -0.324639312364142E-002 -0.742095004676410E-002 -0.108303574559950E-001 -0.124437254048307E-001 -0.105660167391313E-001 -0.540294688571616E-002  0.362896893111086E-002  0.298804133957156E-001  0.913302460047961E-001  0.548452974380627E-001  0.466928036553507E-001  0.424279831794893E-001  0.369406431302945E-001  0.286828883112262E-001  0.195433650906952E-001  0.104071277151970E-001  0.150327999854753E-002 -0.420362813805729E-002
  0.250000000000000E+002  0.219661621940175E-002  0.125578080650260E-002 -0.324639630213018E-002 -0.742094593031534E-002 -0.108303461578565E-001 -0.124437069190412E-001 -0.105659914991981E-001 -0.540291431150030E-002  0.362901290664403E-002  0.298804618145949E-001  0.913304458220161E-001  0.548453695241920E-001  0.466928529465619E-001  0.424280207573408E-001  0.369406713955187E-001  0.286829075822192E-001  0.195433759099565E-001  0.104071303261132E-001  0.150327372205295E-002 -0.420364513436219E-002
  0.255000000000000E+002  0.219659907459358E-002  0.125577197851174E-002 -0.324639843555571E-002 -0.742094207784243E-002 -0.108303364126444E-001 -0.124436912797446E-001 -0.105659703254600E-001 -0.540288713446622E-002  0.362904941742832E-002  0.298805018668031E-001  0.913306104799925E-001  0.548454290994797E-001  0.466928937931177E-001  0.424280519844194E-001  0.369406949743999E-001  0.286829237789237E-001  0.195433851739835E-001  0.104071328591396E-001  0.150326898300464E-002 -0.420365861130885E-002
  0.260000000000000E+002  0.219658550967556E-002  0.125576522367744E-002 -0.324639968077421E-002 -0.742093838561822E-002 -0.108303278537400E-001 -0.124436778484165E-001 -0.105659523239121E-001 -0.540286417889077E-002  0.362908007821325E-002  0.298805353580314E-001  0.913307474423438E-001  0.548454788151523E-001  0.466929279811395E-001  0.424280782046370E-001  0.369407148624516E-001  0.286829375581680E-001  0.195433932212461E-001  0.104071353516531E-001  0.150326549708146E-002 -0.420366924831216E-002
  0.265000000000000E+002  0.219657473038739E-002  0.125576003496250E-002 -0.324640032516547E-002 -0.742093493859563E-002 -0.108303203668079E-001 -0.124436663093365E-001 -0.105659369762888E-001 -0.540284470385018E-002  0.362910597861143E-002  0.298805635635989E-001  0.913308622069112E-001  0.548455205519738E-001  0.466929567303826E-001  0.424281002903574E-001  0.369407316608483E-001  0.286829492679391E-001  0.195434001681945E-001  0.104071376949882E-001  0.150326290515448E-002 -0.420367771199885E-002
  0.270000000000000E+002  0.219656603445626E-002  0.125575594940590E-002 -0.324640065371580E-002 -0.742093187072818E-002 -0.108303139295686E-001 -0.124436564825222E-001 -0.105659239573449E-001 -0.540282821388045E-002  0.362912787291959E-002  0.298805873812859E-001  0.913309587530821E-001  0.548455556621234E-001  0.466929809081821E-001  0.424281188624914E-001  0.369407457906791E-001  0.286829591347958E-001  0.195434060579799E-001  0.104071397586222E-001  0.150326088426713E-002 -0.420368457688466E-002
  0.275000000000000E+002  0.219655877756781E-002  0.125575249015222E-002 -0.324640101550971E-002 -0.742092942442320E-002 -0.108303086845733E-001 -0.124436484066029E-001 -0.105659131981913E-001 -0.540281452912764E-002  0.362914611955167E-002  0.298806072988478E-001  0.913310395546995E-001  0.548455849306762E-001  0.466930009777363E-001  0.424281342145460E-001  0.369407574131725E-001  0.286829671960753E-001  0.195434108086390E-001  0.104071413406123E-001  0.150325909873779E-002 -0.420369036047212E-002
  0.280000000000000E+002  0.219655247140113E-002  0.125574931297196E-002 -0.324640166062506E-002 -0.742092776971918E-002 -0.108303047240771E-001 -0.124436421016276E-001 -0.105659046591662E-001 -0.540280353407530E-002  0.362916094300852E-002  0.298806236070750E-001  0.913311061617620E-001  0.548456088605819E-001  0.466930172540283E-001  0.424281465567247E-001  0.369407666568566E-001  0.286829734901183E-001  0.195434143792892E-001  0.104071423115030E-001  0.150325730834805E-002 -0.420369544619310E-002
  0.285000000000000E+002  0.219654696029381E-002  0.125574638887983E-002 -0.324640250986979E-002 -0.742092673757699E-002 -0.108303018051353E-001 -0.124436372621698E-001 -0.105658979785755E-001 -0.540279482652857E-002  0.362917281025528E-002  0.298806367668581E-001  0.913311602946582E-001  0.548456281673798E-001  0.466930302894103E-001  0.424281563652555E-001  0.369407739243618E-001  0.286829783442692E-001  0.195434170057581E-001  0.104071428136741E-001  0.150325554693870E-002 -0.420369993535155E-002
  0.290000000000000E+002  0.219654228744759E-002  0.125574385768070E-002 -0.324640333018974E-002 -0.742092601435237E-002 -0.108302995411845E-001 -0.124436334284846E-001 -0.105658926472515E-001 -0.540278784535148E-002  0.362918235704702E-002  0.298806473798614E-001  0.913312040966317E-001  0.548456437598049E-001  0.466930407983972E-001  0.424281642567016E-001  0.369407797516604E-001  0.286829822074329E-001  0.195434190475899E-001  0.104071431130322E-001  0.150325398258065E-002 -0.420370375781753E-002
  0.295000000000000E+002  0.219653843544846E-002  0.125574176836921E-002 -0.324640401346806E-002 -0.742092543340269E-002 -0.108302977010201E-001 -0.124436303152610E-001 -0.105658883198859E-001 -0.540278218494088E-002  0.362919009227979E-002  0.298806559730010E-001  0.913312395658532E-001  0.548456564024088E-001  0.466930493332746E-001  0.424281706744641E-001  0.369407844991215E-001  0.286829853589976E-001  0.195434207161353E-001  0.104071433553566E-001  0.150325269221601E-002 -0.420370690786191E-002
