 # Integral loads: N.components: 1
 #                 Ref.sys     : 0
 #                 Components  : right_wing
 #  t , Fx , Fy , Fz , Mx , My , Mz , ref_mat(9) , ref_off(3) 
  0.000000000000000E+000  0.166279431221670E+000  0.101191351885570E+000  0.275029096111766E+001  0.440392341154921E+001 -0.692802305693650E+000 -0.114659768461705E+000  0.100000000000000E+001  0.000000000000000E+000  0.000000000000000E+000  0.000000000000000E+000  0.100000000000000E+001  0.000000000000000E+000  0.000000000000000E+000  0.000000000000000E+000  0.100000000000000E+001  0.000000000000000E+000  0.000000000000000E+000  0.000000000000000E+000
  0.500000000000000E+000 -0.954363226454555E-001  0.229848991008098E+000  0.114611926955236E+001  0.206059473992477E+001 -0.434790520154907E+000  0.103629753384804E+000  0.100000000000000E+001  0.000000000000000E+000  0.000000000000000E+000  0.000000000000000E+000  0.100000000000000E+001  0.000000000000000E+000  0.000000000000000E+000  0.000000000000000E+000  0.100000000000000E+001  0.000000000000000E+000  0.000000000000000E+000  0.000000000000000E+000
  0.100000000000000E+001 -0.945188165347417E-001  0.235665062273186E+000  0.114873243493336E+001  0.202470438425381E+001 -0.394495391861826E+000  0.107544281753310E+000  0.100000000000000E+001  0.000000000000000E+000  0.000000000000000E+000  0.000000000000000E+000  0.100000000000000E+001  0.000000000000000E+000  0.000000000000000E+000  0.000000000000000E+000  0.100000000000000E+001  0.000000000000000E+000  0.000000000000000E+000  0.000000000000000E+000
  0.150000000000000E+001 -0.947140947946948E-001  0.239949024028833E+000  0.117745990370874E+001  0.205893273478874E+001 -0.399179702611783E+000  0.112339411815823E+000  0.100000000000000E+001  0.000000000000000E+000  0.000000000000000E+000  0.000000000000000E+000  0.100000000000000E+001  0.000000000000000E+000  0.000000000000000E+000  0.000000000000000E+000  0.100000000000000E+001  0.000000000000000E+000  0.000000000000000E+000  0.000000000000000E+000
  0.200000000000000E+001 -0.950677703825802E-001  0.243339113275542E+000  0.120558311975902E+001  0.210301211353899E+001 -0.411517291341841E+000  0.116734818134654E+000  0.100000000000000E+001  0.000000000000000E+000  0.000000000000000E+000  0.000000000000000E+000  0.100000000000000E+001  0.000000000000000E+000  0.000000000000000E+000  0.000000000000000E+000  0.100000000000000E+001  0.000000000000000E+000  0.000000000000000E+000  0.000000000000000E+000
  0.250000000000000E+001 -0.954227464791425E-001  0.246034256516533E+000  0.122865925624270E+001  0.214154268879619E+001 -0.422759637497132E+000  0.120386454108637E+000  0.100000000000000E+001  0.000000000000000E+000  0.000000000000000E+000  0.000000000000000E+000  0.100000000000000E+001  0.000000000000000E+000  0.000000000000000E+000  0.000000000000000E+000  0.100000000000000E+001  0.000000000000000E+000  0.000000000000000E+000  0.000000000000000E+000
  0.300000000000000E+001 -0.957369173222402E-001  0.248203774958975E+000  0.124736918012951E+001  0.217326038743786E+001 -0.431936828428172E+000  0.123334753764480E+000  0.100000000000000E+001  0.000000000000000E+000  0.000000000000000E+000  0.000000000000000E+000  0.100000000000000E+001  0.000000000000000E+000  0.000000000000000E+000  0.000000000000000E+000  0.100000000000000E+001  0.000000000000000E+000  0.000000000000000E+000  0.000000000000000E+000
  0.350000000000000E+001 -0.960151724547393E-001  0.249972694162338E+000  0.126271032033039E+001  0.219948884494462E+001 -0.439426126102623E+000  0.125733200453155E+000  0.100000000000000E+001  0.000000000000000E+000  0.000000000000000E+000  0.000000000000000E+000  0.100000000000000E+001  0.000000000000000E+000  0.000000000000000E+000  0.000000000000000E+000  0.100000000000000E+001  0.000000000000000E+000  0.000000000000000E+000  0.000000000000000E+000
  0.400000000000000E+001 -0.962635076636131E-001  0.251431538587037E+000  0.127540805031724E+001  0.222140320560147E+001 -0.445619390127831E+000  0.127710529298453E+000  0.100000000000000E+001  0.000000000000000E+000  0.000000000000000E+000  0.000000000000000E+000  0.100000000000000E+001  0.000000000000000E+000  0.000000000000000E+000  0.000000000000000E+000  0.100000000000000E+001  0.000000000000000E+000  0.000000000000000E+000  0.000000000000000E+000
  0.450000000000000E+001 -0.964856534949813E-001  0.252647309792542E+000  0.128601961156116E+001  0.223987951409605E+001 -0.450796902286068E+000  0.129359425737039E+000  0.100000000000000E+001  0.000000000000000E+000  0.000000000000000E+000  0.000000000000000E+000  0.100000000000000E+001  0.000000000000000E+000  0.000000000000000E+000  0.000000000000000E+000  0.100000000000000E+001  0.000000000000000E+000  0.000000000000000E+000  0.000000000000000E+000
  0.500000000000000E+001 -0.966844399244770E-001  0.253670155065951E+000  0.129496474158202E+001  0.225557370843131E+001 -0.455160423943153E+000  0.130747668855757E+000  0.100000000000000E+001  0.000000000000000E+000  0.000000000000000E+000  0.000000000000000E+000  0.100000000000000E+001  0.000000000000000E+000  0.000000000000000E+000  0.000000000000000E+000  0.100000000000000E+001  0.000000000000000E+000  0.000000000000000E+000  0.000000000000000E+000
  0.550000000000000E+001 -0.968624027448074E-001  0.254538157954967E+000  0.130256553203346E+001  0.226899610674613E+001 -0.458863966904898E+000  0.131926446433813E+000  0.100000000000000E+001  0.000000000000000E+000  0.000000000000000E+000  0.000000000000000E+000  0.100000000000000E+001  0.000000000000000E+000  0.000000000000000E+000  0.000000000000000E+000  0.100000000000000E+001  0.000000000000000E+000  0.000000000000000E+000  0.000000000000000E+000
  0.600000000000000E+001 -0.970219051771687E-001  0.255280608118003E+000  0.130907255563098E+001  0.228055093741436E+001 -0.462028597192785E+000  0.132935216788911E+000  0.100000000000000E+001  0.000000000000000E+000  0.000000000000000E+000  0.000000000000000E+000  0.100000000000000E+001  0.000000000000000E+000  0.000000000000000E+000  0.000000000000000E+000  0.100000000000000E+001  0.000000000000000E+000  0.000000000000000E+000  0.000000000000000E+000
  0.650000000000000E+001 -0.971651033953365E-001  0.255920303898375E+000  0.131468241249519E+001  0.229056047994415E+001 -0.464750342882812E+000  0.133804763059375E+000  0.100000000000000E+001  0.000000000000000E+000  0.000000000000000E+000  0.000000000000000E+000  0.100000000000000E+001  0.000000000000000E+000  0.000000000000000E+000  0.000000000000000E+000  0.100000000000000E+001  0.000000000000000E+000  0.000000000000000E+000  0.000000000000000E+000
  0.700000000000000E+001 -0.972939290814788E-001  0.256475179335659E+000  0.131955054130918E+001  0.229928294739683E+001 -0.467105720813264E+000  0.134559332098860E+000  0.100000000000000E+001  0.000000000000000E+000  0.000000000000000E+000  0.000000000000000E+000  0.100000000000000E+001  0.000000000000000E+000  0.000000000000000E+000  0.000000000000000E+000  0.100000000000000E+001  0.000000000000000E+000  0.000000000000000E+000  0.000000000000000E+000
  0.750000000000000E+001 -0.974152266941464E-001  0.256967261331779E+000  0.132399900895471E+001  0.230728727672285E+001 -0.469243259095441E+000  0.135233927680437E+000  0.100000000000000E+001  0.000000000000000E+000  0.000000000000000E+000  0.000000000000000E+000  0.100000000000000E+001  0.000000000000000E+000  0.000000000000000E+000  0.000000000000000E+000  0.100000000000000E+001  0.000000000000000E+000  0.000000000000000E+000  0.000000000000000E+000
  0.800000000000000E+001 -0.975453267044710E-001  0.257429010670787E+000  0.132855193468324E+001  0.231561665284366E+001 -0.471441644288343E+000  0.135892326858745E+000  0.100000000000000E+001  0.000000000000000E+000  0.000000000000000E+000  0.000000000000000E+000  0.100000000000000E+001  0.000000000000000E+000  0.000000000000000E+000  0.000000000000000E+000  0.100000000000000E+001  0.000000000000000E+000  0.000000000000000E+000  0.000000000000000E+000
  0.850000000000000E+001 -0.976901337359106E-001  0.257883097545215E+000  0.133331531682940E+001  0.232450496812855E+001 -0.473776893271458E+000  0.136566427467756E+000  0.100000000000000E+001  0.000000000000000E+000  0.000000000000000E+000  0.000000000000000E+000  0.100000000000000E+001  0.000000000000000E+000  0.000000000000000E+000  0.000000000000000E+000  0.100000000000000E+001  0.000000000000000E+000  0.000000000000000E+000  0.000000000000000E+000
  0.900000000000000E+001 -0.979355778523337E-001  0.258459983797341E+000  0.134135228281462E+001  0.233952574390607E+001 -0.477553969426580E+000  0.137510925308073E+000  0.100000000000000E+001  0.000000000000000E+000  0.000000000000000E+000  0.000000000000000E+000  0.100000000000000E+001  0.000000000000000E+000  0.000000000000000E+000  0.000000000000000E+000  0.100000000000000E+001  0.000000000000000E+000  0.000000000000000E+000  0.000000000000000E+000
  0.950000000000000E+001 -0.981431307797009E-001  0.259035329922894E+000  0.134702550961032E+001  0.235028910263464E+001 -0.480322553481877E+000  0.138334423287277E+000  0.100000000000000E+001  0.000000000000000E+000  0.000000000000000E+000  0.000000000000000E+000  0.100000000000000E+001  0.000000000000000E+000  0.000000000000000E+000  0.000000000000000E+000  0.100000000000000E+001  0.000000000000000E+000  0.000000000000000E+000  0.000000000000000E+000
  0.100000000000000E+002 -0.981903295017000E-001  0.259372173370837E+000  0.134679472710734E+001  0.235007082215555E+001 -0.480363383673384E+000  0.138664839559458E+000  0.100000000000000E+001  0.000000000000000E+000  0.000000000000000E+000  0.000000000000000E+000  0.100000000000000E+001  0.000000000000000E+000  0.000000000000000E+000  0.000000000000000E+000  0.100000000000000E+001  0.000000000000000E+000  0.000000000000000E+000  0.000000000000000E+000
  0.105000000000000E+002 -0.982386956467484E-001  0.259631331532377E+000  0.134818696879510E+001  0.235245941354677E+001 -0.480899723183598E+000  0.138972736115301E+000  0.100000000000000E+001  0.000000000000000E+000  0.000000000000000E+000  0.000000000000000E+000  0.100000000000000E+001  0.000000000000000E+000  0.000000000000000E+000  0.000000000000000E+000  0.100000000000000E+001  0.000000000000000E+000  0.000000000000000E+000  0.000000000000000E+000
  0.110000000000000E+002 -0.982813771170380E-001  0.259840078461849E+000  0.134960757684406E+001  0.235494840386386E+001 -0.481520659003270E+000  0.139235450720863E+000  0.100000000000000E+001  0.000000000000000E+000  0.000000000000000E+000  0.000000000000000E+000  0.100000000000000E+001  0.000000000000000E+000  0.000000000000000E+000  0.000000000000000E+000  0.100000000000000E+001  0.000000000000000E+000  0.000000000000000E+000  0.000000000000000E+000
  0.115000000000000E+002 -0.983167287067160E-001  0.260009541260549E+000  0.135081371888660E+001  0.235708823671676E+001 -0.482077015425862E+000  0.139452783043485E+000  0.100000000000000E+001  0.000000000000000E+000  0.000000000000000E+000  0.000000000000000E+000  0.100000000000000E+001  0.000000000000000E+000  0.000000000000000E+000  0.000000000000000E+000  0.100000000000000E+001  0.000000000000000E+000  0.000000000000000E+000  0.000000000000000E+000
  0.120000000000000E+002 -0.983460617230544E-001  0.260148280463058E+000  0.135183264011210E+001  0.235890156581301E+001 -0.482553782492110E+000  0.139632462616491E+000  0.100000000000000E+001  0.000000000000000E+000  0.000000000000000E+000  0.000000000000000E+000  0.100000000000000E+001  0.000000000000000E+000  0.000000000000000E+000  0.000000000000000E+000  0.100000000000000E+001  0.000000000000000E+000  0.000000000000000E+000  0.000000000000000E+000
  0.125000000000000E+002 -0.983705431563291E-001  0.260262708340634E+000  0.135269140875090E+001  0.236043184536527E+001 -0.482957940687899E+000  0.139781481205293E+000  0.100000000000000E+001  0.000000000000000E+000  0.000000000000000E+000  0.000000000000000E+000  0.100000000000000E+001  0.000000000000000E+000  0.000000000000000E+000  0.000000000000000E+000  0.100000000000000E+001  0.000000000000000E+000  0.000000000000000E+000  0.000000000000000E+000
  0.130000000000000E+002 -0.983911219618334E-001  0.260357690406850E+000  0.135341581505956E+001  0.236172446427854E+001 -0.483300097778429E+000  0.139905663012565E+000  0.100000000000000E+001  0.000000000000000E+000  0.000000000000000E+000  0.000000000000000E+000  0.100000000000000E+001  0.000000000000000E+000  0.000000000000000E+000  0.000000000000000E+000  0.100000000000000E+001  0.000000000000000E+000  0.000000000000000E+000  0.000000000000000E+000
  0.135000000000000E+002 -0.984085267437913E-001  0.260436957527707E+000  0.135402781213614E+001  0.236281821629476E+001 -0.483589933033036E+000  0.140009622083168E+000  0.100000000000000E+001  0.000000000000000E+000  0.000000000000000E+000  0.000000000000000E+000  0.100000000000000E+001  0.000000000000000E+000  0.000000000000000E+000  0.000000000000000E+000  0.100000000000000E+001  0.000000000000000E+000  0.000000000000000E+000  0.000000000000000E+000
  0.140000000000000E+002 -0.984233192572786E-001  0.260503417672742E+000  0.135454580026896E+001  0.236374547690557E+001 -0.483835713590638E+000  0.140097006697671E+000  0.100000000000000E+001  0.000000000000000E+000  0.000000000000000E+000  0.000000000000000E+000  0.100000000000000E+001  0.000000000000000E+000  0.000000000000000E+000  0.000000000000000E+000  0.100000000000000E+001  0.000000000000000E+000  0.000000000000000E+000  0.000000000000000E+000
  0.145000000000000E+002 -0.984359412149286E-001  0.260559367072179E+000  0.135498509585138E+001  0.236453315848070E+001 -0.484044416448694E+000  0.140170726099802E+000  0.100000000000000E+001  0.000000000000000E+000  0.000000000000000E+000  0.000000000000000E+000  0.100000000000000E+001  0.000000000000000E+000  0.000000000000000E+000  0.000000000000000E+000  0.100000000000000E+001  0.000000000000000E+000  0.000000000000000E+000  0.000000000000000E+000
  0.150000000000000E+002 -0.984467472113056E-001  0.260606639391206E+000  0.135535845100328E+001  0.236520368166104E+001 -0.484221921684856E+000  0.140233123324613E+000  0.100000000000000E+001  0.000000000000000E+000  0.000000000000000E+000  0.000000000000000E+000  0.100000000000000E+001  0.000000000000000E+000  0.000000000000000E+000  0.000000000000000E+000  0.100000000000000E+001  0.000000000000000E+000  0.000000000000000E+000  0.000000000000000E+000
  0.155000000000000E+002 -0.984560316950553E-001  0.260646720127485E+000  0.135567666754922E+001  0.236577609451179E+001 -0.484373261553153E+000  0.140286117667084E+000  0.100000000000000E+001  0.000000000000000E+000  0.000000000000000E+000  0.000000000000000E+000  0.100000000000000E+001  0.000000000000000E+000  0.000000000000000E+000  0.000000000000000E+000  0.100000000000000E+001  0.000000000000000E+000  0.000000000000000E+000  0.000000000000000E+000
  0.160000000000000E+002 -0.984640478242002E-001  0.260680830961036E+000  0.135594901650869E+001  0.236626686631739E+001 -0.484502810948479E+000  0.140331312238624E+000  0.100000000000000E+001  0.000000000000000E+000  0.000000000000000E+000  0.000000000000000E+000  0.100000000000000E+001  0.000000000000000E+000  0.000000000000000E+000  0.000000000000000E+000  0.100000000000000E+001  0.000000000000000E+000  0.000000000000000E+000  0.000000000000000E+000
  0.165000000000000E+002 -0.984710371995696E-001  0.260710020394023E+000  0.135618424206409E+001  0.236669167323242E+001 -0.484614709478710E+000  0.140370124302694E+000  0.100000000000000E+001  0.000000000000000E+000  0.000000000000000E+000  0.000000000000000E+000  0.100000000000000E+001  0.000000000000000E+000  0.000000000000000E+000  0.000000000000000E+000  0.100000000000000E+001  0.000000000000000E+000  0.000000000000000E+000  0.000000000000000E+000
  0.170000000000000E+002 -0.984772370180829E-001  0.260735212284575E+000  0.135639043422393E+001  0.236706533738534E+001 -0.484712878688327E+000  0.140403842456617E+000  0.100000000000000E+001  0.000000000000000E+000  0.000000000000000E+000  0.000000000000000E+000  0.100000000000000E+001  0.000000000000000E+000  0.000000000000000E+000  0.000000000000000E+000  0.100000000000000E+001  0.000000000000000E+000  0.000000000000000E+000  0.000000000000000E+000
  0.175000000000000E+002 -0.984827524184456E-001  0.260757034377519E+000  0.135657021579035E+001  0.236739271682396E+001 -0.484798745809756E+000  0.140433230957289E+000  0.100000000000000E+001  0.000000000000000E+000  0.000000000000000E+000  0.000000000000000E+000  0.100000000000000E+001  0.000000000000000E+000  0.000000000000000E+000  0.000000000000000E+000  0.100000000000000E+001  0.000000000000000E+000  0.000000000000000E+000  0.000000000000000E+000
  0.180000000000000E+002 -0.984877297233640E-001  0.260776149015391E+000  0.135673020608277E+001  0.236768475303531E+001 -0.484874902943104E+000  0.140459093285584E+000  0.100000000000000E+001  0.000000000000000E+000  0.000000000000000E+000  0.000000000000000E+000  0.100000000000000E+001  0.000000000000000E+000  0.000000000000000E+000  0.000000000000000E+000  0.100000000000000E+001  0.000000000000000E+000  0.000000000000000E+000  0.000000000000000E+000
  0.185000000000000E+002 -0.984920922502931E-001  0.260792832652828E+000  0.135686769380844E+001  0.236793593019417E+001 -0.484940237034788E+000  0.140481526543882E+000  0.100000000000000E+001  0.000000000000000E+000  0.000000000000000E+000  0.000000000000000E+000  0.100000000000000E+001  0.000000000000000E+000  0.000000000000000E+000  0.000000000000000E+000  0.100000000000000E+001  0.000000000000000E+000  0.000000000000000E+000  0.000000000000000E+000
  0.190000000000000E+002 -0.984955098770374E-001  0.260806742356645E+000  0.135697134837885E+001  0.236812516114735E+001 -0.484989780736488E+000  0.140499768249993E+000  0.100000000000000E+001  0.000000000000000E+000  0.000000000000000E+000  0.000000000000000E+000  0.100000000000000E+001  0.000000000000000E+000  0.000000000000000E+000  0.000000000000000E+000  0.100000000000000E+001  0.000000000000000E+000  0.000000000000000E+000  0.000000000000000E+000
  0.195000000000000E+002 -0.984981684982893E-001  0.260818150418705E+000  0.135705294350827E+001  0.236827293389613E+001 -0.485028325056947E+000  0.140514536286065E+000  0.100000000000000E+001  0.000000000000000E+000  0.000000000000000E+000  0.000000000000000E+000  0.100000000000000E+001  0.000000000000000E+000  0.000000000000000E+000  0.000000000000000E+000  0.100000000000000E+001  0.000000000000000E+000  0.000000000000000E+000  0.000000000000000E+000
  0.200000000000000E+002 -0.985003653457526E-001  0.260827618634156E+000  0.135712296427585E+001  0.236839915847063E+001 -0.485061134746664E+000  0.140526868323002E+000  0.100000000000000E+001  0.000000000000000E+000  0.000000000000000E+000  0.000000000000000E+000  0.100000000000000E+001  0.000000000000000E+000  0.000000000000000E+000  0.000000000000000E+000  0.100000000000000E+001  0.000000000000000E+000  0.000000000000000E+000  0.000000000000000E+000
  0.205000000000000E+002 -0.985021971286733E-001  0.260835514783812E+000  0.135718237855198E+001  0.236850619916962E+001 -0.485089061682254E+000  0.140537196616973E+000  0.100000000000000E+001  0.000000000000000E+000  0.000000000000000E+000  0.000000000000000E+000  0.100000000000000E+001  0.000000000000000E+000  0.000000000000000E+000  0.000000000000000E+000  0.100000000000000E+001  0.000000000000000E+000  0.000000000000000E+000  0.000000000000000E+000
  0.210000000000000E+002 -0.985037271315249E-001  0.260842113928212E+000  0.135723245215173E+001  0.236859640907399E+001 -0.485112669236361E+000  0.140545847619348E+000  0.100000000000000E+001  0.000000000000000E+000  0.000000000000000E+000  0.000000000000000E+000  0.100000000000000E+001  0.000000000000000E+000  0.000000000000000E+000  0.000000000000000E+000  0.100000000000000E+001  0.000000000000000E+000  0.000000000000000E+000  0.000000000000000E+000
  0.215000000000000E+002 -0.985050084270229E-001  0.260847638869867E+000  0.135727462933206E+001  0.236867239006710E+001 -0.485132587026376E+000  0.140553101182287E+000  0.100000000000000E+001  0.000000000000000E+000  0.000000000000000E+000  0.000000000000000E+000  0.100000000000000E+001  0.000000000000000E+000  0.000000000000000E+000  0.000000000000000E+000  0.100000000000000E+001  0.000000000000000E+000  0.000000000000000E+000  0.000000000000000E+000
  0.220000000000000E+002 -0.985060842661628E-001  0.260852272115546E+000  0.135731017393683E+001  0.236873642590063E+001 -0.485149390670436E+000  0.140559191071411E+000  0.100000000000000E+001  0.000000000000000E+000  0.000000000000000E+000  0.000000000000000E+000  0.100000000000000E+001  0.000000000000000E+000  0.000000000000000E+000  0.000000000000000E+000  0.100000000000000E+001  0.000000000000000E+000  0.000000000000000E+000  0.000000000000000E+000
  0.225000000000000E+002 -0.985069897048887E-001  0.260856163520044E+000  0.135734014966231E+001  0.236879043873396E+001 -0.485163573231695E+000  0.140564310854407E+000  0.100000000000000E+001  0.000000000000000E+000  0.000000000000000E+000  0.000000000000000E+000  0.100000000000000E+001  0.000000000000000E+000  0.000000000000000E+000  0.000000000000000E+000  0.100000000000000E+001  0.000000000000000E+000  0.000000000000000E+000  0.000000000000000E+000
  0.230000000000000E+002 -0.985077532348111E-001  0.260859436413184E+000  0.135736544656829E+001  0.236883603378011E+001 -0.485175549819281E+000  0.140568620506528E+000  0.100000000000000E+001  0.000000000000000E+000  0.000000000000000E+000  0.000000000000000E+000  0.100000000000000E+001  0.000000000000000E+000  0.000000000000000E+000  0.000000000000000E+000  0.100000000000000E+001  0.000000000000000E+000  0.000000000000000E+000  0.000000000000000E+000
  0.235000000000000E+002 -0.985083981655257E-001  0.260862192586678E+000  0.135738680952537E+001  0.236887455193662E+001 -0.485185668926623E+000  0.140572252438291E+000  0.100000000000000E+001  0.000000000000000E+000  0.000000000000000E+000  0.000000000000000E+000  0.100000000000000E+001  0.000000000000000E+000  0.000000000000000E+000  0.000000000000000E+000  0.100000000000000E+001  0.000000000000000E+000  0.000000000000000E+000  0.000000000000000E+000
  0.240000000000000E+002 -0.985089436933355E-001  0.260864516300240E+000  0.135740486271951E+001  0.236890711564852E+001 -0.485194223413579E+000  0.140575316530859E+000  0.100000000000000E+001  0.000000000000000E+000  0.000000000000000E+000  0.000000000000000E+000  0.100000000000000E+001  0.000000000000000E+000  0.000000000000000E+000  0.000000000000000E+000  0.100000000000000E+001  0.000000000000000E+000  0.000000000000000E+000  0.000000000000000E+000
  0.245000000000000E+002 -0.985094057551015E-001  0.260866477544057E+000  0.135742013075538E+001  0.236893466788836E+001 -0.485201460041019E+000  0.140577904289457E+000  0.100000000000000E+001  0.000000000000000E+000  0.000000000000000E+000  0.000000000000000E+000  0.100000000000000E+001  0.000000000000000E+000  0.000000000000000E+000  0.000000000000000E+000  0.100000000000000E+001  0.000000000000000E+000  0.000000000000000E+000  0.000000000000000E+000
  0.250000000000000E+002 -0.985097976605559E-001  0.260868134619883E+000  0.135743305497032E+001  0.236895800223830E+001 -0.485207586947390E+000  0.140580092158936E+000  0.100000000000000E+001  0.000000000000000E+000  0.000000000000000E+000  0.000000000000000E+000  0.100000000000000E+001  0.000000000000000E+000  0.000000000000000E+000  0.000000000000000E+000  0.100000000000000E+001  0.000000000000000E+000  0.000000000000000E+000  0.000000000000000E+000
  0.255000000000000E+002 -0.985101305561511E-001  0.260869536218806E+000  0.135744400668286E+001  0.236897778655743E+001 -0.485212779565322E+000  0.140581944086137E+000  0.100000000000000E+001  0.000000000000000E+000  0.000000000000000E+000  0.000000000000000E+000  0.100000000000000E+001  0.000000000000000E+000  0.000000000000000E+000  0.000000000000000E+000  0.100000000000000E+001  0.000000000000000E+000  0.000000000000000E+000  0.000000000000000E+000
  0.260000000000000E+002 -0.985104137994115E-001  0.260870723113839E+000  0.135745329854051E+001  0.236899458305549E+001 -0.485217185664607E+000  0.140583513641933E+000  0.100000000000000E+001  0.000000000000000E+000  0.000000000000000E+000  0.000000000000000E+000  0.100000000000000E+001  0.000000000000000E+000  0.000000000000000E+000  0.000000000000000E+000  0.100000000000000E+001  0.000000000000000E+000  0.000000000000000E+000  0.000000000000000E+000
  0.265000000000000E+002 -0.985106548819868E-001  0.260871728894365E+000  0.135746117926970E+001  0.236900883864568E+001 -0.485220923321892E+000  0.140584844574910E+000  0.100000000000000E+001  0.000000000000000E+000  0.000000000000000E+000  0.000000000000000E+000  0.100000000000000E+001  0.000000000000000E+000  0.000000000000000E+000  0.000000000000000E+000  0.100000000000000E+001  0.000000000000000E+000  0.000000000000000E+000  0.000000000000000E+000
  0.270000000000000E+002 -0.985108598807393E-001  0.260872581355514E+000  0.135746785558317E+001  0.236902092198775E+001 -0.485224089542690E+000  0.140585972839489E+000  0.100000000000000E+001  0.000000000000000E+000  0.000000000000000E+000  0.000000000000000E+000  0.100000000000000E+001  0.000000000000000E+000  0.000000000000000E+000  0.000000000000000E+000  0.100000000000000E+001  0.000000000000000E+000  0.000000000000000E+000  0.000000000000000E+000
  0.275000000000000E+002 -0.985110336854489E-001  0.260873303448804E+000  0.135747349744169E+001  0.236903113494776E+001 -0.485226764101451E+000  0.140586927940226E+000  0.100000000000000E+001  0.000000000000000E+000  0.000000000000000E+000  0.000000000000000E+000  0.100000000000000E+001  0.000000000000000E+000  0.000000000000000E+000  0.000000000000000E+000  0.100000000000000E+001  0.000000000000000E+000  0.000000000000000E+000  0.000000000000000E+000
  0.280000000000000E+002 -0.985111798347586E-001  0.260873913230062E+000  0.135747822622727E+001  0.236903969349553E+001 -0.485229005441351E+000  0.140587732866896E+000  0.100000000000000E+001  0.000000000000000E+000  0.000000000000000E+000  0.000000000000000E+000  0.100000000000000E+001  0.000000000000000E+000  0.000000000000000E+000  0.000000000000000E+000  0.100000000000000E+001  0.000000000000000E+000  0.000000000000000E+000  0.000000000000000E+000
  0.285000000000000E+002 -0.985113019670330E-001  0.260874426420428E+000  0.135748217516832E+001  0.236904683582821E+001 -0.485230876016391E+000  0.140588408814124E+000  0.100000000000000E+001  0.000000000000000E+000  0.000000000000000E+000  0.000000000000000E+000  0.100000000000000E+001  0.000000000000000E+000  0.000000000000000E+000  0.000000000000000E+000  0.100000000000000E+001  0.000000000000000E+000  0.000000000000000E+000  0.000000000000000E+000
  0.290000000000000E+002 -0.985114041790908E-001  0.260874857910475E+000  0.135748548936992E+001  0.236905282539159E+001 -0.485232444360067E+000  0.140588976715003E+000  0.100000000000000E+001  0.000000000000000E+000  0.000000000000000E+000  0.000000000000000E+000  0.100000000000000E+001  0.000000000000000E+000  0.000000000000000E+000  0.000000000000000E+000  0.100000000000000E+001  0.000000000000000E+000  0.000000000000000E+000  0.000000000000000E+000
  0.295000000000000E+002 -0.985114899787535E-001  0.260875220831293E+000  0.135748828090730E+001  0.236905786794896E+001 -0.485233764870669E+000  0.140589454457139E+000  0.100000000000000E+001  0.000000000000000E+000  0.000000000000000E+000  0.000000000000000E+000  0.100000000000000E+001  0.000000000000000E+000  0.000000000000000E+000  0.000000000000000E+000  0.100000000000000E+001  0.000000000000000E+000  0.000000000000000E+000  0.000000000000000E+000

