 # Integral loads: N.components: 1
 #                 Ref.sys     : 0
 #                 Components  : right_wing
 #  t , Fx , Fy , Fz , Mx , My , Mz , ref_mat(9) , ref_off(3) 
  0.000000000000000E+000  0.202330222472158E+000 -0.162139161289990E-001 -0.279902078269712E+000 -0.818247867896505E+000  0.794353423263318E+000 -0.176219177300612E+000  0.100000000000000E+001  0.000000000000000E+000  0.000000000000000E+000  0.000000000000000E+000  0.100000000000000E+001  0.000000000000000E+000  0.000000000000000E+000  0.000000000000000E+000  0.100000000000000E+001  0.000000000000000E+000  0.000000000000000E+000  0.000000000000000E+000
  0.500000000000000E+000 -0.711105885936741E+000  0.368469509181849E+001 -0.155840208221082E+002 -0.463590396853917E+002  0.388365400415725E+002  0.155021881851215E+002  0.100000000000000E+001  0.000000000000000E+000  0.000000000000000E+000  0.000000000000000E+000  0.100000000000000E+001  0.000000000000000E+000  0.000000000000000E+000  0.000000000000000E+000  0.100000000000000E+001  0.000000000000000E+000  0.000000000000000E+000  0.000000000000000E+000
  0.100000000000000E+001 -0.973184619518468E+000  0.339734947170526E+001 -0.414723466103352E+001 -0.134266644833472E+002  0.857202718224480E+001  0.151711604542012E+002  0.100000000000000E+001  0.000000000000000E+000  0.000000000000000E+000  0.000000000000000E+000  0.100000000000000E+001  0.000000000000000E+000  0.000000000000000E+000  0.000000000000000E+000  0.100000000000000E+001  0.000000000000000E+000  0.000000000000000E+000  0.000000000000000E+000
  0.150000000000000E+001 -0.919259089680084E+000  0.353439197069876E+001 -0.515434137735878E+001 -0.165671706240089E+002  0.112244052860060E+002  0.156562780743796E+002  0.100000000000000E+001  0.000000000000000E+000  0.000000000000000E+000  0.000000000000000E+000  0.100000000000000E+001  0.000000000000000E+000  0.000000000000000E+000  0.000000000000000E+000  0.100000000000000E+001  0.000000000000000E+000  0.000000000000000E+000  0.000000000000000E+000
  0.200000000000000E+001 -0.925445908050902E+000  0.371706786286836E+001 -0.545223260357764E+001 -0.174908592453213E+002  0.119607977828983E+002  0.164394977583249E+002  0.100000000000000E+001  0.000000000000000E+000  0.000000000000000E+000  0.000000000000000E+000  0.100000000000000E+001  0.000000000000000E+000  0.000000000000000E+000  0.000000000000000E+000  0.100000000000000E+001  0.000000000000000E+000  0.000000000000000E+000  0.000000000000000E+000
  0.250000000000000E+001 -0.948022469914620E+000  0.388417228282908E+001 -0.554525354171960E+001 -0.178280489144742E+002  0.121401582717352E+002  0.171886433793890E+002  0.100000000000000E+001  0.000000000000000E+000  0.000000000000000E+000  0.000000000000000E+000  0.100000000000000E+001  0.000000000000000E+000  0.000000000000000E+000  0.000000000000000E+000  0.100000000000000E+001  0.000000000000000E+000  0.000000000000000E+000  0.000000000000000E+000
  0.300000000000000E+001 -0.971797307627761E+000  0.401892012132859E+001 -0.559366700877739E+001 -0.179871953294239E+002  0.122125119156915E+002  0.178047114597352E+002  0.100000000000000E+001  0.000000000000000E+000  0.000000000000000E+000  0.000000000000000E+000  0.100000000000000E+001  0.000000000000000E+000  0.000000000000000E+000  0.000000000000000E+000  0.100000000000000E+001  0.000000000000000E+000  0.000000000000000E+000  0.000000000000000E+000
  0.350000000000000E+001 -0.992450361212114E+000  0.412464507489466E+001 -0.562564469089435E+001 -0.180783473175230E+002  0.122512038145750E+002  0.182926158823658E+002  0.100000000000000E+001  0.000000000000000E+000  0.000000000000000E+000  0.000000000000000E+000  0.100000000000000E+001  0.000000000000000E+000  0.000000000000000E+000  0.000000000000000E+000  0.100000000000000E+001  0.000000000000000E+000  0.000000000000000E+000  0.000000000000000E+000
  0.400000000000000E+001 -0.100980355584741E+001  0.420657999728561E+001 -0.565287284667096E+001 -0.181428004890759E+002  0.122877681739762E+002  0.186727991333911E+002  0.100000000000000E+001  0.000000000000000E+000  0.000000000000000E+000  0.000000000000000E+000  0.100000000000000E+001  0.000000000000000E+000  0.000000000000000E+000  0.000000000000000E+000  0.100000000000000E+001  0.000000000000000E+000  0.000000000000000E+000  0.000000000000000E+000
  0.450000000000000E+001 -0.102464826223966E+001  0.427078290605436E+001 -0.567723383392133E+001 -0.181957089834489E+002  0.123248262928623E+002  0.189716509267878E+002  0.100000000000000E+001  0.000000000000000E+000  0.000000000000000E+000  0.000000000000000E+000  0.100000000000000E+001  0.000000000000000E+000  0.000000000000000E+000  0.000000000000000E+000  0.100000000000000E+001  0.000000000000000E+000  0.000000000000000E+000  0.000000000000000E+000
  0.500000000000000E+001 -0.103779033497660E+001  0.432259025734124E+001 -0.569961650701922E+001 -0.182443366381374E+002  0.123625834757273E+002  0.192131487631708E+002  0.100000000000000E+001  0.000000000000000E+000  0.000000000000000E+000  0.000000000000000E+000  0.100000000000000E+001  0.000000000000000E+000  0.000000000000000E+000  0.000000000000000E+000  0.100000000000000E+001  0.000000000000000E+000  0.000000000000000E+000  0.000000000000000E+000
  0.550000000000000E+001 -0.104981861418909E+001  0.436644625814074E+001 -0.572041955442026E+001 -0.182923191776256E+002  0.124000356675124E+002  0.194174308056933E+002  0.100000000000000E+001  0.000000000000000E+000  0.000000000000000E+000  0.000000000000000E+000  0.100000000000000E+001  0.000000000000000E+000  0.000000000000000E+000  0.000000000000000E+000  0.100000000000000E+001  0.000000000000000E+000  0.000000000000000E+000  0.000000000000000E+000
  0.600000000000000E+001 -0.106138859580206E+001  0.440551330981983E+001 -0.574119915208419E+001 -0.183417318424100E+002  0.124389775396387E+002  0.195991786479207E+002  0.100000000000000E+001  0.000000000000000E+000  0.000000000000000E+000  0.000000000000000E+000  0.100000000000000E+001  0.000000000000000E+000  0.000000000000000E+000  0.000000000000000E+000  0.100000000000000E+001  0.000000000000000E+000  0.000000000000000E+000  0.000000000000000E+000
  0.650000000000000E+001 -0.107332173906619E+001  0.444208322055039E+001 -0.576318221636484E+001 -0.183934865760790E+002  0.124810461511729E+002  0.197695340367204E+002  0.100000000000000E+001  0.000000000000000E+000  0.000000000000000E+000  0.000000000000000E+000  0.100000000000000E+001  0.000000000000000E+000  0.000000000000000E+000  0.000000000000000E+000  0.100000000000000E+001  0.000000000000000E+000  0.000000000000000E+000  0.000000000000000E+000
  0.700000000000000E+001 -0.108626693760060E+001  0.447747962231819E+001 -0.578816004377092E+001 -0.184503298944693E+002  0.125297674076528E+002  0.199350745154498E+002  0.100000000000000E+001  0.000000000000000E+000  0.000000000000000E+000  0.000000000000000E+000  0.100000000000000E+001  0.000000000000000E+000  0.000000000000000E+000  0.000000000000000E+000  0.100000000000000E+001  0.000000000000000E+000  0.000000000000000E+000  0.000000000000000E+000
  0.750000000000000E+001 -0.109476586942953E+001  0.450743036616890E+001 -0.580063072707519E+001 -0.185201179773880E+002  0.125584409664735E+002  0.200747074400090E+002  0.100000000000000E+001  0.000000000000000E+000  0.000000000000000E+000  0.000000000000000E+000  0.100000000000000E+001  0.000000000000000E+000  0.000000000000000E+000  0.000000000000000E+000  0.100000000000000E+001  0.000000000000000E+000  0.000000000000000E+000  0.000000000000000E+000
  0.800000000000000E+001 -0.110644915244766E+001  0.453910288771200E+001 -0.582467168224191E+001 -0.185504388457632E+002  0.125995449061847E+002  0.202194389790589E+002  0.100000000000000E+001  0.000000000000000E+000  0.000000000000000E+000  0.000000000000000E+000  0.100000000000000E+001  0.000000000000000E+000  0.000000000000000E+000  0.000000000000000E+000  0.100000000000000E+001  0.000000000000000E+000  0.000000000000000E+000  0.000000000000000E+000
  0.850000000000000E+001 -0.111477524989399E+001  0.457004730032623E+001 -0.583740666779159E+001 -0.186098951175106E+002  0.126262338249157E+002  0.203612939243861E+002  0.100000000000000E+001  0.000000000000000E+000  0.000000000000000E+000  0.000000000000000E+000  0.100000000000000E+001  0.000000000000000E+000  0.000000000000000E+000  0.000000000000000E+000  0.100000000000000E+001  0.000000000000000E+000  0.000000000000000E+000  0.000000000000000E+000
  0.900000000000000E+001 -0.112186725444436E+001  0.459902707132324E+001 -0.585192842153735E+001 -0.186601461326503E+002  0.126547001607692E+002  0.204923056404304E+002  0.100000000000000E+001  0.000000000000000E+000  0.000000000000000E+000  0.000000000000000E+000  0.100000000000000E+001  0.000000000000000E+000  0.000000000000000E+000  0.000000000000000E+000  0.100000000000000E+001  0.000000000000000E+000  0.000000000000000E+000  0.000000000000000E+000
  0.950000000000000E+001 -0.112913892738266E+001  0.462770231666763E+001 -0.586672647853223E+001 -0.187054009716798E+002  0.126833922561595E+002  0.206218066023524E+002  0.100000000000000E+001  0.000000000000000E+000  0.000000000000000E+000  0.000000000000000E+000  0.100000000000000E+001  0.000000000000000E+000  0.000000000000000E+000  0.000000000000000E+000  0.100000000000000E+001  0.000000000000000E+000  0.000000000000000E+000  0.000000000000000E+000
  0.100000000000000E+002 -0.113657907039117E+001  0.465536769754775E+001 -0.588191704554007E+001 -0.187517615214415E+002  0.127137061991204E+002  0.207478650633430E+002  0.100000000000000E+001  0.000000000000000E+000  0.000000000000000E+000  0.000000000000000E+000  0.100000000000000E+001  0.000000000000000E+000  0.000000000000000E+000  0.000000000000000E+000  0.100000000000000E+001  0.000000000000000E+000  0.000000000000000E+000  0.000000000000000E+000
  0.105000000000000E+002 -0.114412854562169E+001  0.468280990668333E+001 -0.589595426961034E+001 -0.187940799296070E+002  0.127406498960831E+002  0.208730231447562E+002  0.100000000000000E+001  0.000000000000000E+000  0.000000000000000E+000  0.000000000000000E+000  0.100000000000000E+001  0.000000000000000E+000  0.000000000000000E+000  0.000000000000000E+000  0.100000000000000E+001  0.000000000000000E+000  0.000000000000000E+000  0.000000000000000E+000
  0.110000000000000E+002 -0.115103265134292E+001  0.470932898671942E+001 -0.590839822442523E+001 -0.188339546802232E+002  0.127636217374825E+002  0.209936368588800E+002  0.100000000000000E+001  0.000000000000000E+000  0.000000000000000E+000  0.000000000000000E+000  0.100000000000000E+001  0.000000000000000E+000  0.000000000000000E+000  0.000000000000000E+000  0.100000000000000E+001  0.000000000000000E+000  0.000000000000000E+000  0.000000000000000E+000
  0.115000000000000E+002 -0.115760498983170E+001  0.473527022649450E+001 -0.592038142700329E+001 -0.188725232030248E+002  0.127859050868542E+002  0.211113026263873E+002  0.100000000000000E+001  0.000000000000000E+000  0.000000000000000E+000  0.000000000000000E+000  0.100000000000000E+001  0.000000000000000E+000  0.000000000000000E+000  0.000000000000000E+000  0.100000000000000E+001  0.000000000000000E+000  0.000000000000000E+000  0.000000000000000E+000
  0.120000000000000E+002 -0.116394706212491E+001  0.476059553445406E+001 -0.593201428545746E+001 -0.189101387016442E+002  0.128076582522339E+002  0.212261726716788E+002  0.100000000000000E+001  0.000000000000000E+000  0.000000000000000E+000  0.000000000000000E+000  0.100000000000000E+001  0.000000000000000E+000  0.000000000000000E+000  0.000000000000000E+000  0.100000000000000E+001  0.000000000000000E+000  0.000000000000000E+000  0.000000000000000E+000
  0.125000000000000E+002 -0.117004696895201E+001  0.478530715007347E+001 -0.594305763440425E+001 -0.189461579962351E+002  0.128281282709671E+002  0.213381993779814E+002  0.100000000000000E+001  0.000000000000000E+000  0.000000000000000E+000  0.000000000000000E+000  0.100000000000000E+001  0.000000000000000E+000  0.000000000000000E+000  0.000000000000000E+000  0.100000000000000E+001  0.000000000000000E+000  0.000000000000000E+000  0.000000000000000E+000
  0.130000000000000E+002 -0.117567769896468E+001  0.480904452461690E+001 -0.595323848496073E+001 -0.189806266418165E+002  0.128467472762653E+002  0.214456246386736E+002  0.100000000000000E+001  0.000000000000000E+000  0.000000000000000E+000  0.000000000000000E+000  0.100000000000000E+001  0.000000000000000E+000  0.000000000000000E+000  0.000000000000000E+000  0.100000000000000E+001  0.000000000000000E+000  0.000000000000000E+000  0.000000000000000E+000
  0.135000000000000E+002 -0.118122944245446E+001  0.483218665493213E+001 -0.596338545998121E+001 -0.190139133552936E+002  0.128656504523272E+002  0.215503781169708E+002  0.100000000000000E+001  0.000000000000000E+000  0.000000000000000E+000  0.000000000000000E+000  0.100000000000000E+001  0.000000000000000E+000  0.000000000000000E+000  0.000000000000000E+000  0.100000000000000E+001  0.000000000000000E+000  0.000000000000000E+000  0.000000000000000E+000
  0.140000000000000E+002 -0.118660609585690E+001  0.485463036124233E+001 -0.597308411423733E+001 -0.190457468376975E+002  0.128835010529804E+002  0.216520378393273E+002  0.100000000000000E+001  0.000000000000000E+000  0.000000000000000E+000  0.000000000000000E+000  0.100000000000000E+001  0.000000000000000E+000  0.000000000000000E+000  0.000000000000000E+000  0.100000000000000E+001  0.000000000000000E+000  0.000000000000000E+000  0.000000000000000E+000
  0.145000000000000E+002 -0.119184014986466E+001  0.487641968811893E+001 -0.598254696274455E+001 -0.190766753142298E+002  0.129009413624251E+002  0.217507493820415E+002  0.100000000000000E+001  0.000000000000000E+000  0.000000000000000E+000  0.000000000000000E+000  0.100000000000000E+001  0.000000000000000E+000  0.000000000000000E+000  0.000000000000000E+000  0.100000000000000E+001  0.000000000000000E+000  0.000000000000000E+000  0.000000000000000E+000
  0.150000000000000E+002 -0.119692963109667E+001  0.489771433478454E+001 -0.599177199523399E+001 -0.191071637987287E+002  0.129180901196870E+002  0.218471813422494E+002  0.100000000000000E+001  0.000000000000000E+000  0.000000000000000E+000  0.000000000000000E+000  0.100000000000000E+001  0.000000000000000E+000  0.000000000000000E+000  0.000000000000000E+000  0.100000000000000E+001  0.000000000000000E+000  0.000000000000000E+000  0.000000000000000E+000
  0.155000000000000E+002 -0.120187619401556E+001  0.491840421415552E+001 -0.600058149703848E+001 -0.191361965083316E+002  0.129342575034128E+002  0.219409021101762E+002  0.100000000000000E+001  0.000000000000000E+000  0.000000000000000E+000  0.000000000000000E+000  0.100000000000000E+001  0.000000000000000E+000  0.000000000000000E+000  0.000000000000000E+000  0.100000000000000E+001  0.000000000000000E+000  0.000000000000000E+000  0.000000000000000E+000
  0.160000000000000E+002 -0.120668157434696E+001  0.493851445771161E+001 -0.600909254938108E+001 -0.191642774787539E+002  0.129498395198556E+002  0.220319962287545E+002  0.100000000000000E+001  0.000000000000000E+000  0.000000000000000E+000  0.000000000000000E+000  0.100000000000000E+001  0.000000000000000E+000  0.000000000000000E+000  0.000000000000000E+000  0.100000000000000E+001  0.000000000000000E+000  0.000000000000000E+000  0.000000000000000E+000
  0.165000000000000E+002 -0.121134503577127E+001  0.495806299028536E+001 -0.601730210117220E+001 -0.191914281446657E+002  0.129648380056967E+002  0.221205434989182E+002  0.100000000000000E+001  0.000000000000000E+000  0.000000000000000E+000  0.000000000000000E+000  0.100000000000000E+001  0.000000000000000E+000  0.000000000000000E+000  0.000000000000000E+000  0.100000000000000E+001  0.000000000000000E+000  0.000000000000000E+000  0.000000000000000E+000
  0.170000000000000E+002 -0.121587157653795E+001  0.497705758559887E+001 -0.602523910416557E+001 -0.192176776931597E+002  0.129793105105014E+002  0.222065826863636E+002  0.100000000000000E+001  0.000000000000000E+000  0.000000000000000E+000  0.000000000000000E+000  0.100000000000000E+001  0.000000000000000E+000  0.000000000000000E+000  0.000000000000000E+000  0.100000000000000E+001  0.000000000000000E+000  0.000000000000000E+000  0.000000000000000E+000
  0.175000000000000E+002 -0.122026469684603E+001  0.499550927402987E+001 -0.603290898589125E+001 -0.192430536039083E+002  0.129932694680148E+002  0.222901625817999E+002  0.100000000000000E+001  0.000000000000000E+000  0.000000000000000E+000  0.000000000000000E+000  0.100000000000000E+001  0.000000000000000E+000  0.000000000000000E+000  0.000000000000000E+000  0.100000000000000E+001  0.000000000000000E+000  0.000000000000000E+000  0.000000000000000E+000
  0.180000000000000E+002 -0.122452855569014E+001  0.501342499827952E+001 -0.604032500058701E+001 -0.192675823585676E+002  0.130067437109003E+002  0.223713171032473E+002  0.100000000000000E+001  0.000000000000000E+000  0.000000000000000E+000  0.000000000000000E+000  0.100000000000000E+001  0.000000000000000E+000  0.000000000000000E+000  0.000000000000000E+000  0.100000000000000E+001  0.000000000000000E+000  0.000000000000000E+000  0.000000000000000E+000
  0.185000000000000E+002 -0.122866572167418E+001  0.503081457851873E+001 -0.604749083335087E+001 -0.192912877498532E+002  0.130197424098765E+002  0.224500899411201E+002  0.100000000000000E+001  0.000000000000000E+000  0.000000000000000E+000  0.000000000000000E+000  0.100000000000000E+001  0.000000000000000E+000  0.000000000000000E+000  0.000000000000000E+000  0.100000000000000E+001  0.000000000000000E+000  0.000000000000000E+000  0.000000000000000E+000
  0.190000000000000E+002 -0.123267851950899E+001  0.504768742769751E+001 -0.605441443294847E+001 -0.193141955468145E+002  0.130322835257948E+002  0.225265236554069E+002  0.100000000000000E+001  0.000000000000000E+000  0.000000000000000E+000  0.000000000000000E+000  0.100000000000000E+001  0.000000000000000E+000  0.000000000000000E+000  0.000000000000000E+000  0.100000000000000E+001  0.000000000000000E+000  0.000000000000000E+000  0.000000000000000E+000
  0.195000000000000E+002 -0.123656944532500E+001  0.506405336573334E+001 -0.606110300867764E+001 -0.193363291584447E+002  0.130443822586418E+002  0.226006623370813E+002  0.100000000000000E+001  0.000000000000000E+000  0.000000000000000E+000  0.000000000000000E+000  0.100000000000000E+001  0.000000000000000E+000  0.000000000000000E+000  0.000000000000000E+000  0.100000000000000E+001  0.000000000000000E+000  0.000000000000000E+000  0.000000000000000E+000
  0.200000000000000E+002 -0.124034192105703E+001  0.507992204019944E+001 -0.606756744681071E+001 -0.193577153061708E+002  0.130560620235878E+002  0.226725503393641E+002  0.100000000000000E+001  0.000000000000000E+000  0.000000000000000E+000  0.000000000000000E+000  0.100000000000000E+001  0.000000000000000E+000  0.000000000000000E+000  0.000000000000000E+000  0.100000000000000E+001  0.000000000000000E+000  0.000000000000000E+000  0.000000000000000E+000
  0.205000000000000E+002 -0.124399791451029E+001  0.509530622646194E+001 -0.607380998766901E+001 -0.193783784653338E+002  0.130673276884730E+002  0.227422439717929E+002  0.100000000000000E+001  0.000000000000000E+000  0.000000000000000E+000  0.000000000000000E+000  0.100000000000000E+001  0.000000000000000E+000  0.000000000000000E+000  0.000000000000000E+000  0.100000000000000E+001  0.000000000000000E+000  0.000000000000000E+000  0.000000000000000E+000
  0.210000000000000E+002 -0.124751889048750E+001  0.511022555578368E+001 -0.607977594107086E+001 -0.193981757807581E+002  0.130779959459981E+002  0.228097916729792E+002  0.100000000000000E+001  0.000000000000000E+000  0.000000000000000E+000  0.000000000000000E+000  0.100000000000000E+001  0.000000000000000E+000  0.000000000000000E+000  0.000000000000000E+000  0.100000000000000E+001  0.000000000000000E+000  0.000000000000000E+000  0.000000000000000E+000
  0.215000000000000E+002 -0.125095490439262E+001  0.512468839113122E+001 -0.608564742614254E+001 -0.194175749927950E+002  0.130886212556237E+002  0.228753120380703E+002  0.100000000000000E+001  0.000000000000000E+000  0.000000000000000E+000  0.000000000000000E+000  0.100000000000000E+001  0.000000000000000E+000  0.000000000000000E+000  0.000000000000000E+000  0.100000000000000E+001  0.000000000000000E+000  0.000000000000000E+000  0.000000000000000E+000
  0.220000000000000E+002 -0.125428322287920E+001  0.513870434476399E+001 -0.609127205988558E+001 -0.194362219889344E+002  0.130987330673637E+002  0.229388087981783E+002  0.100000000000000E+001  0.000000000000000E+000  0.000000000000000E+000  0.000000000000000E+000  0.100000000000000E+001  0.000000000000000E+000  0.000000000000000E+000  0.000000000000000E+000  0.100000000000000E+001  0.000000000000000E+000  0.000000000000000E+000  0.000000000000000E+000
  0.225000000000000E+002 -0.125710685993962E+001  0.515171006494936E+001 -0.609598444028125E+001 -0.194535366701017E+002  0.131067803718349E+002  0.229974748822797E+002  0.100000000000000E+001  0.000000000000000E+000  0.000000000000000E+000  0.000000000000000E+000  0.100000000000000E+001  0.000000000000000E+000  0.000000000000000E+000  0.000000000000000E+000  0.100000000000000E+001  0.000000000000000E+000  0.000000000000000E+000  0.000000000000000E+000
  0.230000000000000E+002 -0.126000989446093E+001  0.516430392180120E+001 -0.610108283421611E+001 -0.194703967500245E+002  0.131162084589878E+002  0.230543885059365E+002  0.100000000000000E+001  0.000000000000000E+000  0.000000000000000E+000  0.000000000000000E+000  0.100000000000000E+001  0.000000000000000E+000  0.000000000000000E+000  0.000000000000000E+000  0.100000000000000E+001  0.000000000000000E+000  0.000000000000000E+000  0.000000000000000E+000
  0.235000000000000E+002 -0.126282240411883E+001  0.517634233400610E+001 -0.610584987312769E+001 -0.194860221465727E+002  0.131247159120320E+002  0.231089164695113E+002  0.100000000000000E+001  0.000000000000000E+000  0.000000000000000E+000  0.000000000000000E+000  0.100000000000000E+001  0.000000000000000E+000  0.000000000000000E+000  0.000000000000000E+000  0.100000000000000E+001  0.000000000000000E+000  0.000000000000000E+000  0.000000000000000E+000
  0.240000000000000E+002 -0.126554596768205E+001  0.518791180785920E+001 -0.611045051770622E+001 -0.195011350315957E+002  0.131329615969774E+002  0.231613284473180E+002  0.100000000000000E+001  0.000000000000000E+000  0.000000000000000E+000  0.000000000000000E+000  0.100000000000000E+001  0.000000000000000E+000  0.000000000000000E+000  0.000000000000000E+000  0.100000000000000E+001  0.000000000000000E+000  0.000000000000000E+000  0.000000000000000E+000
  0.245000000000000E+002 -0.126818106966856E+001  0.519905515341904E+001 -0.611487869110548E+001 -0.195157220011865E+002  0.131409000994563E+002  0.232118142581093E+002  0.100000000000000E+001  0.000000000000000E+000  0.000000000000000E+000  0.000000000000000E+000  0.100000000000000E+001  0.000000000000000E+000  0.000000000000000E+000  0.000000000000000E+000  0.100000000000000E+001  0.000000000000000E+000  0.000000000000000E+000  0.000000000000000E+000
  0.250000000000000E+002 -0.127034545399414E+001  0.520835036043178E+001 -0.611897511365698E+001 -0.195461408834845E+002  0.131550221058828E+002  0.232557296895509E+002  0.100000000000000E+001  0.000000000000000E+000  0.000000000000000E+000  0.000000000000000E+000  0.100000000000000E+001  0.000000000000000E+000  0.000000000000000E+000  0.000000000000000E+000  0.100000000000000E+001  0.000000000000000E+000  0.000000000000000E+000  0.000000000000000E+000
  0.255000000000000E+002 -0.127172836355468E+001  0.521550649735911E+001 -0.612037561102063E+001 -0.195452456248908E+002  0.131533968062351E+002  0.232876600939512E+002  0.100000000000000E+001  0.000000000000000E+000  0.000000000000000E+000  0.000000000000000E+000  0.100000000000000E+001  0.000000000000000E+000  0.000000000000000E+000  0.000000000000000E+000  0.100000000000000E+001  0.000000000000000E+000  0.000000000000000E+000  0.000000000000000E+000
  0.260000000000000E+002 -0.127301367923600E+001  0.522165589880021E+001 -0.612315808311782E+001 -0.195532738960961E+002  0.131587274372777E+002  0.233154625790897E+002  0.100000000000000E+001  0.000000000000000E+000  0.000000000000000E+000  0.000000000000000E+000  0.100000000000000E+001  0.000000000000000E+000  0.000000000000000E+000  0.000000000000000E+000  0.100000000000000E+001  0.000000000000000E+000  0.000000000000000E+000  0.000000000000000E+000
  0.265000000000000E+002 -0.127428162018152E+001  0.522723480905188E+001 -0.612548007383419E+001 -0.195601690273390E+002  0.131629449640956E+002  0.233407625392682E+002  0.100000000000000E+001  0.000000000000000E+000  0.000000000000000E+000  0.000000000000000E+000  0.100000000000000E+001  0.000000000000000E+000  0.000000000000000E+000  0.000000000000000E+000  0.100000000000000E+001  0.000000000000000E+000  0.000000000000000E+000  0.000000000000000E+000
  0.270000000000000E+002 -0.127567400622369E+001  0.523261710047893E+001 -0.612808994154867E+001 -0.195673870228282E+002  0.131679850145152E+002  0.233652625391772E+002  0.100000000000000E+001  0.000000000000000E+000  0.000000000000000E+000  0.000000000000000E+000  0.100000000000000E+001  0.000000000000000E+000  0.000000000000000E+000  0.000000000000000E+000  0.100000000000000E+001  0.000000000000000E+000  0.000000000000000E+000  0.000000000000000E+000
  0.275000000000000E+002 -0.127694948747694E+001  0.523770070433402E+001 -0.613021374067308E+001 -0.195741656058964E+002  0.131718242981804E+002  0.233883895388684E+002  0.100000000000000E+001  0.000000000000000E+000  0.000000000000000E+000  0.000000000000000E+000  0.100000000000000E+001  0.000000000000000E+000  0.000000000000000E+000  0.000000000000000E+000  0.100000000000000E+001  0.000000000000000E+000  0.000000000000000E+000  0.000000000000000E+000
  0.280000000000000E+002 -0.127919829410173E+001  0.524469308084560E+001 -0.613408881847246E+001 -0.195777667029634E+002  0.131776959114117E+002  0.234198811889566E+002  0.100000000000000E+001  0.000000000000000E+000  0.000000000000000E+000  0.000000000000000E+000  0.100000000000000E+001  0.000000000000000E+000  0.000000000000000E+000  0.000000000000000E+000  0.100000000000000E+001  0.000000000000000E+000  0.000000000000000E+000  0.000000000000000E+000
  0.285000000000000E+002 -0.128027975386150E+001  0.524988253996930E+001 -0.613584736356064E+001 -0.195939913059165E+002  0.131830251597219E+002  0.234441747474882E+002  0.100000000000000E+001  0.000000000000000E+000  0.000000000000000E+000  0.000000000000000E+000  0.100000000000000E+001  0.000000000000000E+000  0.000000000000000E+000  0.000000000000000E+000  0.100000000000000E+001  0.000000000000000E+000  0.000000000000000E+000  0.000000000000000E+000
  0.290000000000000E+002 -0.128240665978868E+001  0.525712454673974E+001 -0.613912003845526E+001 -0.195952242812101E+002  0.131868385355281E+002  0.234763055172905E+002  0.100000000000000E+001  0.000000000000000E+000  0.000000000000000E+000  0.000000000000000E+000  0.100000000000000E+001  0.000000000000000E+000  0.000000000000000E+000  0.000000000000000E+000  0.100000000000000E+001  0.000000000000000E+000  0.000000000000000E+000  0.000000000000000E+000
  0.295000000000000E+002 -0.128437695758850E+001  0.526431424307979E+001 -0.614256717410268E+001 -0.196077267634747E+002  0.131939177484847E+002  0.235093830546840E+002  0.100000000000000E+001  0.000000000000000E+000  0.000000000000000E+000  0.000000000000000E+000  0.100000000000000E+001  0.000000000000000E+000  0.000000000000000E+000  0.000000000000000E+000  0.100000000000000E+001  0.000000000000000E+000  0.000000000000000E+000  0.000000000000000E+000

