 # Integral loads: N.components: 2
 #                 Ref.sys     : Stability
 #                 Components  : fuselage_right , fuselage_left
 #  t , Fx , Fy , Fz , Mx , My , Mz , ref_mat(9) , ref_off(3) 
  0.100000000000000E+001  0.364023489496971E+005 -0.125155621644808E+000  0.937729400794653E+005  0.118564528878323E+000  0.230320480189821E+005 -0.408598160545807E+000  0.100000000000000E+001  0.000000000000000E+000  0.000000000000000E+000  0.000000000000000E+000  0.100000000000000E+001  0.000000000000000E+000  0.000000000000000E+000  0.000000000000000E+000  0.100000000000000E+001  0.590000000000000E+001  0.000000000000000E+000 -0.500000000000000E+000
  0.100312500000000E+001  0.743528469045950E+004 -0.129000794513559E+000  0.131848447829927E+005  0.122432953143289E+000 -0.249443226571926E+005 -0.421712769530131E+000  0.100000000000000E+001  0.000000000000000E+000  0.000000000000000E+000  0.000000000000000E+000  0.100000000000000E+001  0.000000000000000E+000  0.000000000000000E+000  0.000000000000000E+000  0.100000000000000E+001  0.590000000000000E+001  0.000000000000000E+000 -0.500000000000000E+000
  0.100625000000000E+001  0.752488069476883E+004 -0.132179072956205E+000  0.125483092553382E+005  0.125451276082458E+000 -0.238773857880692E+005 -0.432088329005637E+000  0.100000000000000E+001  0.000000000000000E+000  0.000000000000000E+000  0.000000000000000E+000  0.100000000000000E+001  0.000000000000000E+000  0.000000000000000E+000  0.000000000000000E+000  0.100000000000000E+001  0.590000000000000E+001  0.000000000000000E+000 -0.500000000000000E+000
  0.100937500000000E+001  0.756169874438739E+004 -0.135720783728175E+000  0.123640626765937E+005  0.128812036771706E+000 -0.234848203270649E+005 -0.443661241428345E+000  0.100000000000000E+001  0.000000000000000E+000  0.000000000000000E+000  0.000000000000000E+000  0.100000000000000E+001  0.000000000000000E+000  0.000000000000000E+000  0.000000000000000E+000  0.100000000000000E+001  0.590000000000000E+001  0.000000000000000E+000 -0.500000000000000E+000
  0.101250000000000E+001  0.755413793162275E+004 -0.139957224528189E+000  0.123076549509698E+005  0.132831756924134E+000 -0.232515212895512E+005 -0.457506908482173E+000  0.100000000000000E+001  0.000000000000000E+000  0.000000000000000E+000  0.000000000000000E+000  0.100000000000000E+001  0.000000000000000E+000  0.000000000000000E+000  0.000000000000000E+000  0.100000000000000E+001  0.590000000000000E+001  0.000000000000000E+000 -0.500000000000000E+000
  0.101562500000000E+001  0.747660749400997E+004 -0.145150070784439E+000  0.122400137720212E+005  0.137759611105139E+000 -0.229434368384274E+005 -0.474479874887038E+000  0.100000000000000E+001  0.000000000000000E+000  0.000000000000000E+000  0.000000000000000E+000  0.100000000000000E+001  0.000000000000000E+000  0.000000000000000E+000  0.000000000000000E+000  0.100000000000000E+001  0.590000000000000E+001  0.000000000000000E+000 -0.500000000000000E+000
  0.101875000000000E+001  0.737810218462711E+004 -0.150405359832803E+000  0.121855965592282E+005  0.142750845716364E+000 -0.226658509292606E+005 -0.491657363323611E+000  0.100000000000000E+001  0.000000000000000E+000  0.000000000000000E+000  0.000000000000000E+000  0.100000000000000E+001  0.000000000000000E+000  0.000000000000000E+000  0.000000000000000E+000  0.100000000000000E+001  0.590000000000000E+001  0.000000000000000E+000 -0.500000000000000E+000
  0.102187500000000E+001  0.731599046901039E+004 -0.154937996361696E+000  0.121925412303903E+005  0.147060601488192E+000 -0.225411954434015E+005 -0.506473038578406E+000  0.100000000000000E+001  0.000000000000000E+000  0.000000000000000E+000  0.000000000000000E+000  0.100000000000000E+001  0.000000000000000E+000  0.000000000000000E+000  0.000000000000000E+000  0.100000000000000E+001  0.590000000000000E+001  0.000000000000000E+000 -0.500000000000000E+000
  0.102500000000000E+001  0.726448583836242E+004 -0.159001033818640E+000  0.122091894467606E+005  0.150927351900464E+000 -0.224422790258234E+005 -0.519753929373110E+000  0.100000000000000E+001  0.000000000000000E+000  0.000000000000000E+000  0.000000000000000E+000  0.100000000000000E+001  0.000000000000000E+000  0.000000000000000E+000  0.000000000000000E+000  0.100000000000000E+001  0.590000000000000E+001  0.000000000000000E+000 -0.500000000000000E+000
  0.102812500000000E+001  0.720485971395509E+004 -0.162716615399404E+000  0.122150209904029E+005  0.154465318457369E+000 -0.223240558575844E+005 -0.531899278183118E+000  0.100000000000000E+001  0.000000000000000E+000  0.000000000000000E+000  0.000000000000000E+000  0.100000000000000E+001  0.000000000000000E+000  0.000000000000000E+000  0.000000000000000E+000  0.100000000000000E+001  0.590000000000000E+001  0.000000000000000E+000 -0.500000000000000E+000
  0.103125000000000E+001  0.713196061573354E+004 -0.166060555755394E+000  0.122247265388036E+005  0.157650275043125E+000 -0.222161943110162E+005 -0.542830371749005E+000  0.100000000000000E+001  0.000000000000000E+000  0.000000000000000E+000  0.000000000000000E+000  0.100000000000000E+001  0.000000000000000E+000  0.000000000000000E+000  0.000000000000000E+000  0.100000000000000E+001  0.590000000000000E+001  0.000000000000000E+000 -0.500000000000000E+000
  0.103437500000000E+001  0.705656171925014E+004 -0.169023254224157E+000  0.122605937019701E+005  0.160472018171276E+000 -0.221570023970736E+005 -0.552515782328555E+000  0.100000000000000E+001  0.000000000000000E+000  0.000000000000000E+000  0.000000000000000E+000  0.100000000000000E+001  0.000000000000000E+000  0.000000000000000E+000  0.000000000000000E+000  0.100000000000000E+001  0.590000000000000E+001  0.000000000000000E+000 -0.500000000000000E+000
  0.103750000000000E+001  0.699893816743756E+004 -0.171606165320554E+000  0.122939768435179E+005  0.162931410293822E+000 -0.221070322815426E+005 -0.560960141301621E+000  0.100000000000000E+001  0.000000000000000E+000  0.000000000000000E+000  0.000000000000000E+000  0.100000000000000E+001  0.000000000000000E+000  0.000000000000000E+000  0.000000000000000E+000  0.100000000000000E+001  0.590000000000000E+001  0.000000000000000E+000 -0.500000000000000E+000
  0.104062500000000E+001  0.694697369152355E+004 -0.173895078580244E+000  0.122994459643583E+005  0.165109365647368E+000 -0.220315389639384E+005 -0.568443607742665E+000  0.100000000000000E+001  0.000000000000000E+000  0.000000000000000E+000  0.000000000000000E+000  0.100000000000000E+001  0.000000000000000E+000  0.000000000000000E+000  0.000000000000000E+000  0.100000000000000E+001  0.590000000000000E+001  0.000000000000000E+000 -0.500000000000000E+000
  0.104375000000000E+001  0.686443163641061E+004 -0.176325574640941E+000  0.122585786691267E+005  0.167418863999046E+000 -0.218578575228948E+005 -0.576390297457692E+000  0.100000000000000E+001  0.000000000000000E+000  0.000000000000000E+000  0.000000000000000E+000  0.100000000000000E+001  0.000000000000000E+000  0.000000000000000E+000  0.000000000000000E+000  0.100000000000000E+001  0.590000000000000E+001  0.000000000000000E+000 -0.500000000000000E+000
  0.104687500000000E+001  0.667073395756122E+004 -0.179879559953406E+000  0.120725825717961E+005  0.170792779372277E+000 -0.213238291105637E+005 -0.588011604952044E+000  0.100000000000000E+001  0.000000000000000E+000  0.000000000000000E+000  0.000000000000000E+000  0.100000000000000E+001  0.000000000000000E+000  0.000000000000000E+000  0.000000000000000E+000  0.100000000000000E+001  0.590000000000000E+001  0.000000000000000E+000 -0.500000000000000E+000
  0.105000000000000E+001  0.648848613337336E+004 -0.294163643899083E+000  0.119019139161787E+005  0.220629350053059E+000 -0.208367874107646E+005 -0.891521583776921E+000  0.100000000000000E+001  0.000000000000000E+000  0.000000000000000E+000  0.000000000000000E+000  0.100000000000000E+001  0.000000000000000E+000  0.000000000000000E+000  0.000000000000000E+000  0.100000000000000E+001  0.590000000000000E+001  0.000000000000000E+000 -0.500000000000000E+000
  0.105312500000000E+001  0.639597027306164E+004  0.269456646889012E+001  0.118140260448807E+005 -0.269984484465022E+001 -0.205725425190528E+005  0.898112817951187E+001  0.100000000000000E+001  0.000000000000000E+000  0.000000000000000E+000  0.000000000000000E+000  0.100000000000000E+001  0.000000000000000E+000  0.000000000000000E+000  0.000000000000000E+000  0.100000000000000E+001  0.590000000000000E+001  0.000000000000000E+000 -0.500000000000000E+000
  0.105625000000000E+001  0.635496966483113E+004  0.415447880949796E+001  0.117953067520763E+005 -0.386483041918473E+001 -0.204904896365832E+005  0.136313958256651E+002  0.100000000000000E+001  0.000000000000000E+000  0.000000000000000E+000  0.000000000000000E+000  0.100000000000000E+001  0.000000000000000E+000  0.000000000000000E+000  0.000000000000000E+000  0.100000000000000E+001  0.590000000000000E+001  0.000000000000000E+000 -0.500000000000000E+000
  0.105937500000000E+001  0.632961570600948E+004  0.584746343697043E+001  0.118009322074517E+005 -0.524807053901895E+001 -0.204724402699396E+005  0.190429337033129E+002  0.100000000000000E+001  0.000000000000000E+000  0.000000000000000E+000  0.000000000000000E+000  0.100000000000000E+001  0.000000000000000E+000  0.000000000000000E+000  0.000000000000000E+000  0.100000000000000E+001  0.590000000000000E+001  0.000000000000000E+000 -0.500000000000000E+000
  0.106250000000000E+001  0.630841385642997E+004  0.724833318633318E+001  0.118128849042301E+005 -0.654192952242738E+001 -0.204711782062992E+005  0.235954083766992E+002  0.100000000000000E+001  0.000000000000000E+000  0.000000000000000E+000  0.000000000000000E+000  0.100000000000000E+001  0.000000000000000E+000  0.000000000000000E+000  0.000000000000000E+000  0.100000000000000E+001  0.590000000000000E+001  0.000000000000000E+000 -0.500000000000000E+000
  0.106562500000000E+001  0.628836222699944E+004  0.842356629886490E+001  0.118248156883785E+005 -0.771554869277315E+001 -0.204701651426921E+005  0.274451680590573E+002  0.100000000000000E+001  0.000000000000000E+000  0.000000000000000E+000  0.000000000000000E+000  0.100000000000000E+001  0.000000000000000E+000  0.000000000000000E+000  0.000000000000000E+000  0.100000000000000E+001  0.590000000000000E+001  0.000000000000000E+000 -0.500000000000000E+000
  0.106875000000000E+001  0.626901193114926E+004  0.815398071312666E+001  0.118350412619914E+005 -0.757708532220204E+001 -0.204661834327186E+005  0.265730882950302E+002  0.100000000000000E+001  0.000000000000000E+000  0.000000000000000E+000  0.000000000000000E+000  0.100000000000000E+001  0.000000000000000E+000  0.000000000000000E+000  0.000000000000000E+000  0.100000000000000E+001  0.590000000000000E+001  0.000000000000000E+000 -0.500000000000000E+000
  0.107187500000000E+001  0.625073436186551E+004  0.736195795453386E+001  0.118433139567356E+005 -0.692364169962457E+001 -0.204600052327494E+005  0.239793117421359E+002  0.100000000000000E+001  0.000000000000000E+000  0.000000000000000E+000  0.000000000000000E+000  0.100000000000000E+001  0.000000000000000E+000  0.000000000000000E+000  0.000000000000000E+000  0.100000000000000E+001  0.590000000000000E+001  0.000000000000000E+000 -0.500000000000000E+000
  0.107500000000000E+001  0.623183237414382E+004  0.640874335616536E+001  0.118464499896000E+005 -0.608221184826107E+001 -0.204435176002518E+005  0.208597137638571E+002  0.100000000000000E+001  0.000000000000000E+000  0.000000000000000E+000  0.000000000000000E+000  0.100000000000000E+001  0.000000000000000E+000  0.000000000000000E+000  0.000000000000000E+000  0.100000000000000E+001  0.590000000000000E+001  0.000000000000000E+000 -0.500000000000000E+000
  0.107812500000000E+001  0.621367614545147E+004  0.554746913650160E+001  0.118484340525947E+005 -0.532319408539479E+001 -0.204264020972957E+005  0.180017792536382E+002  0.100000000000000E+001  0.000000000000000E+000  0.000000000000000E+000  0.000000000000000E+000  0.100000000000000E+001  0.000000000000000E+000  0.000000000000000E+000  0.000000000000000E+000  0.100000000000000E+001  0.590000000000000E+001  0.000000000000000E+000 -0.500000000000000E+000
  0.108125000000000E+001  0.619573742193281E+004  0.585800760490383E+001  0.118485779247954E+005 -0.508749904581782E+001 -0.204042680967160E+005  0.186718115761323E+002  0.100000000000000E+001  0.000000000000000E+000  0.000000000000000E+000  0.000000000000000E+000  0.100000000000000E+001  0.000000000000000E+000  0.000000000000000E+000  0.000000000000000E+000  0.100000000000000E+001  0.590000000000000E+001  0.000000000000000E+000 -0.500000000000000E+000
  0.108437500000000E+001  0.617955566525422E+004  0.305634784165886E+001  0.118497337018212E+005 -0.223442430108116E+001 -0.203869146068701E+005  0.917558817504323E+001  0.100000000000000E+001  0.000000000000000E+000  0.000000000000000E+000  0.000000000000000E+000  0.100000000000000E+001  0.000000000000000E+000  0.000000000000000E+000  0.000000000000000E+000  0.100000000000000E+001  0.590000000000000E+001  0.000000000000000E+000 -0.500000000000000E+000
  0.108750000000000E+001  0.616546578512495E+004 -0.252457403388689E+000  0.118541302038199E+005  0.870234515437915E+000 -0.203809289924129E+005 -0.233630255507887E+001  0.100000000000000E+001  0.000000000000000E+000  0.000000000000000E+000  0.000000000000000E+000  0.100000000000000E+001  0.000000000000000E+000  0.000000000000000E+000  0.000000000000000E+000  0.100000000000000E+001  0.590000000000000E+001  0.000000000000000E+000 -0.500000000000000E+000
  0.109062500000000E+001  0.615210860284757E+004 -0.328679039708368E+001  0.118846454716728E+005  0.399974916747306E+001 -0.203876556862916E+005 -0.121200590130320E+002  0.100000000000000E+001  0.000000000000000E+000  0.000000000000000E+000  0.000000000000000E+000  0.100000000000000E+001  0.000000000000000E+000  0.000000000000000E+000  0.000000000000000E+000  0.100000000000000E+001  0.590000000000000E+001  0.000000000000000E+000 -0.500000000000000E+000
  0.109375000000000E+001  0.609928639855035E+004 -0.824246072757524E+001  0.118452095033843E+005  0.813349072395067E+001 -0.202029164782253E+005 -0.274574815250380E+002  0.100000000000000E+001  0.000000000000000E+000  0.000000000000000E+000  0.000000000000000E+000  0.100000000000000E+001  0.000000000000000E+000  0.000000000000000E+000  0.000000000000000E+000  0.100000000000000E+001  0.590000000000000E+001  0.000000000000000E+000 -0.500000000000000E+000
  0.109687500000000E+001  0.604752431043827E+004 -0.825143292020948E+001  0.117799653752048E+005  0.859897117929359E+001 -0.200831423310753E+005 -0.279880910181528E+002  0.100000000000000E+001  0.000000000000000E+000  0.000000000000000E+000  0.000000000000000E+000  0.100000000000000E+001  0.000000000000000E+000  0.000000000000000E+000  0.000000000000000E+000  0.100000000000000E+001  0.590000000000000E+001  0.000000000000000E+000 -0.500000000000000E+000
  0.110000000000000E+001  0.602033270127766E+004 -0.114666161755376E+002  0.117645869220517E+005  0.111488565976542E+002 -0.200465209201169E+005 -0.375119007319299E+002  0.100000000000000E+001  0.000000000000000E+000  0.000000000000000E+000  0.000000000000000E+000  0.100000000000000E+001  0.000000000000000E+000  0.000000000000000E+000  0.000000000000000E+000  0.100000000000000E+001  0.590000000000000E+001  0.000000000000000E+000 -0.500000000000000E+000
  0.110312500000000E+001  0.600578631235847E+004 -0.111067734991884E+002  0.117634240798242E+005  0.102109529566587E+002 -0.200431629007430E+005 -0.360157784801559E+002  0.100000000000000E+001  0.000000000000000E+000  0.000000000000000E+000  0.000000000000000E+000  0.100000000000000E+001  0.000000000000000E+000  0.000000000000000E+000  0.000000000000000E+000  0.100000000000000E+001  0.590000000000000E+001  0.000000000000000E+000 -0.500000000000000E+000
  0.110625000000000E+001  0.599597566494425E+004 -0.941476449484617E+001  0.117634458203439E+005  0.860191566134745E+001 -0.200354559869804E+005 -0.295868632950587E+002  0.100000000000000E+001  0.000000000000000E+000  0.000000000000000E+000  0.000000000000000E+000  0.100000000000000E+001  0.000000000000000E+000  0.000000000000000E+000  0.000000000000000E+000  0.100000000000000E+001  0.590000000000000E+001  0.000000000000000E+000 -0.500000000000000E+000
  0.110937500000000E+001  0.598802311143891E+004 -0.558710302309919E+001  0.117630647255819E+005  0.558313902444934E+001 -0.200256140115295E+005 -0.181736421297101E+002  0.100000000000000E+001  0.000000000000000E+000  0.000000000000000E+000  0.000000000000000E+000  0.100000000000000E+001  0.000000000000000E+000  0.000000000000000E+000  0.000000000000000E+000  0.100000000000000E+001  0.590000000000000E+001  0.000000000000000E+000 -0.500000000000000E+000
  0.111250000000000E+001  0.598158231440123E+004 -0.264937763285707E+001  0.117647716273901E+005  0.270754232059699E+001 -0.200164397109173E+005 -0.828870800530422E+001  0.100000000000000E+001  0.000000000000000E+000  0.000000000000000E+000  0.000000000000000E+000  0.100000000000000E+001  0.000000000000000E+000  0.000000000000000E+000  0.000000000000000E+000  0.100000000000000E+001  0.590000000000000E+001  0.000000000000000E+000 -0.500000000000000E+000
  0.111562500000000E+001  0.597640892233426E+004 -0.331954078348645E+000  0.117667906211862E+005  0.107824480408453E+000 -0.200122257619533E+005 -0.654819637842593E+000  0.100000000000000E+001  0.000000000000000E+000  0.000000000000000E+000  0.000000000000000E+000  0.100000000000000E+001  0.000000000000000E+000  0.000000000000000E+000  0.000000000000000E+000  0.100000000000000E+001  0.590000000000000E+001  0.000000000000000E+000 -0.500000000000000E+000
  0.111875000000000E+001  0.597102287964947E+004  0.247775102896412E+001  0.117656957323142E+005 -0.217898020559369E+001 -0.199978668344108E+005  0.871163974361843E+001  0.100000000000000E+001  0.000000000000000E+000  0.000000000000000E+000  0.000000000000000E+000  0.100000000000000E+001  0.000000000000000E+000  0.000000000000000E+000  0.000000000000000E+000  0.100000000000000E+001  0.590000000000000E+001  0.000000000000000E+000 -0.500000000000000E+000
  0.112187500000000E+001  0.599346669346378E+004  0.150264228659493E+003  0.118010566885528E+005 -0.134494339370271E+003 -0.200934923904149E+005  0.497869201532449E+003  0.100000000000000E+001  0.000000000000000E+000  0.000000000000000E+000  0.000000000000000E+000  0.100000000000000E+001  0.000000000000000E+000  0.000000000000000E+000  0.000000000000000E+000  0.100000000000000E+001  0.590000000000000E+001  0.000000000000000E+000 -0.500000000000000E+000
  0.112500000000000E+001  0.601010209391638E+004  0.321715773644115E+003  0.118446797660552E+005 -0.290929078560839E+003 -0.201475948252794E+005  0.105508338872243E+004  0.100000000000000E+001  0.000000000000000E+000  0.000000000000000E+000  0.000000000000000E+000  0.100000000000000E+001  0.000000000000000E+000  0.000000000000000E+000  0.000000000000000E+000  0.100000000000000E+001  0.590000000000000E+001  0.000000000000000E+000 -0.500000000000000E+000
  0.112812500000000E+001  0.603907873019507E+004  0.296911659594029E+003  0.119251015065472E+005 -0.267914241546394E+003 -0.202667115413421E+005  0.961153221912886E+003  0.100000000000000E+001  0.000000000000000E+000  0.000000000000000E+000  0.000000000000000E+000  0.100000000000000E+001  0.000000000000000E+000  0.000000000000000E+000  0.000000000000000E+000  0.100000000000000E+001  0.590000000000000E+001  0.000000000000000E+000 -0.500000000000000E+000
  0.113125000000000E+001  0.603584736063117E+004  0.339875576212435E+003  0.119336153333740E+005 -0.304608393666982E+003 -0.202309204400019E+005  0.110564296339957E+004  0.100000000000000E+001  0.000000000000000E+000  0.000000000000000E+000  0.000000000000000E+000  0.100000000000000E+001  0.000000000000000E+000  0.000000000000000E+000  0.000000000000000E+000  0.100000000000000E+001  0.590000000000000E+001  0.000000000000000E+000 -0.500000000000000E+000
  0.113437500000000E+001  0.602104517284475E+004  0.439536787314464E+003  0.119401517098663E+005 -0.398561658818864E+003 -0.201954639775292E+005  0.143072358708823E+004  0.100000000000000E+001  0.000000000000000E+000  0.000000000000000E+000  0.000000000000000E+000  0.100000000000000E+001  0.000000000000000E+000  0.000000000000000E+000  0.000000000000000E+000  0.100000000000000E+001  0.590000000000000E+001  0.000000000000000E+000 -0.500000000000000E+000
  0.113750000000000E+001  0.602777422821074E+004  0.377117441986826E+003  0.122419805704586E+005 -0.342250028935356E+003 -0.203991527107705E+005  0.121582857023177E+004  0.100000000000000E+001  0.000000000000000E+000  0.000000000000000E+000  0.000000000000000E+000  0.100000000000000E+001  0.000000000000000E+000  0.000000000000000E+000  0.000000000000000E+000  0.100000000000000E+001  0.590000000000000E+001  0.000000000000000E+000 -0.500000000000000E+000
  0.114062500000000E+001  0.602276886724825E+004  0.396039488696988E+003  0.119658844873287E+005 -0.355980138558094E+003 -0.202123522968322E+005  0.128268982306383E+004  0.100000000000000E+001  0.000000000000000E+000  0.000000000000000E+000  0.000000000000000E+000  0.100000000000000E+001  0.000000000000000E+000  0.000000000000000E+000  0.000000000000000E+000  0.100000000000000E+001  0.590000000000000E+001  0.000000000000000E+000 -0.500000000000000E+000
  0.114375000000000E+001  0.602999918517193E+004  0.332931180822292E+003  0.119524988915191E+005 -0.302107801385246E+003 -0.202406285127483E+005  0.106834913848789E+004  0.100000000000000E+001  0.000000000000000E+000  0.000000000000000E+000  0.000000000000000E+000  0.100000000000000E+001  0.000000000000000E+000  0.000000000000000E+000  0.000000000000000E+000  0.100000000000000E+001  0.590000000000000E+001  0.000000000000000E+000 -0.500000000000000E+000
  0.114687500000000E+001  0.603947479149264E+004  0.220886580982668E+003  0.119552734611596E+005 -0.199522300541517E+003 -0.202592745334074E+005  0.703343297929576E+003  0.100000000000000E+001  0.000000000000000E+000  0.000000000000000E+000  0.000000000000000E+000  0.100000000000000E+001  0.000000000000000E+000  0.000000000000000E+000  0.000000000000000E+000  0.100000000000000E+001  0.590000000000000E+001  0.000000000000000E+000 -0.500000000000000E+000
  0.115000000000000E+001  0.601759148941113E+004  0.278351934554848E+003  0.119244374311755E+005 -0.251366153671552E+003 -0.201683565458524E+005  0.901100853097028E+003  0.100000000000000E+001  0.000000000000000E+000  0.000000000000000E+000  0.000000000000000E+000  0.100000000000000E+001  0.000000000000000E+000  0.000000000000000E+000  0.000000000000000E+000  0.100000000000000E+001  0.590000000000000E+001  0.000000000000000E+000 -0.500000000000000E+000
  0.115312500000000E+001  0.601872115376059E+004  0.256713227880966E+003  0.119283948415581E+005 -0.234950443105692E+003 -0.201972700238220E+005  0.824623906681445E+003  0.100000000000000E+001  0.000000000000000E+000  0.000000000000000E+000  0.000000000000000E+000  0.100000000000000E+001  0.000000000000000E+000  0.000000000000000E+000  0.000000000000000E+000  0.100000000000000E+001  0.590000000000000E+001  0.000000000000000E+000 -0.500000000000000E+000
  0.115625000000000E+001  0.600399815684902E+004  0.311137100935259E+003  0.119049364361936E+005 -0.280502870531069E+003 -0.201337231846158E+005  0.100997203370606E+004  0.100000000000000E+001  0.000000000000000E+000  0.000000000000000E+000  0.000000000000000E+000  0.100000000000000E+001  0.000000000000000E+000  0.000000000000000E+000  0.000000000000000E+000  0.100000000000000E+001  0.590000000000000E+001  0.000000000000000E+000 -0.500000000000000E+000
  0.115937500000000E+001  0.598635025042774E+004  0.419181439527281E+003  0.118897304627346E+005 -0.380935541423540E+003 -0.200925635275208E+005  0.136391002693547E+004  0.100000000000000E+001  0.000000000000000E+000  0.000000000000000E+000  0.000000000000000E+000  0.100000000000000E+001  0.000000000000000E+000  0.000000000000000E+000  0.000000000000000E+000  0.100000000000000E+001  0.590000000000000E+001  0.000000000000000E+000 -0.500000000000000E+000
  0.116250000000000E+001  0.597716240069271E+004  0.496749394537335E+003  0.118838516368384E+005 -0.451445036507655E+003 -0.200793795373718E+005  0.161580455536138E+004  0.100000000000000E+001  0.000000000000000E+000  0.000000000000000E+000  0.000000000000000E+000  0.100000000000000E+001  0.000000000000000E+000  0.000000000000000E+000  0.000000000000000E+000  0.100000000000000E+001  0.590000000000000E+001  0.000000000000000E+000 -0.500000000000000E+000
  0.116562500000000E+001  0.597196346294184E+004  0.551599528405786E+003  0.118896657290981E+005 -0.500723819644991E+003 -0.200758698693643E+005  0.179262039539417E+004  0.100000000000000E+001  0.000000000000000E+000  0.000000000000000E+000  0.000000000000000E+000  0.100000000000000E+001  0.000000000000000E+000  0.000000000000000E+000  0.000000000000000E+000  0.100000000000000E+001  0.590000000000000E+001  0.000000000000000E+000 -0.500000000000000E+000
  0.116875000000000E+001  0.596815192587779E+004  0.587863234886965E+003  0.118860460327895E+005 -0.533109513671501E+003 -0.200681408881864E+005  0.190735029968244E+004  0.100000000000000E+001  0.000000000000000E+000  0.000000000000000E+000  0.000000000000000E+000  0.100000000000000E+001  0.000000000000000E+000  0.000000000000000E+000  0.000000000000000E+000  0.100000000000000E+001  0.590000000000000E+001  0.000000000000000E+000 -0.500000000000000E+000
  0.117187500000000E+001  0.596460473705612E+004  0.614128172489349E+003  0.118843469725826E+005 -0.556177134302830E+003 -0.200654242070472E+005  0.198898441954034E+004  0.100000000000000E+001  0.000000000000000E+000  0.000000000000000E+000  0.000000000000000E+000  0.100000000000000E+001  0.000000000000000E+000  0.000000000000000E+000  0.000000000000000E+000  0.100000000000000E+001  0.590000000000000E+001  0.000000000000000E+000 -0.500000000000000E+000
  0.117500000000000E+001  0.596262052381063E+004  0.626528920422301E+003  0.118680716548687E+005 -0.568444158690661E+003 -0.200552233589091E+005  0.202911951373522E+004  0.100000000000000E+001  0.000000000000000E+000  0.000000000000000E+000  0.000000000000000E+000  0.100000000000000E+001  0.000000000000000E+000  0.000000000000000E+000  0.000000000000000E+000  0.100000000000000E+001  0.590000000000000E+001  0.000000000000000E+000 -0.500000000000000E+000
  0.117812500000000E+001  0.596108664972394E+004  0.635767709328371E+003  0.118643957752118E+005 -0.575080494910522E+003 -0.200523148866871E+005  0.205223364998031E+004  0.100000000000000E+001  0.000000000000000E+000  0.000000000000000E+000  0.000000000000000E+000  0.100000000000000E+001  0.000000000000000E+000  0.000000000000000E+000  0.000000000000000E+000  0.100000000000000E+001  0.590000000000000E+001  0.000000000000000E+000 -0.500000000000000E+000
  0.118125000000000E+001  0.593593667424603E+004  0.494632454962113E+003  0.118449764570128E+005 -0.450888742642041E+003 -0.199678550568287E+005  0.158611030854384E+004  0.100000000000000E+001  0.000000000000000E+000  0.000000000000000E+000  0.000000000000000E+000  0.100000000000000E+001  0.000000000000000E+000  0.000000000000000E+000  0.000000000000000E+000  0.100000000000000E+001  0.590000000000000E+001  0.000000000000000E+000 -0.500000000000000E+000
  0.118437500000000E+001  0.591288823826804E+004  0.328917791600034E+003  0.118236797354552E+005 -0.298085969288433E+003 -0.199123758910071E+005  0.104668039910666E+004  0.100000000000000E+001  0.000000000000000E+000  0.000000000000000E+000  0.000000000000000E+000  0.100000000000000E+001  0.000000000000000E+000  0.000000000000000E+000  0.000000000000000E+000  0.100000000000000E+001  0.590000000000000E+001  0.000000000000000E+000 -0.500000000000000E+000
  0.118750000000000E+001  0.590009865604872E+004  0.212473256258709E+003  0.118129809650542E+005 -0.193779070523000E+003 -0.198868788835605E+005  0.671787775687553E+003  0.100000000000000E+001  0.000000000000000E+000  0.000000000000000E+000  0.000000000000000E+000  0.100000000000000E+001  0.000000000000000E+000  0.000000000000000E+000  0.000000000000000E+000  0.100000000000000E+001  0.590000000000000E+001  0.000000000000000E+000 -0.500000000000000E+000
  0.119062500000000E+001  0.589390851984915E+004  0.136036093503222E+003  0.118089778522931E+005 -0.125975678329589E+003 -0.198776481515413E+005  0.428308319853531E+003  0.100000000000000E+001  0.000000000000000E+000  0.000000000000000E+000  0.000000000000000E+000  0.100000000000000E+001  0.000000000000000E+000  0.000000000000000E+000  0.000000000000000E+000  0.100000000000000E+001  0.590000000000000E+001  0.000000000000000E+000 -0.500000000000000E+000
  0.119375000000000E+001  0.589147668050300E+004  0.933278211398065E+002  0.118077009903048E+005 -0.880472360250133E+002 -0.198785062413871E+005  0.296166533562064E+003  0.100000000000000E+001  0.000000000000000E+000  0.000000000000000E+000  0.000000000000000E+000  0.100000000000000E+001  0.000000000000000E+000  0.000000000000000E+000  0.000000000000000E+000  0.100000000000000E+001  0.590000000000000E+001  0.000000000000000E+000 -0.500000000000000E+000
  0.119687500000000E+001  0.588858377677304E+004  0.743856697516603E+002  0.118079515024336E+005 -0.694176984063743E+002 -0.198768191633184E+005  0.236697913157535E+003  0.100000000000000E+001  0.000000000000000E+000  0.000000000000000E+000  0.000000000000000E+000  0.100000000000000E+001  0.000000000000000E+000  0.000000000000000E+000  0.000000000000000E+000  0.100000000000000E+001  0.590000000000000E+001  0.000000000000000E+000 -0.500000000000000E+000
  0.120000000000000E+001  0.588678837297000E+004  0.604920084760306E+002  0.118064407583783E+005 -0.551603560295844E+002 -0.198718588873217E+005  0.193448100100621E+003  0.100000000000000E+001  0.000000000000000E+000  0.000000000000000E+000  0.000000000000000E+000  0.100000000000000E+001  0.000000000000000E+000  0.000000000000000E+000  0.000000000000000E+000  0.100000000000000E+001  0.590000000000000E+001  0.000000000000000E+000 -0.500000000000000E+000
  0.120312500000000E+001  0.588600160672595E+004  0.444176330972477E+002  0.118080627250704E+005 -0.405778985470315E+002 -0.198761745372524E+005  0.142227426949787E+003  0.100000000000000E+001  0.000000000000000E+000  0.000000000000000E+000  0.000000000000000E+000  0.100000000000000E+001  0.000000000000000E+000  0.000000000000000E+000  0.000000000000000E+000  0.100000000000000E+001  0.590000000000000E+001  0.000000000000000E+000 -0.500000000000000E+000
  0.120625000000000E+001  0.588706726799901E+004  0.331338360724039E+002  0.118094077366606E+005 -0.306531552941160E+002 -0.198799732384369E+005  0.107764778893048E+003  0.100000000000000E+001  0.000000000000000E+000  0.000000000000000E+000  0.000000000000000E+000  0.100000000000000E+001  0.000000000000000E+000  0.000000000000000E+000  0.000000000000000E+000  0.100000000000000E+001  0.590000000000000E+001  0.000000000000000E+000 -0.500000000000000E+000
  0.120937500000000E+001  0.588730767879841E+004  0.335666353187335E+002  0.118321311808699E+005 -0.307533015813824E+002 -0.198932628326861E+005  0.108040382929146E+003  0.100000000000000E+001  0.000000000000000E+000  0.000000000000000E+000  0.000000000000000E+000  0.100000000000000E+001  0.000000000000000E+000  0.000000000000000E+000  0.000000000000000E+000  0.100000000000000E+001  0.590000000000000E+001  0.000000000000000E+000 -0.500000000000000E+000
  0.121250000000000E+001  0.588683554853253E+004  0.309346528295646E+002  0.118109701947581E+005 -0.283506389471077E+002 -0.198750118435577E+005  0.999067472152528E+002  0.100000000000000E+001  0.000000000000000E+000  0.000000000000000E+000  0.000000000000000E+000  0.100000000000000E+001  0.000000000000000E+000  0.000000000000000E+000  0.000000000000000E+000  0.100000000000000E+001  0.590000000000000E+001  0.000000000000000E+000 -0.500000000000000E+000
  0.121562500000000E+001  0.588532188095175E+004  0.229329970506005E+002  0.118096592520815E+005 -0.207841172552653E+002 -0.198684651105525E+005  0.727858717282361E+002  0.100000000000000E+001  0.000000000000000E+000  0.000000000000000E+000  0.000000000000000E+000  0.100000000000000E+001  0.000000000000000E+000  0.000000000000000E+000  0.000000000000000E+000  0.100000000000000E+001  0.590000000000000E+001  0.000000000000000E+000 -0.500000000000000E+000
  0.121875000000000E+001  0.588396083572685E+004  0.131336901154064E+002  0.118092154254682E+005 -0.114254817145047E+002 -0.198646018665988E+005  0.412653214263701E+002  0.100000000000000E+001  0.000000000000000E+000  0.000000000000000E+000  0.000000000000000E+000  0.100000000000000E+001  0.000000000000000E+000  0.000000000000000E+000  0.000000000000000E+000  0.100000000000000E+001  0.590000000000000E+001  0.000000000000000E+000 -0.500000000000000E+000
  0.122187500000000E+001  0.588212904150524E+004  0.602511844331457E+001  0.118084818074059E+005 -0.495040345281450E+001 -0.198617086476884E+005  0.183261551781616E+002  0.100000000000000E+001  0.000000000000000E+000  0.000000000000000E+000  0.000000000000000E+000  0.100000000000000E+001  0.000000000000000E+000  0.000000000000000E+000  0.000000000000000E+000  0.100000000000000E+001  0.590000000000000E+001  0.000000000000000E+000 -0.500000000000000E+000
  0.122500000000000E+001  0.588095442333711E+004  0.417823888179555E+000  0.118074324738056E+005 -0.123568282685301E+001 -0.198604462897854E+005  0.436795467452612E+000  0.100000000000000E+001  0.000000000000000E+000  0.000000000000000E+000  0.000000000000000E+000  0.100000000000000E+001  0.000000000000000E+000  0.000000000000000E+000  0.000000000000000E+000  0.100000000000000E+001  0.590000000000000E+001  0.000000000000000E+000 -0.500000000000000E+000
  0.122812500000000E+001  0.588036972197155E+004 -0.478915427975153E+001  0.118090052936648E+005  0.335063659314619E+001 -0.198607730490339E+005 -0.153371783891198E+002  0.100000000000000E+001  0.000000000000000E+000  0.000000000000000E+000  0.000000000000000E+000  0.100000000000000E+001  0.000000000000000E+000  0.000000000000000E+000  0.000000000000000E+000  0.100000000000000E+001  0.590000000000000E+001  0.000000000000000E+000 -0.500000000000000E+000
  0.123125000000000E+001  0.588028422973513E+004 -0.456338522829901E+001  0.117982250381307E+005  0.250425006281148E+001 -0.198559836953699E+005 -0.125685910324682E+002  0.100000000000000E+001  0.000000000000000E+000  0.000000000000000E+000  0.000000000000000E+000  0.100000000000000E+001  0.000000000000000E+000  0.000000000000000E+000  0.000000000000000E+000  0.100000000000000E+001  0.590000000000000E+001  0.000000000000000E+000 -0.500000000000000E+000
  0.123437500000000E+001  0.587951854285207E+004 -0.669407440072973E-001  0.118093347999119E+005 -0.913461517724500E+000 -0.198642197999435E+005  0.169626183994114E+001  0.100000000000000E+001  0.000000000000000E+000  0.000000000000000E+000  0.000000000000000E+000  0.100000000000000E+001  0.000000000000000E+000  0.000000000000000E+000  0.000000000000000E+000  0.100000000000000E+001  0.590000000000000E+001  0.000000000000000E+000 -0.500000000000000E+000
  0.123750000000000E+001  0.587904048945208E+004 -0.130742620337696E+001  0.118090918803157E+005 -0.340870173720759E+000 -0.198644387824457E+005 -0.306014304720156E+001  0.100000000000000E+001  0.000000000000000E+000  0.000000000000000E+000  0.000000000000000E+000  0.100000000000000E+001  0.000000000000000E+000  0.000000000000000E+000  0.000000000000000E+000  0.100000000000000E+001  0.590000000000000E+001  0.000000000000000E+000 -0.500000000000000E+000
  0.124062500000000E+001  0.587922442696389E+004 -0.638092306780891E+001  0.118072842998463E+005  0.373465282310644E+001 -0.198592853871960E+005 -0.198050470892340E+002  0.100000000000000E+001  0.000000000000000E+000  0.000000000000000E+000  0.000000000000000E+000  0.100000000000000E+001  0.000000000000000E+000  0.000000000000000E+000  0.000000000000000E+000  0.100000000000000E+001  0.590000000000000E+001  0.000000000000000E+000 -0.500000000000000E+000
  0.124375000000000E+001  0.587915714219367E+004 -0.100434382258827E+002  0.118078265271543E+005  0.744846139358560E+001 -0.198606072935598E+005 -0.319079119269300E+002  0.100000000000000E+001  0.000000000000000E+000  0.000000000000000E+000  0.000000000000000E+000  0.100000000000000E+001  0.000000000000000E+000  0.000000000000000E+000  0.000000000000000E+000  0.100000000000000E+001  0.590000000000000E+001  0.000000000000000E+000 -0.500000000000000E+000
  0.124687500000000E+001  0.587867586965951E+004 -0.872387155416800E+001  0.118087146271669E+005  0.631696819324861E+001 -0.198606693471835E+005 -0.265091946575849E+002  0.100000000000000E+001  0.000000000000000E+000  0.000000000000000E+000  0.000000000000000E+000  0.100000000000000E+001  0.000000000000000E+000  0.000000000000000E+000  0.000000000000000E+000  0.100000000000000E+001  0.590000000000000E+001  0.000000000000000E+000 -0.500000000000000E+000
  0.125000000000000E+001  0.587840065572146E+004 -0.510340776281373E+001  0.118079543227618E+005  0.350906145826593E+001 -0.198589501057410E+005 -0.151391248253931E+002  0.100000000000000E+001  0.000000000000000E+000  0.000000000000000E+000  0.000000000000000E+000  0.100000000000000E+001  0.000000000000000E+000  0.000000000000000E+000  0.000000000000000E+000  0.100000000000000E+001  0.590000000000000E+001  0.000000000000000E+000 -0.500000000000000E+000
  0.125312500000000E+001  0.587800745328696E+004  0.568458916422969E+000  0.117972817508826E+005 -0.482612212508684E-001 -0.198537912164429E+005  0.509358792158309E+000  0.100000000000000E+001  0.000000000000000E+000  0.000000000000000E+000  0.000000000000000E+000  0.100000000000000E+001  0.000000000000000E+000  0.000000000000000E+000  0.000000000000000E+000  0.100000000000000E+001  0.590000000000000E+001  0.000000000000000E+000 -0.500000000000000E+000
  0.125625000000000E+001  0.587747360190769E+004 -0.225244438064692E+001  0.118080383087984E+005  0.148704894779803E+001 -0.198620994140423E+005 -0.663522617775016E+001  0.100000000000000E+001  0.000000000000000E+000  0.000000000000000E+000  0.000000000000000E+000  0.100000000000000E+001  0.000000000000000E+000  0.000000000000000E+000  0.000000000000000E+000  0.100000000000000E+001  0.590000000000000E+001  0.000000000000000E+000 -0.500000000000000E+000
  0.125937500000000E+001  0.587767881735910E+004 -0.624884863563057E+001  0.118065612944302E+005  0.510014968668111E+001 -0.198571035943459E+005 -0.214403307169705E+002  0.100000000000000E+001  0.000000000000000E+000  0.000000000000000E+000  0.000000000000000E+000  0.100000000000000E+001  0.000000000000000E+000  0.000000000000000E+000  0.000000000000000E+000  0.100000000000000E+001  0.590000000000000E+001  0.000000000000000E+000 -0.500000000000000E+000
  0.126250000000000E+001  0.587745261704234E+004 -0.129329839428974E+002  0.118062018132311E+005  0.114833184192321E+002 -0.198570101001334E+005 -0.418010990950570E+002  0.100000000000000E+001  0.000000000000000E+000  0.000000000000000E+000  0.000000000000000E+000  0.100000000000000E+001  0.000000000000000E+000  0.000000000000000E+000  0.000000000000000E+000  0.100000000000000E+001  0.590000000000000E+001  0.000000000000000E+000 -0.500000000000000E+000
  0.126562500000000E+001  0.587698357364535E+004 -0.173211732712662E+002  0.118065231169455E+005  0.153894061974861E+002 -0.198532985819372E+005 -0.573460251514771E+002  0.100000000000000E+001  0.000000000000000E+000  0.000000000000000E+000  0.000000000000000E+000  0.100000000000000E+001  0.000000000000000E+000  0.000000000000000E+000  0.000000000000000E+000  0.100000000000000E+001  0.590000000000000E+001  0.000000000000000E+000 -0.500000000000000E+000
  0.126875000000000E+001  0.587621382475416E+004 -0.181038920411083E+002  0.118175877719155E+005  0.147182108850902E+002 -0.198621377099044E+005 -0.566394674393669E+002  0.100000000000000E+001  0.000000000000000E+000  0.000000000000000E+000  0.000000000000000E+000  0.100000000000000E+001  0.000000000000000E+000  0.000000000000000E+000  0.000000000000000E+000  0.100000000000000E+001  0.590000000000000E+001  0.000000000000000E+000 -0.500000000000000E+000
  0.127187500000000E+001  0.587513895244416E+004 -0.165348205136615E+002  0.118066628251950E+005  0.131886493350612E+002 -0.198530294409301E+005 -0.526168271105707E+002  0.100000000000000E+001  0.000000000000000E+000  0.000000000000000E+000  0.000000000000000E+000  0.100000000000000E+001  0.000000000000000E+000  0.000000000000000E+000  0.000000000000000E+000  0.100000000000000E+001  0.590000000000000E+001  0.000000000000000E+000 -0.500000000000000E+000
  0.127500000000000E+001  0.587600862978130E+004 -0.172384585372274E+002  0.118087484528565E+005  0.140645216184857E+002 -0.198593901560798E+005 -0.544223194048100E+002  0.100000000000000E+001  0.000000000000000E+000  0.000000000000000E+000  0.000000000000000E+000  0.100000000000000E+001  0.000000000000000E+000  0.000000000000000E+000  0.000000000000000E+000  0.100000000000000E+001  0.590000000000000E+001  0.000000000000000E+000 -0.500000000000000E+000
  0.127812500000000E+001  0.587596142273081E+004 -0.150653419556766E+002  0.118085749574316E+005  0.133059491970052E+002 -0.198586352778622E+005 -0.486031016245979E+002  0.100000000000000E+001  0.000000000000000E+000  0.000000000000000E+000  0.000000000000000E+000  0.100000000000000E+001  0.000000000000000E+000  0.000000000000000E+000  0.000000000000000E+000  0.100000000000000E+001  0.590000000000000E+001  0.000000000000000E+000 -0.500000000000000E+000
  0.128125000000000E+001  0.587582283504531E+004 -0.182507911204593E+002  0.118076002013630E+005  0.159957173362418E+002 -0.198577422796811E+005 -0.586778007629036E+002  0.100000000000000E+001  0.000000000000000E+000  0.000000000000000E+000  0.000000000000000E+000  0.100000000000000E+001  0.000000000000000E+000  0.000000000000000E+000  0.000000000000000E+000  0.100000000000000E+001  0.590000000000000E+001  0.000000000000000E+000 -0.500000000000000E+000
  0.128437500000000E+001  0.587608053200075E+004 -0.247816248472300E+002  0.118076144025634E+005  0.213795367988059E+002 -0.198564944762135E+005 -0.807565404047054E+002  0.100000000000000E+001  0.000000000000000E+000  0.000000000000000E+000  0.000000000000000E+000  0.100000000000000E+001  0.000000000000000E+000  0.000000000000000E+000  0.000000000000000E+000  0.100000000000000E+001  0.590000000000000E+001  0.000000000000000E+000 -0.500000000000000E+000
  0.128750000000000E+001  0.587681206399261E+004 -0.259028278224869E+002  0.118093044489347E+005  0.237046689697381E+002 -0.198614429483002E+005 -0.851439966695616E+002  0.100000000000000E+001  0.000000000000000E+000  0.000000000000000E+000  0.000000000000000E+000  0.100000000000000E+001  0.000000000000000E+000  0.000000000000000E+000  0.000000000000000E+000  0.100000000000000E+001  0.590000000000000E+001  0.000000000000000E+000 -0.500000000000000E+000
  0.129062500000000E+001  0.587680836844185E+004 -0.301137575113171E+002  0.118089649289992E+005  0.279254738385935E+002 -0.198604094781209E+005 -0.993444908310339E+002  0.100000000000000E+001  0.000000000000000E+000  0.000000000000000E+000  0.000000000000000E+000  0.100000000000000E+001  0.000000000000000E+000  0.000000000000000E+000  0.000000000000000E+000  0.100000000000000E+001  0.590000000000000E+001  0.000000000000000E+000 -0.500000000000000E+000
  0.129375000000000E+001  0.587685865561946E+004 -0.330154316477856E+002  0.118104746753868E+005  0.299890472587940E+002 -0.198616006194790E+005 -0.107351362415982E+003  0.100000000000000E+001  0.000000000000000E+000  0.000000000000000E+000  0.000000000000000E+000  0.100000000000000E+001  0.000000000000000E+000  0.000000000000000E+000  0.000000000000000E+000  0.100000000000000E+001  0.590000000000000E+001  0.000000000000000E+000 -0.500000000000000E+000
  0.129687500000000E+001  0.587625221611179E+004 -0.314184531817955E+002  0.118201460499514E+005  0.297325173022400E+002 -0.198664055323326E+005 -0.104248022655433E+003  0.100000000000000E+001  0.000000000000000E+000  0.000000000000000E+000  0.000000000000000E+000  0.100000000000000E+001  0.000000000000000E+000  0.000000000000000E+000  0.000000000000000E+000  0.100000000000000E+001  0.590000000000000E+001  0.000000000000000E+000 -0.500000000000000E+000
  0.130000000000000E+001  0.587602521883872E+004 -0.276673907684817E+002  0.118076503904643E+005  0.246985300857341E+002 -0.198538249252901E+005 -0.895195493429928E+002  0.100000000000000E+001  0.000000000000000E+000  0.000000000000000E+000  0.000000000000000E+000  0.100000000000000E+001  0.000000000000000E+000  0.000000000000000E+000  0.000000000000000E+000  0.100000000000000E+001  0.590000000000000E+001  0.000000000000000E+000 -0.500000000000000E+000
  0.130312500000000E+001  0.587528170429107E+004 -0.281182279067652E+002  0.118055124737052E+005  0.250347470399793E+002 -0.198485614596671E+005 -0.907929207004927E+002  0.100000000000000E+001  0.000000000000000E+000  0.000000000000000E+000  0.000000000000000E+000  0.100000000000000E+001  0.000000000000000E+000  0.000000000000000E+000  0.000000000000000E+000  0.100000000000000E+001  0.590000000000000E+001  0.000000000000000E+000 -0.500000000000000E+000
  0.130625000000000E+001  0.587460034702227E+004 -0.266697644397427E+002  0.118060443198296E+005  0.222924231800134E+002 -0.198486567460384E+005 -0.831715674080915E+002  0.100000000000000E+001  0.000000000000000E+000  0.000000000000000E+000  0.000000000000000E+000  0.100000000000000E+001  0.000000000000000E+000  0.000000000000000E+000  0.000000000000000E+000  0.100000000000000E+001  0.590000000000000E+001  0.000000000000000E+000 -0.500000000000000E+000
  0.130937500000000E+001  0.587496115201679E+004 -0.203182131190770E+002  0.118085895401436E+005  0.178252518083245E+002 -0.198570664699371E+005 -0.665250163656892E+002  0.100000000000000E+001  0.000000000000000E+000  0.000000000000000E+000  0.000000000000000E+000  0.100000000000000E+001  0.000000000000000E+000  0.000000000000000E+000  0.000000000000000E+000  0.100000000000000E+001  0.590000000000000E+001  0.000000000000000E+000 -0.500000000000000E+000
  0.131250000000000E+001  0.587500846079138E+004 -0.199593058292594E+002  0.118105973011511E+005  0.179931563081846E+002 -0.198597818307401E+005 -0.642781378135987E+002  0.100000000000000E+001  0.000000000000000E+000  0.000000000000000E+000  0.000000000000000E+000  0.100000000000000E+001  0.000000000000000E+000  0.000000000000000E+000  0.000000000000000E+000  0.100000000000000E+001  0.590000000000000E+001  0.000000000000000E+000 -0.500000000000000E+000
  0.131562500000000E+001  0.587526311691948E+004 -0.173885791474459E+002  0.118091091189454E+005  0.161455113418124E+002 -0.198595683687327E+005 -0.563746233222919E+002  0.100000000000000E+001  0.000000000000000E+000  0.000000000000000E+000  0.000000000000000E+000  0.100000000000000E+001  0.000000000000000E+000  0.000000000000000E+000  0.000000000000000E+000  0.100000000000000E+001  0.590000000000000E+001  0.000000000000000E+000 -0.500000000000000E+000
  0.131875000000000E+001  0.587572598664556E+004 -0.174835423116747E+002  0.118111488207530E+005  0.164355346908269E+002 -0.198630934507302E+005 -0.568877376675664E+002  0.100000000000000E+001  0.000000000000000E+000  0.000000000000000E+000  0.000000000000000E+000  0.100000000000000E+001  0.000000000000000E+000  0.000000000000000E+000  0.000000000000000E+000  0.100000000000000E+001  0.590000000000000E+001  0.000000000000000E+000 -0.500000000000000E+000
  0.132187500000000E+001  0.587625463081103E+004 -0.185486816263219E+002  0.118108621573464E+005  0.176980968023490E+002 -0.198620548218219E+005 -0.614140007572569E+002  0.100000000000000E+001  0.000000000000000E+000  0.000000000000000E+000  0.000000000000000E+000  0.100000000000000E+001  0.000000000000000E+000  0.000000000000000E+000  0.000000000000000E+000  0.100000000000000E+001  0.590000000000000E+001  0.000000000000000E+000 -0.500000000000000E+000
  0.132500000000000E+001  0.587587012607773E+004 -0.208944933325256E+002  0.118096182979764E+005  0.192822209126462E+002 -0.198582562890829E+005 -0.684976194263145E+002  0.100000000000000E+001  0.000000000000000E+000  0.000000000000000E+000  0.000000000000000E+000  0.100000000000000E+001  0.000000000000000E+000  0.000000000000000E+000  0.000000000000000E+000  0.100000000000000E+001  0.590000000000000E+001  0.000000000000000E+000 -0.500000000000000E+000
  0.132812500000000E+001  0.587541826068687E+004 -0.191661318629122E+002  0.118072880266945E+005  0.169184063538996E+002 -0.198517232520281E+005 -0.617013140728523E+002  0.100000000000000E+001  0.000000000000000E+000  0.000000000000000E+000  0.000000000000000E+000  0.100000000000000E+001  0.000000000000000E+000  0.000000000000000E+000  0.000000000000000E+000  0.100000000000000E+001  0.590000000000000E+001  0.000000000000000E+000 -0.500000000000000E+000
  0.133125000000000E+001  0.587508007691449E+004 -0.237673412156655E+002  0.118059185798172E+005  0.202481604207642E+002 -0.198495937122177E+005 -0.775687938835763E+002  0.100000000000000E+001  0.000000000000000E+000  0.000000000000000E+000  0.000000000000000E+000  0.100000000000000E+001  0.000000000000000E+000  0.000000000000000E+000  0.000000000000000E+000  0.100000000000000E+001  0.590000000000000E+001  0.000000000000000E+000 -0.500000000000000E+000
  0.133437500000000E+001  0.587528408847320E+004 -0.281135712132818E+002  0.118072484403638E+005  0.248208097825336E+002 -0.198518089971422E+005 -0.927375836880092E+002  0.100000000000000E+001  0.000000000000000E+000  0.000000000000000E+000  0.000000000000000E+000  0.100000000000000E+001  0.000000000000000E+000  0.000000000000000E+000  0.000000000000000E+000  0.100000000000000E+001  0.590000000000000E+001  0.000000000000000E+000 -0.500000000000000E+000
  0.133750000000000E+001  0.587616072523768E+004 -0.283439307831868E+002  0.118099012239367E+005  0.259072815337422E+002 -0.198603124704609E+005 -0.915140072780487E+002  0.100000000000000E+001  0.000000000000000E+000  0.000000000000000E+000  0.000000000000000E+000  0.100000000000000E+001  0.000000000000000E+000  0.000000000000000E+000  0.000000000000000E+000  0.100000000000000E+001  0.590000000000000E+001  0.000000000000000E+000 -0.500000000000000E+000
  0.134062500000000E+001  0.587622034280112E+004 -0.305624169445655E+002  0.118105152323347E+005  0.281044361200329E+002 -0.198611759840312E+005 -0.988776647755876E+002  0.100000000000000E+001  0.000000000000000E+000  0.000000000000000E+000  0.000000000000000E+000  0.100000000000000E+001  0.000000000000000E+000  0.000000000000000E+000  0.000000000000000E+000  0.100000000000000E+001  0.590000000000000E+001  0.000000000000000E+000 -0.500000000000000E+000
  0.134375000000000E+001  0.587663911634197E+004 -0.287240182895839E+002  0.118109301348495E+005  0.268724711072136E+002 -0.198613970481186E+005 -0.941392227041069E+002  0.100000000000000E+001  0.000000000000000E+000  0.000000000000000E+000  0.000000000000000E+000  0.100000000000000E+001  0.000000000000000E+000  0.000000000000000E+000  0.000000000000000E+000  0.100000000000000E+001  0.590000000000000E+001  0.000000000000000E+000 -0.500000000000000E+000
  0.134687500000000E+001  0.587648180978349E+004 -0.303349938509127E+002  0.118108413954587E+005  0.283083198819877E+002 -0.198612908511081E+005 -0.987789745068731E+002  0.100000000000000E+001  0.000000000000000E+000  0.000000000000000E+000  0.000000000000000E+000  0.100000000000000E+001  0.000000000000000E+000  0.000000000000000E+000  0.000000000000000E+000  0.100000000000000E+001  0.590000000000000E+001  0.000000000000000E+000 -0.500000000000000E+000
  0.135000000000000E+001  0.587617611809807E+004 -0.275048782744052E+002  0.118094570126389E+005  0.258520756864309E+002 -0.198567581076278E+005 -0.901444213395880E+002  0.100000000000000E+001  0.000000000000000E+000  0.000000000000000E+000  0.000000000000000E+000  0.100000000000000E+001  0.000000000000000E+000  0.000000000000000E+000  0.000000000000000E+000  0.100000000000000E+001  0.590000000000000E+001  0.000000000000000E+000 -0.500000000000000E+000
  0.135312500000000E+001  0.587552517072195E+004 -0.294595449642948E+002  0.118076695311543E+005  0.267665577964872E+002 -0.198541239346850E+005 -0.946116455227020E+002  0.100000000000000E+001  0.000000000000000E+000  0.000000000000000E+000  0.000000000000000E+000  0.100000000000000E+001  0.000000000000000E+000  0.000000000000000E+000  0.000000000000000E+000  0.100000000000000E+001  0.590000000000000E+001  0.000000000000000E+000 -0.500000000000000E+000
  0.135625000000000E+001  0.587569619635350E+004 -0.303007867304113E+002  0.118072826487948E+005  0.271238318479664E+002 -0.198517573162679E+005 -0.982875407174142E+002  0.100000000000000E+001  0.000000000000000E+000  0.000000000000000E+000  0.000000000000000E+000  0.100000000000000E+001  0.000000000000000E+000  0.000000000000000E+000  0.000000000000000E+000  0.100000000000000E+001  0.590000000000000E+001  0.000000000000000E+000 -0.500000000000000E+000
  0.135937500000000E+001  0.587610196237606E+004 -0.302129093194962E+002  0.118105787939905E+005  0.281005844325773E+002 -0.198605114434455E+005 -0.990206220748951E+002  0.100000000000000E+001  0.000000000000000E+000  0.000000000000000E+000  0.000000000000000E+000  0.100000000000000E+001  0.000000000000000E+000  0.000000000000000E+000  0.000000000000000E+000  0.100000000000000E+001  0.590000000000000E+001  0.000000000000000E+000 -0.500000000000000E+000
  0.136250000000000E+001  0.587590460621034E+004 -0.299840655004809E+002  0.118093105660888E+005  0.273563184334562E+002 -0.198583813432459E+005 -0.965080234087509E+002  0.100000000000000E+001  0.000000000000000E+000  0.000000000000000E+000  0.000000000000000E+000  0.100000000000000E+001  0.000000000000000E+000  0.000000000000000E+000  0.000000000000000E+000  0.100000000000000E+001  0.590000000000000E+001  0.000000000000000E+000 -0.500000000000000E+000
  0.136562500000000E+001  0.587556728038586E+004 -0.290825975348998E+002  0.118090787920315E+005  0.263687181650384E+002 -0.198572225639295E+005 -0.942322770609753E+002  0.100000000000000E+001  0.000000000000000E+000  0.000000000000000E+000  0.000000000000000E+000  0.100000000000000E+001  0.000000000000000E+000  0.000000000000000E+000  0.000000000000000E+000  0.100000000000000E+001  0.590000000000000E+001  0.000000000000000E+000 -0.500000000000000E+000
  0.136875000000000E+001  0.587463582263110E+004 -0.246236091441097E+002  0.118078057404649E+005  0.213361458006402E+002 -0.198513626569754E+005 -0.771631933291646E+002  0.100000000000000E+001  0.000000000000000E+000  0.000000000000000E+000  0.000000000000000E+000  0.100000000000000E+001  0.000000000000000E+000  0.000000000000000E+000  0.000000000000000E+000  0.100000000000000E+001  0.590000000000000E+001  0.000000000000000E+000 -0.500000000000000E+000
  0.137187500000000E+001  0.587464475974896E+004 -0.227282534643018E+002  0.118068729009429E+005  0.194758945547801E+002 -0.198516032212847E+005 -0.736734915716806E+002  0.100000000000000E+001  0.000000000000000E+000  0.000000000000000E+000  0.000000000000000E+000  0.100000000000000E+001  0.000000000000000E+000  0.000000000000000E+000  0.000000000000000E+000  0.100000000000000E+001  0.590000000000000E+001  0.000000000000000E+000 -0.500000000000000E+000
  0.137500000000000E+001  0.587446690527552E+004 -0.195851575821725E+002  0.118075582245631E+005  0.173199222772892E+002 -0.198532009384707E+005 -0.618937228219875E+002  0.100000000000000E+001  0.000000000000000E+000  0.000000000000000E+000  0.000000000000000E+000  0.100000000000000E+001  0.000000000000000E+000  0.000000000000000E+000  0.000000000000000E+000  0.100000000000000E+001  0.590000000000000E+001  0.000000000000000E+000 -0.500000000000000E+000
  0.137812500000000E+001  0.587422650078421E+004 -0.163364243426913E+002  0.118075981853641E+005  0.147361199699735E+002 -0.198530858101238E+005 -0.528261165531731E+002  0.100000000000000E+001  0.000000000000000E+000  0.000000000000000E+000  0.000000000000000E+000  0.100000000000000E+001  0.000000000000000E+000  0.000000000000000E+000  0.000000000000000E+000  0.100000000000000E+001  0.590000000000000E+001  0.000000000000000E+000 -0.500000000000000E+000
  0.138125000000000E+001  0.587391038152638E+004 -0.103594345665479E+002  0.118068680471767E+005  0.890482954250183E+001 -0.198510901907306E+005 -0.325513304364722E+002  0.100000000000000E+001  0.000000000000000E+000  0.000000000000000E+000  0.000000000000000E+000  0.100000000000000E+001  0.000000000000000E+000  0.000000000000000E+000  0.000000000000000E+000  0.100000000000000E+001  0.590000000000000E+001  0.000000000000000E+000 -0.500000000000000E+000
  0.138437500000000E+001  0.587380229187780E+004 -0.110972444483996E+002  0.118071020035033E+005  0.941825082446303E+001 -0.198516840978761E+005 -0.342043054524402E+002  0.100000000000000E+001  0.000000000000000E+000  0.000000000000000E+000  0.000000000000000E+000  0.100000000000000E+001  0.000000000000000E+000  0.000000000000000E+000  0.000000000000000E+000  0.100000000000000E+001  0.590000000000000E+001  0.000000000000000E+000 -0.500000000000000E+000
  0.138750000000000E+001  0.587336404755857E+004 -0.553108250008518E+001  0.118071096714866E+005  0.497219393283740E+001 -0.198495570087655E+005 -0.166908767753339E+002  0.100000000000000E+001  0.000000000000000E+000  0.000000000000000E+000  0.000000000000000E+000  0.100000000000000E+001  0.000000000000000E+000  0.000000000000000E+000  0.000000000000000E+000  0.100000000000000E+001  0.590000000000000E+001  0.000000000000000E+000 -0.500000000000000E+000
  0.139062500000000E+001  0.587304881154815E+004 -0.229446401770838E+001  0.118066266408539E+005  0.246831298733741E+001 -0.198512357521327E+005 -0.778422939377197E+001  0.100000000000000E+001  0.000000000000000E+000  0.000000000000000E+000  0.000000000000000E+000  0.100000000000000E+001  0.000000000000000E+000  0.000000000000000E+000  0.000000000000000E+000  0.100000000000000E+001  0.590000000000000E+001  0.000000000000000E+000 -0.500000000000000E+000
  0.139375000000000E+001  0.587274337443503E+004 -0.484454550192459E+001  0.118076647857022E+005  0.454082089074655E+001 -0.198529908925081E+005 -0.156057846430194E+002  0.100000000000000E+001  0.000000000000000E+000  0.000000000000000E+000  0.000000000000000E+000  0.100000000000000E+001  0.000000000000000E+000  0.000000000000000E+000  0.000000000000000E+000  0.100000000000000E+001  0.590000000000000E+001  0.000000000000000E+000 -0.500000000000000E+000
  0.139687500000000E+001  0.587268908200266E+004 -0.771452025639883E+001  0.118080992863021E+005  0.661891289529012E+001 -0.198528753740004E+005 -0.246422916677111E+002  0.100000000000000E+001  0.000000000000000E+000  0.000000000000000E+000  0.000000000000000E+000  0.100000000000000E+001  0.000000000000000E+000  0.000000000000000E+000  0.000000000000000E+000  0.100000000000000E+001  0.590000000000000E+001  0.000000000000000E+000 -0.500000000000000E+000
  0.140000000000000E+001  0.587357726106999E+004 -0.109352616483084E+002  0.118072447323665E+005  0.921185137030261E+001 -0.198542819693914E+005 -0.363610863091017E+002  0.100000000000000E+001  0.000000000000000E+000  0.000000000000000E+000  0.000000000000000E+000  0.100000000000000E+001  0.000000000000000E+000  0.000000000000000E+000  0.000000000000000E+000  0.100000000000000E+001  0.590000000000000E+001  0.000000000000000E+000 -0.500000000000000E+000

