 # Integral loads: N.components: 2
 #                 Ref.sys     : Stability
 #                 Components  : wing_right , wing_left
 #  t , Fx , Fy , Fz , Mx , My , Mz , ref_mat(9) , ref_off(3) 
  0.100000000000000E+001  0.768274300626590E+004 -0.150066625792533E-010  0.193923960748053E+006  0.829459168016911E-009  0.764160286787824E+006  0.654836185276508E-010  0.100000000000000E+001  0.000000000000000E+000  0.000000000000000E+000  0.000000000000000E+000  0.100000000000000E+001  0.000000000000000E+000  0.000000000000000E+000  0.000000000000000E+000  0.100000000000000E+001  0.590000000000000E+001  0.000000000000000E+000 -0.500000000000000E+000
  0.100156300000000E+001 -0.285827293392696E+004  0.341060513164848E-011  0.614627986270098E+005 -0.117142917588353E-008  0.237992290584013E+006 -0.309228198602796E-010  0.100000000000000E+001  0.000000000000000E+000  0.000000000000000E+000  0.000000000000000E+000  0.100000000000000E+001  0.000000000000000E+000  0.000000000000000E+000  0.000000000000000E+000  0.100000000000000E+001  0.590000000000000E+001  0.000000000000000E+000 -0.500000000000000E+000
  0.100312600000000E+001 -0.305519645983621E+004  0.341060513164848E-011  0.586805440242549E+005 -0.596628524363041E-009  0.231042670898129E+006 -0.281943357549608E-010  0.100000000000000E+001  0.000000000000000E+000  0.000000000000000E+000  0.000000000000000E+000  0.100000000000000E+001  0.000000000000000E+000  0.000000000000000E+000  0.000000000000000E+000  0.100000000000000E+001  0.590000000000000E+001  0.000000000000000E+000 -0.500000000000000E+000
  0.100468900000000E+001 -0.324001077128954E+004  0.363797880709171E-011  0.585039567453114E+005 -0.371073838323355E-009  0.232071965730334E+006 -0.136424205265939E-010  0.100000000000000E+001  0.000000000000000E+000  0.000000000000000E+000  0.000000000000000E+000  0.100000000000000E+001  0.000000000000000E+000  0.000000000000000E+000  0.000000000000000E+000  0.100000000000000E+001  0.590000000000000E+001  0.000000000000000E+000 -0.500000000000000E+000
  0.100625200000000E+001 -0.340542445702925E+004 -0.345607986673713E-010  0.591979922093589E+005  0.734871719032526E-009  0.235551333590561E+006  0.986801751423627E-010  0.100000000000000E+001  0.000000000000000E+000  0.000000000000000E+000  0.000000000000000E+000  0.100000000000000E+001  0.000000000000000E+000  0.000000000000000E+000  0.000000000000000E+000  0.100000000000000E+001  0.590000000000000E+001  0.000000000000000E+000 -0.500000000000000E+000
  0.100781500000000E+001 -0.355250400554247E+004 -0.636646291241050E-011  0.600768901323246E+005  0.123691279441118E-009  0.239400890155391E+006  0.363797880709171E-010  0.100000000000000E+001  0.000000000000000E+000  0.000000000000000E+000  0.000000000000000E+000  0.100000000000000E+001  0.000000000000000E+000  0.000000000000000E+000  0.000000000000000E+000  0.100000000000000E+001  0.590000000000000E+001  0.000000000000000E+000 -0.500000000000000E+000
  0.100937800000000E+001 -0.368313565112493E+004 -0.432009983342141E-011  0.609308333838591E+005 -0.104046193882823E-008  0.243017701130345E+006 -0.122781784739345E-010  0.100000000000000E+001  0.000000000000000E+000  0.000000000000000E+000  0.000000000000000E+000  0.100000000000000E+001  0.000000000000000E+000  0.000000000000000E+000  0.000000000000000E+000  0.100000000000000E+001  0.590000000000000E+001  0.000000000000000E+000 -0.500000000000000E+000
  0.101094100000000E+001 -0.379930817178598E+004 -0.454747350886464E-012  0.617130721150207E+005 -0.128784449771047E-008  0.246287982578174E+006 -0.209183781407773E-010  0.100000000000000E+001  0.000000000000000E+000  0.000000000000000E+000  0.000000000000000E+000  0.100000000000000E+001  0.000000000000000E+000  0.000000000000000E+000  0.000000000000000E+000  0.100000000000000E+001  0.590000000000000E+001  0.000000000000000E+000 -0.500000000000000E+000
  0.101250400000000E+001 -0.390284784933074E+004 -0.206910044653341E-010  0.624199522000291E+005  0.167347025126219E-009  0.249221055197916E+006  0.236468622460961E-010  0.100000000000000E+001  0.000000000000000E+000  0.000000000000000E+000  0.000000000000000E+000  0.100000000000000E+001  0.000000000000000E+000  0.000000000000000E+000  0.000000000000000E+000  0.100000000000000E+001  0.590000000000000E+001  0.000000000000000E+000 -0.500000000000000E+000
  0.101406700000000E+001 -0.399533928842376E+004 -0.100044417195022E-010  0.630567641882548E+005  0.902218744158745E-009  0.251848698537201E+006  0.136424205265939E-010  0.100000000000000E+001  0.000000000000000E+000  0.000000000000000E+000  0.000000000000000E+000  0.100000000000000E+001  0.000000000000000E+000  0.000000000000000E+000  0.000000000000000E+000  0.100000000000000E+001  0.590000000000000E+001  0.000000000000000E+000 -0.500000000000000E+000
  0.101563000000000E+001 -0.407813745790586E+004  0.102318153949454E-010  0.636300530238271E+005 -0.974978320300579E-009  0.254203644784172E+006 -0.227373675443232E-010  0.100000000000000E+001  0.000000000000000E+000  0.000000000000000E+000  0.000000000000000E+000  0.100000000000000E+001  0.000000000000000E+000  0.000000000000000E+000  0.000000000000000E+000  0.100000000000000E+001  0.590000000000000E+001  0.000000000000000E+000 -0.500000000000000E+000
  0.101719300000000E+001 -0.415240319858517E+004 -0.363797880709171E-011  0.641461899342574E+005 -0.181898940354586E-009  0.256316032966593E+006 -0.327418092638254E-010  0.100000000000000E+001  0.000000000000000E+000  0.000000000000000E+000  0.000000000000000E+000  0.100000000000000E+001  0.000000000000000E+000  0.000000000000000E+000  0.000000000000000E+000  0.100000000000000E+001  0.590000000000000E+001  0.000000000000000E+000 -0.500000000000000E+000
  0.101875600000000E+001 -0.421913698273295E+004 -0.161435309564695E-010  0.646111174724765E+005  0.174622982740402E-009  0.258213033745010E+006  0.500222085975111E-010  0.100000000000000E+001  0.000000000000000E+000  0.000000000000000E+000  0.000000000000000E+000  0.100000000000000E+001  0.000000000000000E+000  0.000000000000000E+000  0.000000000000000E+000  0.100000000000000E+001  0.590000000000000E+001  0.000000000000000E+000 -0.500000000000000E+000
  0.102031900000000E+001 -0.427920590500941E+004 -0.500222085975111E-011  0.650302800363596E+005 -0.130967237055302E-009  0.259918920205276E+006  0.363797880709171E-011  0.100000000000000E+001  0.000000000000000E+000  0.000000000000000E+000  0.000000000000000E+000  0.100000000000000E+001  0.000000000000000E+000  0.000000000000000E+000  0.000000000000000E+000  0.100000000000000E+001  0.590000000000000E+001  0.000000000000000E+000 -0.500000000000000E+000
  0.102188200000000E+001 -0.433336475709760E+004 -0.200088834390044E-010  0.654086005422972E+005  0.436557456851006E-010  0.261455227973288E+006  0.727595761418343E-011  0.100000000000000E+001  0.000000000000000E+000  0.000000000000000E+000  0.000000000000000E+000  0.100000000000000E+001  0.000000000000000E+000  0.000000000000000E+000  0.000000000000000E+000  0.100000000000000E+001  0.590000000000000E+001  0.000000000000000E+000 -0.500000000000000E+000
  0.102344500000000E+001 -0.438227278977551E+004 -0.500222085975111E-011  0.657504885345147E+005  0.996806193143129E-009  0.262840973267909E+006  0.536601874046028E-010  0.100000000000000E+001  0.000000000000000E+000  0.000000000000000E+000  0.000000000000000E+000  0.100000000000000E+001  0.000000000000000E+000  0.000000000000000E+000  0.000000000000000E+000  0.100000000000000E+001  0.590000000000000E+001  0.000000000000000E+000 -0.500000000000000E+000
  0.102500800000000E+001 -0.442650737380123E+004 -0.204636307898909E-011  0.660598694511667E+005 -0.181898940354586E-009  0.264092901009815E+006 -0.172803993336856E-010  0.100000000000000E+001  0.000000000000000E+000  0.000000000000000E+000  0.000000000000000E+000  0.100000000000000E+001  0.000000000000000E+000  0.000000000000000E+000  0.000000000000000E+000  0.100000000000000E+001  0.590000000000000E+001  0.000000000000000E+000 -0.500000000000000E+000
  0.102657100000000E+001 -0.446657534354919E+004 -0.104591890703887E-010  0.663402253661240E+005  0.560248736292124E-009  0.265225738805623E+006  0.281943357549608E-010  0.100000000000000E+001  0.000000000000000E+000  0.000000000000000E+000  0.000000000000000E+000  0.100000000000000E+001  0.000000000000000E+000  0.000000000000000E+000  0.000000000000000E+000  0.100000000000000E+001  0.590000000000000E+001  0.000000000000000E+000 -0.500000000000000E+000
  0.102813400000000E+001 -0.450292253908847E+004 -0.145519152283669E-010  0.665946397728320E+005  0.215368345379829E-008  0.266252439490852E+006  0.500222085975111E-010  0.100000000000000E+001  0.000000000000000E+000  0.000000000000000E+000  0.000000000000000E+000  0.100000000000000E+001  0.000000000000000E+000  0.000000000000000E+000  0.000000000000000E+000  0.100000000000000E+001  0.590000000000000E+001  0.000000000000000E+000 -0.500000000000000E+000
  0.102969700000000E+001 -0.453594190201764E+004  0.591171556152403E-011  0.668258418458330E+005  0.509317032992840E-009  0.267184403026599E+006 -0.172803993336856E-010  0.100000000000000E+001  0.000000000000000E+000  0.000000000000000E+000  0.000000000000000E+000  0.100000000000000E+001  0.000000000000000E+000  0.000000000000000E+000  0.000000000000000E+000  0.100000000000000E+001  0.590000000000000E+001  0.000000000000000E+000 -0.500000000000000E+000
  0.103126000000000E+001 -0.456598038449743E+004  0.318323145620525E-011  0.670362477903696E+005 -0.698491930961609E-009  0.268031674213724E+006 -0.336513039655983E-010  0.100000000000000E+001  0.000000000000000E+000  0.000000000000000E+000  0.000000000000000E+000  0.100000000000000E+001  0.000000000000000E+000  0.000000000000000E+000  0.000000000000000E+000  0.100000000000000E+001  0.590000000000000E+001  0.000000000000000E+000 -0.500000000000000E+000
  0.103282300000000E+001 -0.459334487023166E+004  0.204636307898909E-010  0.672279983402374E+005 -0.341970007866621E-009  0.268803116421847E+006 -0.682121026329696E-010  0.100000000000000E+001  0.000000000000000E+000  0.000000000000000E+000  0.000000000000000E+000  0.100000000000000E+001  0.000000000000000E+000  0.000000000000000E+000  0.000000000000000E+000  0.100000000000000E+001  0.590000000000000E+001  0.000000000000000E+000 -0.500000000000000E+000
  0.103438600000000E+001 -0.461830726411821E+004 -0.545696821063757E-011  0.674029921320653E+005 -0.720319803804159E-009  0.269506562816444E+006 -0.272848410531878E-011  0.100000000000000E+001  0.000000000000000E+000  0.000000000000000E+000  0.000000000000000E+000  0.100000000000000E+001  0.000000000000000E+000  0.000000000000000E+000  0.000000000000000E+000  0.100000000000000E+001  0.590000000000000E+001  0.000000000000000E+000 -0.500000000000000E+000
  0.103594900000000E+001 -0.464110887777099E+004 -0.204636307898909E-010  0.675629151008351E+005  0.136060407385230E-008  0.270148947366434E+006  0.318323145620525E-010  0.100000000000000E+001  0.000000000000000E+000  0.000000000000000E+000  0.000000000000000E+000  0.100000000000000E+001  0.000000000000000E+000  0.000000000000000E+000  0.000000000000000E+000  0.100000000000000E+001  0.590000000000000E+001  0.000000000000000E+000 -0.500000000000000E+000
  0.103751200000000E+001 -0.466196421519097E+004 -0.545696821063757E-011  0.677092662159721E+005  0.220461515709758E-008  0.270736418093454E+006  0.582076609134674E-010  0.100000000000000E+001  0.000000000000000E+000  0.000000000000000E+000  0.000000000000000E+000  0.100000000000000E+001  0.000000000000000E+000  0.000000000000000E+000  0.000000000000000E+000  0.100000000000000E+001  0.590000000000000E+001  0.000000000000000E+000 -0.500000000000000E+000
  0.103907500000000E+001 -0.468106424683596E+004  0.131876731757075E-010  0.678433799491207E+005 -0.298314262181520E-009  0.271274434912520E+006 -0.236468622460961E-010  0.100000000000000E+001  0.000000000000000E+000  0.000000000000000E+000  0.000000000000000E+000  0.100000000000000E+001  0.000000000000000E+000  0.000000000000000E+000  0.000000000000000E+000  0.100000000000000E+001  0.590000000000000E+001  0.000000000000000E+000 -0.500000000000000E+000
  0.104063800000000E+001 -0.469857924613672E+004 -0.272848410531878E-011  0.679664458572860E+005  0.356521923094988E-009  0.271767854168089E+006  0.200088834390044E-010  0.100000000000000E+001  0.000000000000000E+000  0.000000000000000E+000  0.000000000000000E+000  0.100000000000000E+001  0.000000000000000E+000  0.000000000000000E+000  0.000000000000000E+000  0.100000000000000E+001  0.590000000000000E+001  0.000000000000000E+000 -0.500000000000000E+000
  0.104220100000000E+001 -0.471466125000026E+004 -0.227373675443232E-011  0.680795256525161E+005  0.261934474110603E-009  0.272221001802439E+006  0.118234311230481E-010  0.100000000000000E+001  0.000000000000000E+000  0.000000000000000E+000  0.000000000000000E+000  0.100000000000000E+001  0.000000000000000E+000  0.000000000000000E+000  0.000000000000000E+000  0.100000000000000E+001  0.590000000000000E+001  0.000000000000000E+000 -0.500000000000000E+000
  0.104376400000000E+001 -0.472944619874398E+004  0.100044417195022E-010  0.681835680989292E+005 -0.480213202536106E-009  0.272637736758783E+006 -0.554791768081486E-010  0.100000000000000E+001  0.000000000000000E+000  0.000000000000000E+000  0.000000000000000E+000  0.100000000000000E+001  0.000000000000000E+000  0.000000000000000E+000  0.000000000000000E+000  0.100000000000000E+001  0.590000000000000E+001  0.000000000000000E+000 -0.500000000000000E+000
  0.104532700000000E+001 -0.474305579829112E+004  0.113686837721616E-010  0.682794220150733E+005 -0.516592990607023E-009  0.273021506040602E+006 -0.227373675443232E-010  0.100000000000000E+001  0.000000000000000E+000  0.000000000000000E+000  0.000000000000000E+000  0.100000000000000E+001  0.000000000000000E+000  0.000000000000000E+000  0.000000000000000E+000  0.100000000000000E+001  0.590000000000000E+001  0.000000000000000E+000 -0.500000000000000E+000
  0.104689000000000E+001 -0.475559914480165E+004 -0.113686837721616E-010  0.683678476482930E+005  0.167347025126219E-008  0.273375392629350E+006  0.391082721762359E-010  0.100000000000000E+001  0.000000000000000E+000  0.000000000000000E+000  0.000000000000000E+000  0.100000000000000E+001  0.000000000000000E+000  0.000000000000000E+000  0.000000000000000E+000  0.100000000000000E+001  0.590000000000000E+001  0.000000000000000E+000 -0.500000000000000E+000
  0.104845300000000E+001 -0.476717414528200E+004 -0.545696821063757E-011  0.684495266413832E+005  0.000000000000000E+000  0.273702157249645E+006  0.591171556152403E-010  0.100000000000000E+001  0.000000000000000E+000  0.000000000000000E+000  0.000000000000000E+000  0.100000000000000E+001  0.000000000000000E+000  0.000000000000000E+000  0.000000000000000E+000  0.100000000000000E+001  0.590000000000000E+001  0.000000000000000E+000 -0.500000000000000E+000
  0.105001600000000E+001 -0.477786876085200E+004  0.168256519827992E-010  0.685250707783181E+005 -0.807631295174360E-009  0.274004274893680E+006 -0.418367562815547E-010  0.100000000000000E+001  0.000000000000000E+000  0.000000000000000E+000  0.000000000000000E+000  0.100000000000000E+001  0.000000000000000E+000  0.000000000000000E+000  0.000000000000000E+000  0.100000000000000E+001  0.590000000000000E+001  0.000000000000000E+000 -0.500000000000000E+000
  0.105157900000000E+001 -0.478776209826827E+004 -0.286490831058472E-010  0.685950296755750E+005  0.128056854009628E-008  0.274283966801326E+006  0.818545231595635E-010  0.100000000000000E+001  0.000000000000000E+000  0.000000000000000E+000  0.000000000000000E+000  0.100000000000000E+001  0.000000000000000E+000  0.000000000000000E+000  0.000000000000000E+000  0.100000000000000E+001  0.590000000000000E+001  0.000000000000000E+000 -0.500000000000000E+000
  0.105314200000000E+001 -0.479692536971887E+004  0.109139364212751E-010  0.686598975615164E+005 -0.502041075378656E-009  0.274543228551739E+006 -0.227373675443232E-010  0.100000000000000E+001  0.000000000000000E+000  0.000000000000000E+000  0.000000000000000E+000  0.100000000000000E+001  0.000000000000000E+000  0.000000000000000E+000  0.000000000000000E+000  0.100000000000000E+001  0.590000000000000E+001  0.000000000000000E+000 -0.500000000000000E+000
  0.105470500000000E+001 -0.480542273883384E+004  0.318323145620525E-011  0.687201192628765E+005 -0.261934474110603E-009  0.274783854785857E+006 -0.200088834390044E-010  0.100000000000000E+001  0.000000000000000E+000  0.000000000000000E+000  0.000000000000000E+000  0.100000000000000E+001  0.000000000000000E+000  0.000000000000000E+000  0.000000000000000E+000  0.100000000000000E+001  0.590000000000000E+001  0.000000000000000E+000 -0.500000000000000E+000
  0.105626800000000E+001 -0.481331206802338E+004 -0.954969436861575E-011  0.687760955024425E+005  0.385625753551722E-009  0.275007461017280E+006  0.491127138957381E-010  0.100000000000000E+001  0.000000000000000E+000  0.000000000000000E+000  0.000000000000000E+000  0.100000000000000E+001  0.000000000000000E+000  0.000000000000000E+000  0.000000000000000E+000  0.100000000000000E+001  0.590000000000000E+001  0.000000000000000E+000 -0.500000000000000E+000
  0.105783100000000E+001 -0.482064558009969E+004 -0.127329258248210E-010  0.688281875954892E+005  0.165164237841964E-008  0.275215502913332E+006  0.409272615797818E-010  0.100000000000000E+001  0.000000000000000E+000  0.000000000000000E+000  0.000000000000000E+000  0.100000000000000E+001  0.000000000000000E+000  0.000000000000000E+000  0.000000000000000E+000  0.100000000000000E+001  0.590000000000000E+001  0.000000000000000E+000 -0.500000000000000E+000
  0.105939400000000E+001 -0.482747044522673E+004  0.300133251585066E-010  0.688767216193836E+005 -0.422005541622639E-009  0.275409293369624E+006 -0.591171556152403E-010  0.100000000000000E+001  0.000000000000000E+000  0.000000000000000E+000  0.000000000000000E+000  0.100000000000000E+001  0.000000000000000E+000  0.000000000000000E+000  0.000000000000000E+000  0.100000000000000E+001  0.590000000000000E+001  0.000000000000000E+000 -0.500000000000000E+000
  0.106095700000000E+001 -0.483382930261421E+004 -0.227373675443232E-010  0.689219921196840E+005  0.131694832816720E-008  0.275590017652086E+006  0.800355337560177E-010  0.100000000000000E+001  0.000000000000000E+000  0.000000000000000E+000  0.000000000000000E+000  0.100000000000000E+001  0.000000000000000E+000  0.000000000000000E+000  0.000000000000000E+000  0.100000000000000E+001  0.590000000000000E+001  0.000000000000000E+000 -0.500000000000000E+000
  0.106252000000000E+001 -0.483976072498696E+004 -0.409272615797818E-011  0.689642654068215E+005  0.189174897968769E-009  0.275758746839451E+006  0.636646291241050E-011  0.100000000000000E+001  0.000000000000000E+000  0.000000000000000E+000  0.000000000000000E+000  0.100000000000000E+001  0.000000000000000E+000  0.000000000000000E+000  0.000000000000000E+000  0.100000000000000E+001  0.590000000000000E+001  0.000000000000000E+000 -0.500000000000000E+000
  0.106408300000000E+001 -0.484529963268840E+004  0.227373675443232E-011  0.690037824898001E+005  0.458385329693556E-009  0.275916449765169E+006  0.145519152283669E-010  0.100000000000000E+001  0.000000000000000E+000  0.000000000000000E+000  0.000000000000000E+000  0.100000000000000E+001  0.000000000000000E+000  0.000000000000000E+000  0.000000000000000E+000  0.100000000000000E+001  0.590000000000000E+001  0.000000000000000E+000 -0.500000000000000E+000
  0.106564600000000E+001 -0.485047766318070E+004  0.454747350886464E-011  0.690407616859452E+005 -0.312866177409887E-009  0.276064003627690E+006 -0.172803993336856E-010  0.100000000000000E+001  0.000000000000000E+000  0.000000000000000E+000  0.000000000000000E+000  0.100000000000000E+001  0.000000000000000E+000  0.000000000000000E+000  0.000000000000000E+000  0.100000000000000E+001  0.590000000000000E+001  0.000000000000000E+000 -0.500000000000000E+000
  0.106720900000000E+001 -0.485532350141820E+004 -0.272848410531878E-011  0.690754009456706E+005 -0.763975549489260E-009  0.276202203422241E+006 -0.909494701772928E-011  0.100000000000000E+001  0.000000000000000E+000  0.000000000000000E+000  0.000000000000000E+000  0.100000000000000E+001  0.000000000000000E+000  0.000000000000000E+000  0.000000000000000E+000  0.100000000000000E+001  0.590000000000000E+001  0.000000000000000E+000 -0.500000000000000E+000
  0.106877200000000E+001 -0.485986317447517E+004 -0.204636307898909E-010  0.691078799148762E+005  0.112777343019843E-008  0.276331770316288E+006  0.518411980010569E-010  0.100000000000000E+001  0.000000000000000E+000  0.000000000000000E+000  0.000000000000000E+000  0.100000000000000E+001  0.000000000000000E+000  0.000000000000000E+000  0.000000000000000E+000  0.100000000000000E+001  0.590000000000000E+001  0.000000000000000E+000 -0.500000000000000E+000
  0.107033500000000E+001 -0.486412031556359E+004 -0.131876731757075E-010  0.691383617770252E+005  0.691215973347425E-009  0.276453359109391E+006  0.345607986673713E-010  0.100000000000000E+001  0.000000000000000E+000  0.000000000000000E+000  0.000000000000000E+000  0.100000000000000E+001  0.000000000000000E+000  0.000000000000000E+000  0.000000000000000E+000  0.100000000000000E+001  0.590000000000000E+001  0.000000000000000E+000 -0.500000000000000E+000
  0.107189800000000E+001 -0.486811640036403E+004 -0.109139364212751E-010  0.691669949007710E+005  0.171712599694729E-008  0.276567564904849E+006  0.463842297904193E-010  0.100000000000000E+001  0.000000000000000E+000  0.000000000000000E+000  0.000000000000000E+000  0.100000000000000E+001  0.000000000000000E+000  0.000000000000000E+000  0.000000000000000E+000  0.100000000000000E+001  0.590000000000000E+001  0.000000000000000E+000 -0.500000000000000E+000
  0.107346100000000E+001 -0.487187095959885E+004  0.773070496506989E-011  0.691939143302096E+005  0.938598532229662E-009  0.276674929133759E+006 -0.818545231595635E-011  0.100000000000000E+001  0.000000000000000E+000  0.000000000000000E+000  0.000000000000000E+000  0.100000000000000E+001  0.000000000000000E+000  0.000000000000000E+000  0.000000000000000E+000  0.100000000000000E+001  0.590000000000000E+001  0.000000000000000E+000 -0.500000000000000E+000
  0.107502400000000E+001 -0.487540177135102E+004 -0.500222085975111E-011  0.692192431505896E+005  0.793079379945993E-009  0.276775945063873E+006  0.181898940354586E-011  0.100000000000000E+001  0.000000000000000E+000  0.000000000000000E+000  0.000000000000000E+000  0.100000000000000E+001  0.000000000000000E+000  0.000000000000000E+000  0.000000000000000E+000  0.100000000000000E+001  0.590000000000000E+001  0.000000000000000E+000 -0.500000000000000E+000
  0.107658700000000E+001 -0.487872503632737E+004 -0.454747350886464E-011  0.692430937545861E+005  0.117870513349771E-008  0.276871062894694E+006  0.272848410531878E-010  0.100000000000000E+001  0.000000000000000E+000  0.000000000000000E+000  0.000000000000000E+000  0.100000000000000E+001  0.000000000000000E+000  0.000000000000000E+000  0.000000000000000E+000  0.100000000000000E+001  0.590000000000000E+001  0.000000000000000E+000 -0.500000000000000E+000
  0.107815000000000E+001 -0.488185553854439E+004  0.100044417195022E-010  0.692655690197649E+005 -0.101863406598568E-009  0.276960694485135E+006  0.909494701772928E-011  0.100000000000000E+001  0.000000000000000E+000  0.000000000000000E+000  0.000000000000000E+000  0.100000000000000E+001  0.000000000000000E+000  0.000000000000000E+000  0.000000000000000E+000  0.100000000000000E+001  0.590000000000000E+001  0.000000000000000E+000 -0.500000000000000E+000
  0.107971300000000E+001 -0.488480679287105E+004  0.136424205265939E-010  0.692867633908115E+005 -0.567524693906307E-009  0.277045217694732E+006 -0.545696821063757E-010  0.100000000000000E+001  0.000000000000000E+000  0.000000000000000E+000  0.000000000000000E+000  0.100000000000000E+001  0.000000000000000E+000  0.000000000000000E+000  0.000000000000000E+000  0.100000000000000E+001  0.590000000000000E+001  0.000000000000000E+000 -0.500000000000000E+000
  0.108127600000000E+001 -0.488759117975676E+004  0.150066625792533E-010  0.693067638474682E+005  0.734871719032526E-009  0.277124980270478E+006 -0.445652403868735E-010  0.100000000000000E+001  0.000000000000000E+000  0.000000000000000E+000  0.000000000000000E+000  0.100000000000000E+001  0.000000000000000E+000  0.000000000000000E+000  0.000000000000000E+000  0.100000000000000E+001  0.590000000000000E+001  0.000000000000000E+000 -0.500000000000000E+000
  0.108283900000000E+001 -0.489022006666483E+004 -0.363797880709171E-011  0.693256507366069E+005  0.807631295174360E-009  0.277200303200247E+006  0.154614099301398E-010  0.100000000000000E+001  0.000000000000000E+000  0.000000000000000E+000  0.000000000000000E+000  0.100000000000000E+001  0.000000000000000E+000  0.000000000000000E+000  0.000000000000000E+000  0.100000000000000E+001  0.590000000000000E+001  0.000000000000000E+000 -0.500000000000000E+000
  0.108440200000000E+001 -0.489270391549306E+004  0.500222085975111E-011  0.693434984560662E+005 -0.778527464717627E-009  0.277271483486919E+006 -0.463842297904193E-010  0.100000000000000E+001  0.000000000000000E+000  0.000000000000000E+000  0.000000000000000E+000  0.100000000000000E+001  0.000000000000000E+000  0.000000000000000E+000  0.000000000000000E+000  0.100000000000000E+001  0.590000000000000E+001  0.000000000000000E+000 -0.500000000000000E+000
  0.108596500000000E+001 -0.489505237563035E+004 -0.181898940354586E-011  0.693603759945355E+005  0.662112142890692E-009  0.277338796359084E+006  0.300133251585066E-010  0.100000000000000E+001  0.000000000000000E+000  0.000000000000000E+000  0.000000000000000E+000  0.100000000000000E+001  0.000000000000000E+000  0.000000000000000E+000  0.000000000000000E+000  0.100000000000000E+001  0.590000000000000E+001  0.000000000000000E+000 -0.500000000000000E+000
  0.108752800000000E+001 -0.489727436307160E+004 -0.318323145620525E-011  0.693763473488480E+005 -0.138243194669485E-009  0.277402496998294E+006 -0.100044417195022E-010  0.100000000000000E+001  0.000000000000000E+000  0.000000000000000E+000  0.000000000000000E+000  0.100000000000000E+001  0.000000000000000E+000  0.000000000000000E+000  0.000000000000000E+000  0.100000000000000E+001  0.590000000000000E+001  0.000000000000000E+000 -0.500000000000000E+000
  0.108909100000000E+001 -0.489937812687862E+004 -0.100044417195022E-010  0.693914718513046E+005  0.120780896395445E-008  0.277462821905709E+006  0.236468622460961E-010  0.100000000000000E+001  0.000000000000000E+000  0.000000000000000E+000  0.000000000000000E+000  0.100000000000000E+001  0.000000000000000E+000  0.000000000000000E+000  0.000000000000000E+000  0.100000000000000E+001  0.590000000000000E+001  0.000000000000000E+000 -0.500000000000000E+000
  0.109065400000000E+001 -0.490137130495262E+004 -0.318323145620525E-011  0.694058044425555E+005  0.162253854796290E-008  0.277519990042927E+006  0.200088834390044E-010  0.100000000000000E+001  0.000000000000000E+000  0.000000000000000E+000  0.000000000000000E+000  0.100000000000000E+001  0.000000000000000E+000  0.000000000000000E+000  0.000000000000000E+000  0.100000000000000E+001  0.590000000000000E+001  0.000000000000000E+000 -0.500000000000000E+000
  0.109221700000000E+001 -0.490326097143608E+004 -0.186446413863450E-010  0.694193959213540E+005  0.133877620100975E-008  0.277574203866970E+006  0.636646291241050E-010  0.100000000000000E+001  0.000000000000000E+000  0.000000000000000E+000  0.000000000000000E+000  0.100000000000000E+001  0.000000000000000E+000  0.000000000000000E+000  0.000000000000000E+000  0.100000000000000E+001  0.590000000000000E+001  0.000000000000000E+000 -0.500000000000000E+000
  0.109378000000000E+001 -0.490505367807570E+004 -0.181898940354586E-011  0.694322931941229E+005 -0.494765117764473E-009  0.277625650348750E+006 -0.145519152283669E-010  0.100000000000000E+001  0.000000000000000E+000  0.000000000000000E+000  0.000000000000000E+000  0.100000000000000E+001  0.000000000000000E+000  0.000000000000000E+000  0.000000000000000E+000  0.100000000000000E+001  0.590000000000000E+001  0.000000000000000E+000 -0.500000000000000E+000
  0.109534300000000E+001 -0.490675549162782E+004 -0.818545231595635E-011  0.694445395379210E+005  0.356521923094988E-009  0.277674502029625E+006 -0.272848410531878E-011  0.100000000000000E+001  0.000000000000000E+000  0.000000000000000E+000  0.000000000000000E+000  0.100000000000000E+001  0.000000000000000E+000  0.000000000000000E+000  0.000000000000000E+000  0.100000000000000E+001  0.590000000000000E+001  0.000000000000000E+000 -0.500000000000000E+000
  0.109690600000000E+001 -0.490837202897072E+004  0.145519152283669E-010  0.694561748817526E+005 -0.392901711165905E-009  0.277720918138101E+006 -0.218278728425503E-010  0.100000000000000E+001  0.000000000000000E+000  0.000000000000000E+000  0.000000000000000E+000  0.100000000000000E+001  0.000000000000000E+000  0.000000000000000E+000  0.000000000000000E+000  0.100000000000000E+001  0.590000000000000E+001  0.000000000000000E+000 -0.500000000000000E+000
  0.109846900000000E+001 -0.490999370360836E+004 -0.186446413863450E-010  0.694694301626026E+005  0.582076609134674E-010  0.277773358085752E+006  0.600266503170133E-010  0.100000000000000E+001  0.000000000000000E+000  0.000000000000000E+000  0.000000000000000E+000  0.100000000000000E+001  0.000000000000000E+000  0.000000000000000E+000  0.000000000000000E+000  0.100000000000000E+001  0.590000000000000E+001  0.000000000000000E+000 -0.500000000000000E+000
  0.110003200000000E+001 -0.491193811835975E+004  0.500222085975111E-011  0.694907037496515E+005  0.130967237055302E-009  0.277856127275722E+006  0.545696821063757E-011  0.100000000000000E+001  0.000000000000000E+000  0.000000000000000E+000  0.000000000000000E+000  0.100000000000000E+001  0.000000000000000E+000  0.000000000000000E+000  0.000000000000000E+000  0.100000000000000E+001  0.590000000000000E+001  0.000000000000000E+000 -0.500000000000000E+000
  0.110159500000000E+001 -0.491420766241234E+004  0.500222085975111E-011  0.695164946964909E+005  0.108411768451333E-008  0.277956131551222E+006  0.118234311230481E-010  0.100000000000000E+001  0.000000000000000E+000  0.000000000000000E+000  0.000000000000000E+000  0.100000000000000E+001  0.000000000000000E+000  0.000000000000000E+000  0.000000000000000E+000  0.100000000000000E+001  0.590000000000000E+001  0.000000000000000E+000 -0.500000000000000E+000
  0.110315800000000E+001 -0.491684617163847E+004  0.000000000000000E+000  0.695462255353594E+005  0.560248736292124E-009  0.278071382144505E+006  0.163709046319127E-010  0.100000000000000E+001  0.000000000000000E+000  0.000000000000000E+000  0.000000000000000E+000  0.100000000000000E+001  0.000000000000000E+000  0.000000000000000E+000  0.000000000000000E+000  0.100000000000000E+001  0.590000000000000E+001  0.000000000000000E+000 -0.500000000000000E+000
  0.110472100000000E+001 -0.491980240422414E+004 -0.545696821063757E-011  0.695778623292147E+005  0.132422428578138E-008  0.278194292181998E+006  0.482032191939652E-010  0.100000000000000E+001  0.000000000000000E+000  0.000000000000000E+000  0.000000000000000E+000  0.100000000000000E+001  0.000000000000000E+000  0.000000000000000E+000  0.000000000000000E+000  0.100000000000000E+001  0.590000000000000E+001  0.000000000000000E+000 -0.500000000000000E+000
  0.110628400000000E+001 -0.492298610917023E+004  0.163709046319127E-010  0.696092667067840E+005 -0.640284270048141E-009  0.278316813582831E+006 -0.745785655453801E-010  0.100000000000000E+001  0.000000000000000E+000  0.000000000000000E+000  0.000000000000000E+000  0.100000000000000E+001  0.000000000000000E+000  0.000000000000000E+000  0.000000000000000E+000  0.100000000000000E+001  0.590000000000000E+001  0.000000000000000E+000 -0.500000000000000E+000
  0.110784700000000E+001 -0.492742179497605E+004 -0.727595761418343E-011  0.696671327181055E+005  0.107684172689915E-008  0.278540098803945E+006  0.227373675443232E-010  0.100000000000000E+001  0.000000000000000E+000  0.000000000000000E+000  0.000000000000000E+000  0.100000000000000E+001  0.000000000000000E+000  0.000000000000000E+000  0.000000000000000E+000  0.100000000000000E+001  0.590000000000000E+001  0.000000000000000E+000 -0.500000000000000E+000
  0.110941000000000E+001 -0.493834320933843E+004 -0.136424205265939E-010  0.698693135086202E+005  0.136060407385230E-008  0.279311269135265E+006  0.482032191939652E-010  0.100000000000000E+001  0.000000000000000E+000  0.000000000000000E+000  0.000000000000000E+000  0.100000000000000E+001  0.000000000000000E+000  0.000000000000000E+000  0.000000000000000E+000  0.100000000000000E+001  0.590000000000000E+001  0.000000000000000E+000 -0.500000000000000E+000
  0.111097300000000E+001 -0.494399719273578E+004  0.104591890703887E-010  0.698599901565120E+005  0.472937244921923E-009  0.279284150701744E+006 -0.127329258248210E-010  0.100000000000000E+001  0.000000000000000E+000  0.000000000000000E+000  0.000000000000000E+000  0.100000000000000E+001  0.000000000000000E+000  0.000000000000000E+000  0.000000000000000E+000  0.100000000000000E+001  0.590000000000000E+001  0.000000000000000E+000 -0.500000000000000E+000
  0.111253600000000E+001 -0.494498859461835E+004 -0.363797880709171E-011  0.697699516491031E+005  0.240106601268053E-009  0.278952903904785E+006  0.227373675443232E-010  0.100000000000000E+001  0.000000000000000E+000  0.000000000000000E+000  0.000000000000000E+000  0.100000000000000E+001  0.000000000000000E+000  0.000000000000000E+000  0.000000000000000E+000  0.100000000000000E+001  0.590000000000000E+001  0.000000000000000E+000 -0.500000000000000E+000
  0.111409900000000E+001 -0.494744194704366E+004  0.318323145620525E-011  0.697827778674778E+005 -0.174622982740402E-009  0.279009199025662E+006 -0.154614099301398E-010  0.100000000000000E+001  0.000000000000000E+000  0.000000000000000E+000  0.000000000000000E+000  0.100000000000000E+001  0.000000000000000E+000  0.000000000000000E+000  0.000000000000000E+000  0.100000000000000E+001  0.590000000000000E+001  0.000000000000000E+000 -0.500000000000000E+000
  0.111566200000000E+001 -0.494971882545583E+004 -0.241016095969826E-010  0.697964168146535E+005  0.807631295174360E-009  0.279066012038504E+006  0.645741238258779E-010  0.100000000000000E+001  0.000000000000000E+000  0.000000000000000E+000  0.000000000000000E+000  0.100000000000000E+001  0.000000000000000E+000  0.000000000000000E+000  0.000000000000000E+000  0.100000000000000E+001  0.590000000000000E+001  0.000000000000000E+000 -0.500000000000000E+000
  0.111722500000000E+001 -0.495165389776680E+004 -0.636646291241050E-011  0.698051436860201E+005  0.407453626394272E-009  0.279103101275505E+006  0.381987774744630E-010  0.100000000000000E+001  0.000000000000000E+000  0.000000000000000E+000  0.000000000000000E+000  0.100000000000000E+001  0.000000000000000E+000  0.000000000000000E+000  0.000000000000000E+000  0.100000000000000E+001  0.590000000000000E+001  0.000000000000000E+000 -0.500000000000000E+000
  0.111878800000000E+001 -0.495349515477208E+004 -0.591171556152403E-011  0.698166166421585E+005  0.102591002359986E-008  0.279150011033156E+006  0.463842297904193E-010  0.100000000000000E+001  0.000000000000000E+000  0.000000000000000E+000  0.000000000000000E+000  0.100000000000000E+001  0.000000000000000E+000  0.000000000000000E+000  0.000000000000000E+000  0.100000000000000E+001  0.590000000000000E+001  0.000000000000000E+000 -0.500000000000000E+000
  0.112035100000000E+001 -0.495510868383910E+004 -0.113686837721616E-010  0.698251159821020E+005  0.114232534542680E-008  0.279185249459895E+006  0.691215973347425E-010  0.100000000000000E+001  0.000000000000000E+000  0.000000000000000E+000  0.000000000000000E+000  0.100000000000000E+001  0.000000000000000E+000  0.000000000000000E+000  0.000000000000000E+000  0.100000000000000E+001  0.590000000000000E+001  0.000000000000000E+000 -0.500000000000000E+000
  0.112191400000000E+001 -0.495656144221582E+004 -0.454747350886464E-012  0.698330217471785E+005  0.683940015733242E-009  0.279217919162720E+006  0.372892827726901E-010  0.100000000000000E+001  0.000000000000000E+000  0.000000000000000E+000  0.000000000000000E+000  0.100000000000000E+001  0.000000000000000E+000  0.000000000000000E+000  0.000000000000000E+000  0.100000000000000E+001  0.590000000000000E+001  0.000000000000000E+000 -0.500000000000000E+000
  0.112347700000000E+001 -0.495792769190131E+004 -0.181898940354586E-011  0.698417670002469E+005  0.618456397205591E-009  0.279253475676075E+006  0.163709046319127E-010  0.100000000000000E+001  0.000000000000000E+000  0.000000000000000E+000  0.000000000000000E+000  0.100000000000000E+001  0.000000000000000E+000  0.000000000000000E+000  0.000000000000000E+000  0.100000000000000E+001  0.590000000000000E+001  0.000000000000000E+000 -0.500000000000000E+000
  0.112504000000000E+001 -0.495914977903586E+004 -0.227373675443232E-011  0.698488192909463E+005  0.560248736292124E-009  0.279282375546186E+006  0.254658516496420E-010  0.100000000000000E+001  0.000000000000000E+000  0.000000000000000E+000  0.000000000000000E+000  0.100000000000000E+001  0.000000000000000E+000  0.000000000000000E+000  0.000000000000000E+000  0.100000000000000E+001  0.590000000000000E+001  0.000000000000000E+000 -0.500000000000000E+000
  0.112660300000000E+001 -0.496023797755713E+004  0.818545231595635E-011  0.698547848929009E+005  0.822183210402727E-009  0.279306951444694E+006  0.000000000000000E+000  0.100000000000000E+001  0.000000000000000E+000  0.000000000000000E+000  0.000000000000000E+000  0.100000000000000E+001  0.000000000000000E+000  0.000000000000000E+000  0.000000000000000E+000  0.100000000000000E+001  0.590000000000000E+001  0.000000000000000E+000 -0.500000000000000E+000
  0.112816600000000E+001 -0.496125312293801E+004 -0.954969436861575E-011  0.698611769678997E+005  0.232830643653870E-009  0.279332944565190E+006  0.391082721762359E-010  0.100000000000000E+001  0.000000000000000E+000  0.000000000000000E+000  0.000000000000000E+000  0.100000000000000E+001  0.000000000000000E+000  0.000000000000000E+000  0.000000000000000E+000  0.100000000000000E+001  0.590000000000000E+001  0.000000000000000E+000 -0.500000000000000E+000
  0.112972900000000E+001 -0.496217123229129E+004  0.773070496506989E-011  0.698666832845614E+005 -0.567524693906307E-009  0.279355406866027E+006 -0.190993887372315E-010  0.100000000000000E+001  0.000000000000000E+000  0.000000000000000E+000  0.000000000000000E+000  0.100000000000000E+001  0.000000000000000E+000  0.000000000000000E+000  0.000000000000000E+000  0.100000000000000E+001  0.590000000000000E+001  0.000000000000000E+000 -0.500000000000000E+000
  0.113129200000000E+001 -0.496303323988170E+004 -0.272848410531878E-011  0.698723898793309E+005 -0.157888280227780E-008  0.279378476367302E+006 -0.227373675443232E-010  0.100000000000000E+001  0.000000000000000E+000  0.000000000000000E+000  0.000000000000000E+000  0.100000000000000E+001  0.000000000000000E+000  0.000000000000000E+000  0.000000000000000E+000  0.100000000000000E+001  0.590000000000000E+001  0.000000000000000E+000 -0.500000000000000E+000
  0.113285500000000E+001 -0.496379056544721E+004 -0.454747350886464E-011  0.698765852929788E+005  0.349245965480804E-009  0.279395698095643E+006  0.236468622460961E-010  0.100000000000000E+001  0.000000000000000E+000  0.000000000000000E+000  0.000000000000000E+000  0.100000000000000E+001  0.000000000000000E+000  0.000000000000000E+000  0.000000000000000E+000  0.100000000000000E+001  0.590000000000000E+001  0.000000000000000E+000 -0.500000000000000E+000
  0.113441800000000E+001 -0.496448897757571E+004 -0.227373675443232E-010  0.698808747574124E+005  0.101863406598568E-008  0.279413154394838E+006  0.763975549489260E-010  0.100000000000000E+001  0.000000000000000E+000  0.000000000000000E+000  0.000000000000000E+000  0.100000000000000E+001  0.000000000000000E+000  0.000000000000000E+000  0.000000000000000E+000  0.100000000000000E+001  0.590000000000000E+001  0.000000000000000E+000 -0.500000000000000E+000
  0.113598100000000E+001 -0.496512788821174E+004  0.136424205265939E-010  0.698848366057625E+005  0.945874489843845E-010  0.279429253489721E+006 -0.281943357549608E-010  0.100000000000000E+001  0.000000000000000E+000  0.000000000000000E+000  0.000000000000000E+000  0.100000000000000E+001  0.000000000000000E+000  0.000000000000000E+000  0.000000000000000E+000  0.100000000000000E+001  0.590000000000000E+001  0.000000000000000E+000 -0.500000000000000E+000
  0.113754400000000E+001 -0.496571303614977E+004  0.591171556152403E-011  0.698884933949528E+005 -0.114960130304098E-008  0.279444096087903E+006 -0.636646291241050E-011  0.100000000000000E+001  0.000000000000000E+000  0.000000000000000E+000  0.000000000000000E+000  0.100000000000000E+001  0.000000000000000E+000  0.000000000000000E+000  0.000000000000000E+000  0.100000000000000E+001  0.590000000000000E+001  0.000000000000000E+000 -0.500000000000000E+000
  0.113910700000000E+001 -0.496624951488966E+004  0.145519152283669E-010  0.698918684081726E+005 -0.924046617001295E-009  0.279457782324905E+006 -0.518411980010569E-010  0.100000000000000E+001  0.000000000000000E+000  0.000000000000000E+000  0.000000000000000E+000  0.100000000000000E+001  0.000000000000000E+000  0.000000000000000E+000  0.000000000000000E+000  0.100000000000000E+001  0.590000000000000E+001  0.000000000000000E+000 -0.500000000000000E+000
  0.114067000000000E+001 -0.496674187030067E+004 -0.363797880709171E-011  0.698949843125874E+005 -0.185536919161677E-008  0.279470407659777E+006 -0.354702933691442E-010  0.100000000000000E+001  0.000000000000000E+000  0.000000000000000E+000  0.000000000000000E+000  0.100000000000000E+001  0.000000000000000E+000  0.000000000000000E+000  0.000000000000000E+000  0.100000000000000E+001  0.590000000000000E+001  0.000000000000000E+000 -0.500000000000000E+000
  0.114223300000000E+001 -0.496719417133585E+004 -0.272848410531878E-011  0.698978623296676E+005 -0.371073838323355E-009  0.279482060602988E+006 -0.145519152283669E-010  0.100000000000000E+001  0.000000000000000E+000  0.000000000000000E+000  0.000000000000000E+000  0.100000000000000E+001  0.000000000000000E+000  0.000000000000000E+000  0.000000000000000E+000  0.100000000000000E+001  0.590000000000000E+001  0.000000000000000E+000 -0.500000000000000E+000
  0.114379600000000E+001 -0.496761006752261E+004 -0.773070496506989E-011  0.699005220188550E+005  0.560248736292124E-009  0.279492822333931E+006 -0.909494701772928E-011  0.100000000000000E+001  0.000000000000000E+000  0.000000000000000E+000  0.000000000000000E+000  0.100000000000000E+001  0.000000000000000E+000  0.000000000000000E+000  0.000000000000000E+000  0.100000000000000E+001  0.590000000000000E+001  0.000000000000000E+000 -0.500000000000000E+000
  0.114535900000000E+001 -0.496799283808941E+004 -0.181898940354586E-010  0.699029813147531E+005  0.909494701772928E-009  0.279502767053790E+006  0.591171556152403E-010  0.100000000000000E+001  0.000000000000000E+000  0.000000000000000E+000  0.000000000000000E+000  0.100000000000000E+001  0.000000000000000E+000  0.000000000000000E+000  0.000000000000000E+000  0.100000000000000E+001  0.590000000000000E+001  0.000000000000000E+000 -0.500000000000000E+000
  0.114692200000000E+001 -0.496834543444201E+004  0.363797880709171E-011  0.699052566348049E+005  0.800355337560177E-010  0.279511962518760E+006  0.000000000000000E+000  0.100000000000000E+001  0.000000000000000E+000  0.000000000000000E+000  0.000000000000000E+000  0.100000000000000E+001  0.000000000000000E+000  0.000000000000000E+000  0.000000000000000E+000  0.100000000000000E+001  0.590000000000000E+001  0.000000000000000E+000 -0.500000000000000E+000
  0.114848500000000E+001 -0.496867051699059E+004 -0.818545231595635E-011  0.699073629975592E+005  0.669388100504875E-009  0.279520470580200E+006  0.163709046319127E-010  0.100000000000000E+001  0.000000000000000E+000  0.000000000000000E+000  0.000000000000000E+000  0.100000000000000E+001  0.000000000000000E+000  0.000000000000000E+000  0.000000000000000E+000  0.100000000000000E+001  0.590000000000000E+001  0.000000000000000E+000 -0.500000000000000E+000
  0.115004800000000E+001 -0.496897048718244E+004 -0.818545231595635E-011  0.699093141369868E+005 -0.203726813197136E-009  0.279528347693373E+006 -0.909494701772928E-011  0.100000000000000E+001  0.000000000000000E+000  0.000000000000000E+000  0.000000000000000E+000  0.100000000000000E+001  0.000000000000000E+000  0.000000000000000E+000  0.000000000000000E+000  0.100000000000000E+001  0.590000000000000E+001  0.000000000000000E+000 -0.500000000000000E+000
  0.115161100000000E+001 -0.496924751547287E+004 -0.318323145620525E-011  0.699111226099850E+005 -0.341970007866621E-009  0.279535645389105E+006  0.163709046319127E-010  0.100000000000000E+001  0.000000000000000E+000  0.000000000000000E+000  0.000000000000000E+000  0.100000000000000E+001  0.000000000000000E+000  0.000000000000000E+000  0.000000000000000E+000  0.100000000000000E+001  0.590000000000000E+001  0.000000000000000E+000 -0.500000000000000E+000
  0.115317400000000E+001 -0.496950356584854E+004 -0.254658516496420E-010  0.699127998966455E+005  0.187719706445932E-008  0.279542410708982E+006  0.391082721762359E-010  0.100000000000000E+001  0.000000000000000E+000  0.000000000000000E+000  0.000000000000000E+000  0.100000000000000E+001  0.000000000000000E+000  0.000000000000000E+000  0.000000000000000E+000  0.100000000000000E+001  0.590000000000000E+001  0.000000000000000E+000 -0.500000000000000E+000
  0.115473700000000E+001 -0.496974041740993E+004 -0.909494701772928E-012  0.699143564932893E+005  0.676664058119059E-009  0.279548686605554E+006  0.363797880709171E-011  0.100000000000000E+001  0.000000000000000E+000  0.000000000000000E+000  0.000000000000000E+000  0.100000000000000E+001  0.000000000000000E+000  0.000000000000000E+000  0.000000000000000E+000  0.100000000000000E+001  0.590000000000000E+001  0.000000000000000E+000 -0.500000000000000E+000
  0.115630000000000E+001 -0.496995968342770E+004 -0.227373675443232E-011  0.699158019983572E+005  0.742147676646709E-009  0.279554512309091E+006  0.172803993336856E-010  0.100000000000000E+001  0.000000000000000E+000  0.000000000000000E+000  0.000000000000000E+000  0.100000000000000E+001  0.000000000000000E+000  0.000000000000000E+000  0.000000000000000E+000  0.100000000000000E+001  0.590000000000000E+001  0.000000000000000E+000 -0.500000000000000E+000
  0.115786300000000E+001 -0.497016282821639E+004  0.168256519827992E-010  0.699171451913403E+005 -0.974978320300579E-009  0.279559923662582E+006 -0.709405867382884E-010  0.100000000000000E+001  0.000000000000000E+000  0.000000000000000E+000  0.000000000000000E+000  0.100000000000000E+001  0.000000000000000E+000  0.000000000000000E+000  0.000000000000000E+000  0.100000000000000E+001  0.590000000000000E+001  0.000000000000000E+000 -0.500000000000000E+000
  0.115942600000000E+001 -0.497035118211197E+004  0.636646291241050E-011  0.699183941050981E+005 -0.232830643653870E-009  0.279564953427102E+006  0.227373675443232E-010  0.100000000000000E+001  0.000000000000000E+000  0.000000000000000E+000  0.000000000000000E+000  0.100000000000000E+001  0.000000000000000E+000  0.000000000000000E+000  0.000000000000000E+000  0.100000000000000E+001  0.590000000000000E+001  0.000000000000000E+000 -0.500000000000000E+000
  0.116098900000000E+001 -0.497052595479563E+004 -0.190993887372315E-010  0.699195560919233E+005  0.691215973347425E-009  0.279569631559606E+006  0.482032191939652E-010  0.100000000000000E+001  0.000000000000000E+000  0.000000000000000E+000  0.000000000000000E+000  0.100000000000000E+001  0.000000000000000E+000  0.000000000000000E+000  0.000000000000000E+000  0.100000000000000E+001  0.590000000000000E+001  0.000000000000000E+000 -0.500000000000000E+000
  0.116255200000000E+001 -0.497068824716801E+004 -0.159161572810262E-010  0.699206378838061E+005  0.151339918375015E-008  0.279573985465393E+006  0.682121026329696E-010  0.100000000000000E+001  0.000000000000000E+000  0.000000000000000E+000  0.000000000000000E+000  0.100000000000000E+001  0.000000000000000E+000  0.000000000000000E+000  0.000000000000000E+000  0.100000000000000E+001  0.590000000000000E+001  0.000000000000000E+000 -0.500000000000000E+000
  0.116411500000000E+001 -0.497083906195053E+004  0.363797880709171E-011  0.699216456473230E+005  0.902218744158745E-009  0.279578040227338E+006  0.236468622460961E-010  0.100000000000000E+001  0.000000000000000E+000  0.000000000000000E+000  0.000000000000000E+000  0.100000000000000E+001  0.000000000000000E+000  0.000000000000000E+000  0.000000000000000E+000  0.100000000000000E+001  0.590000000000000E+001  0.000000000000000E+000 -0.500000000000000E+000
  0.116567800000000E+001 -0.497097931316467E+004  0.277395884040743E-010  0.699225850336012E+005  0.196450855582952E-009  0.279581818813984E+006 -0.200088834390044E-010  0.100000000000000E+001  0.000000000000000E+000  0.000000000000000E+000  0.000000000000000E+000  0.100000000000000E+001  0.000000000000000E+000  0.000000000000000E+000  0.000000000000000E+000  0.100000000000000E+001  0.590000000000000E+001  0.000000000000000E+000 -0.500000000000000E+000
  0.116724100000000E+001 -0.497110983462031E+004 -0.636646291241050E-011  0.699234612237685E+005 -0.385625753551722E-009  0.279585342268354E+006 -0.181898940354586E-011  0.100000000000000E+001  0.000000000000000E+000  0.000000000000000E+000  0.000000000000000E+000  0.100000000000000E+001  0.000000000000000E+000  0.000000000000000E+000  0.000000000000000E+000  0.100000000000000E+001  0.590000000000000E+001  0.000000000000000E+000 -0.500000000000000E+000
  0.116880400000000E+001 -0.497123138752645E+004  0.545696821063757E-011  0.699242789702912E+005  0.312866177409887E-009  0.279588629879320E+006  0.000000000000000E+000  0.100000000000000E+001  0.000000000000000E+000  0.000000000000000E+000  0.000000000000000E+000  0.100000000000000E+001  0.000000000000000E+000  0.000000000000000E+000  0.000000000000000E+000  0.100000000000000E+001  0.590000000000000E+001  0.000000000000000E+000 -0.500000000000000E+000
  0.117036700000000E+001 -0.497134466732356E+004  0.131876731757075E-010  0.699250426345562E+005 -0.683940015733242E-009  0.279591699337083E+006 -0.445652403868735E-010  0.100000000000000E+001  0.000000000000000E+000  0.000000000000000E+000  0.000000000000000E+000  0.100000000000000E+001  0.000000000000000E+000  0.000000000000000E+000  0.000000000000000E+000  0.100000000000000E+001  0.590000000000000E+001  0.000000000000000E+000 -0.500000000000000E+000
  0.117193000000000E+001 -0.497145030982381E+004 -0.682121026329696E-011  0.699257562210404E+005  0.698491930961609E-009  0.279594566874297E+006  0.345607986673713E-010  0.100000000000000E+001  0.000000000000000E+000  0.000000000000000E+000  0.000000000000000E+000  0.100000000000000E+001  0.000000000000000E+000  0.000000000000000E+000  0.000000000000000E+000  0.100000000000000E+001  0.590000000000000E+001  0.000000000000000E+000 -0.500000000000000E+000
  0.117349300000000E+001 -0.497154889673496E+004 -0.500222085975111E-011  0.699264234083702E+005  0.160071067512035E-009  0.279597247394130E+006  0.218278728425503E-010  0.100000000000000E+001  0.000000000000000E+000  0.000000000000000E+000  0.000000000000000E+000  0.100000000000000E+001  0.000000000000000E+000  0.000000000000000E+000  0.000000000000000E+000  0.100000000000000E+001  0.590000000000000E+001  0.000000000000000E+000 -0.500000000000000E+000
  0.117505600000000E+001 -0.497164096063440E+004 -0.100044417195022E-010  0.699270475775593E+005  0.106956576928496E-008  0.279599754586522E+006  0.254658516496420E-010  0.100000000000000E+001  0.000000000000000E+000  0.000000000000000E+000  0.000000000000000E+000  0.100000000000000E+001  0.000000000000000E+000  0.000000000000000E+000  0.000000000000000E+000  0.100000000000000E+001  0.590000000000000E+001  0.000000000000000E+000 -0.500000000000000E+000
  0.117661900000000E+001 -0.497172698945249E+004  0.168256519827992E-010  0.699276318376882E+005  0.363797880709171E-010  0.279602101033775E+006 -0.209183781407773E-010  0.100000000000000E+001  0.000000000000000E+000  0.000000000000000E+000  0.000000000000000E+000  0.100000000000000E+001  0.000000000000000E+000  0.000000000000000E+000  0.000000000000000E+000  0.100000000000000E+001  0.590000000000000E+001  0.000000000000000E+000 -0.500000000000000E+000
  0.117818200000000E+001 -0.497180743051742E+004  0.154614099301398E-010  0.699281790492836E+005 -0.713043846189976E-009  0.279604298306545E+006 -0.454747350886464E-010  0.100000000000000E+001  0.000000000000000E+000  0.000000000000000E+000  0.000000000000000E+000  0.100000000000000E+001  0.000000000000000E+000  0.000000000000000E+000  0.000000000000000E+000  0.100000000000000E+001  0.590000000000000E+001  0.000000000000000E+000 -0.500000000000000E+000
  0.117974500000000E+001 -0.497188269420771E+004 -0.190993887372315E-010  0.699286918455834E+005  0.385625753551722E-009  0.279606357051061E+006  0.454747350886464E-010  0.100000000000000E+001  0.000000000000000E+000  0.000000000000000E+000  0.000000000000000E+000  0.100000000000000E+001  0.000000000000000E+000  0.000000000000000E+000  0.000000000000000E+000  0.100000000000000E+001  0.590000000000000E+001  0.000000000000000E+000 -0.500000000000000E+000
  0.118130800000000E+001 -0.497195315725359E+004  0.363797880709171E-011  0.699291726519271E+005  0.218278728425503E-010  0.279608287068555E+006 -0.109139364212751E-010  0.100000000000000E+001  0.000000000000000E+000  0.000000000000000E+000  0.000000000000000E+000  0.100000000000000E+001  0.000000000000000E+000  0.000000000000000E+000  0.000000000000000E+000  0.100000000000000E+001  0.590000000000000E+001  0.000000000000000E+000 -0.500000000000000E+000
  0.118287100000000E+001 -0.497201916572437E+004 -0.591171556152403E-011  0.699296237034523E+005  0.378349795937538E-009  0.279610097387667E+006  0.218278728425503E-010  0.100000000000000E+001  0.000000000000000E+000  0.000000000000000E+000  0.000000000000000E+000  0.100000000000000E+001  0.000000000000000E+000  0.000000000000000E+000  0.000000000000000E+000  0.100000000000000E+001  0.590000000000000E+001  0.000000000000000E+000 -0.500000000000000E+000
  0.118443400000000E+001 -0.497208103773377E+004 -0.454747350886464E-011  0.699300470612464E+005 -0.596628524363041E-009  0.279611796330457E+006 -0.163709046319127E-010  0.100000000000000E+001  0.000000000000000E+000  0.000000000000000E+000  0.000000000000000E+000  0.100000000000000E+001  0.000000000000000E+000  0.000000000000000E+000  0.000000000000000E+000  0.100000000000000E+001  0.590000000000000E+001  0.000000000000000E+000 -0.500000000000000E+000
  0.118599700000000E+001 -0.497213906589161E+004 -0.227373675443232E-010  0.699304446271028E+005  0.247382558882236E-009  0.279613391572651E+006  0.682121026329696E-010  0.100000000000000E+001  0.000000000000000E+000  0.000000000000000E+000  0.000000000000000E+000  0.100000000000000E+001  0.000000000000000E+000  0.000000000000000E+000  0.000000000000000E+000  0.100000000000000E+001  0.590000000000000E+001  0.000000000000000E+000 -0.500000000000000E+000
  0.118756000000000E+001 -0.497219351952948E+004 -0.818545231595635E-011  0.699308181570957E+005 -0.596628524363041E-009  0.279614890198990E+006  0.318323145620525E-010  0.100000000000000E+001  0.000000000000000E+000  0.000000000000000E+000  0.000000000000000E+000  0.100000000000000E+001  0.000000000000000E+000  0.000000000000000E+000  0.000000000000000E+000  0.100000000000000E+001  0.590000000000000E+001  0.000000000000000E+000 -0.500000000000000E+000
  0.118912300000000E+001 -0.497224464674071E+004 -0.363797880709171E-011  0.699311692745360E+005 -0.152795109897852E-009  0.279616298755845E+006 -0.127329258248210E-010  0.100000000000000E+001  0.000000000000000E+000  0.000000000000000E+000  0.000000000000000E+000  0.100000000000000E+001  0.000000000000000E+000  0.000000000000000E+000  0.000000000000000E+000  0.100000000000000E+001  0.590000000000000E+001  0.000000000000000E+000 -0.500000000000000E+000
  0.119068600000000E+001 -0.497229267633392E+004 -0.104591890703887E-010  0.699314994841899E+005  0.291038304567337E-009  0.279617623308311E+006  0.300133251585066E-010  0.100000000000000E+001  0.000000000000000E+000  0.000000000000000E+000  0.000000000000000E+000  0.100000000000000E+001  0.000000000000000E+000  0.000000000000000E+000  0.000000000000000E+000  0.100000000000000E+001  0.590000000000000E+001  0.000000000000000E+000 -0.500000000000000E+000
  0.119224900000000E+001 -0.497233781999598E+004 -0.181898940354586E-011  0.699318101937901E+005  0.138970790430903E-008  0.279618869524682E+006  0.200088834390044E-010  0.100000000000000E+001  0.000000000000000E+000  0.000000000000000E+000  0.000000000000000E+000  0.100000000000000E+001  0.000000000000000E+000  0.000000000000000E+000  0.000000000000000E+000  0.100000000000000E+001  0.590000000000000E+001  0.000000000000000E+000 -0.500000000000000E+000
  0.119381200000000E+001 -0.497238027545188E+004  0.773070496506989E-011  0.699321027580520E+005 -0.443833414465189E-009  0.279620042846206E+006 -0.154614099301398E-010  0.100000000000000E+001  0.000000000000000E+000  0.000000000000000E+000  0.000000000000000E+000  0.100000000000000E+001  0.000000000000000E+000  0.000000000000000E+000  0.000000000000000E+000  0.100000000000000E+001  0.590000000000000E+001  0.000000000000000E+000 -0.500000000000000E+000
  0.119537500000000E+001 -0.497242023183572E+004 -0.181898940354586E-010  0.699323785631151E+005  0.509317032992840E-010  0.279621148810498E+006  0.345607986673713E-010  0.100000000000000E+001  0.000000000000000E+000  0.000000000000000E+000  0.000000000000000E+000  0.100000000000000E+001  0.000000000000000E+000  0.000000000000000E+000  0.000000000000000E+000  0.100000000000000E+001  0.590000000000000E+001  0.000000000000000E+000 -0.500000000000000E+000
  0.119693800000000E+001 -0.497245787395817E+004 -0.818545231595635E-011  0.699326390522116E+005  0.749423634260893E-009  0.279622193153417E+006  0.572981662116945E-010  0.100000000000000E+001  0.000000000000000E+000  0.000000000000000E+000  0.000000000000000E+000  0.100000000000000E+001  0.000000000000000E+000  0.000000000000000E+000  0.000000000000000E+000  0.100000000000000E+001  0.590000000000000E+001  0.000000000000000E+000 -0.500000000000000E+000
  0.119850100000000E+001 -0.497249337576744E+004 -0.113686837721616E-010  0.699328854838154E+005  0.124418875202537E-008  0.279623180897595E+006  0.500222085975111E-010  0.100000000000000E+001  0.000000000000000E+000  0.000000000000000E+000  0.000000000000000E+000  0.100000000000000E+001  0.000000000000000E+000  0.000000000000000E+000  0.000000000000000E+000  0.100000000000000E+001  0.590000000000000E+001  0.000000000000000E+000 -0.500000000000000E+000
  0.120006400000000E+001 -0.497252690811668E+004 -0.140971678774804E-010  0.699331191585737E+005  0.188447302207351E-008  0.279624117214584E+006  0.600266503170133E-010  0.100000000000000E+001  0.000000000000000E+000  0.000000000000000E+000  0.000000000000000E+000  0.100000000000000E+001  0.000000000000000E+000  0.000000000000000E+000  0.000000000000000E+000  0.100000000000000E+001  0.590000000000000E+001  0.000000000000000E+000 -0.500000000000000E+000
  0.120162700000000E+001 -0.497255868933013E+004 -0.500222085975111E-011  0.699333426402867E+005  0.187719706445932E-008  0.279625012056660E+006  0.545696821063757E-010  0.100000000000000E+001  0.000000000000000E+000  0.000000000000000E+000  0.000000000000000E+000  0.100000000000000E+001  0.000000000000000E+000  0.000000000000000E+000  0.000000000000000E+000  0.100000000000000E+001  0.590000000000000E+001  0.000000000000000E+000 -0.500000000000000E+000
  0.120319000000000E+001 -0.497258896750406E+004  0.409272615797818E-011  0.699335586999409E+005  0.894942786544561E-009  0.279625876176412E+006  0.209183781407773E-010  0.100000000000000E+001  0.000000000000000E+000  0.000000000000000E+000  0.000000000000000E+000  0.100000000000000E+001  0.000000000000000E+000  0.000000000000000E+000  0.000000000000000E+000  0.100000000000000E+001  0.590000000000000E+001  0.000000000000000E+000 -0.500000000000000E+000
  0.120475300000000E+001 -0.497261807303531E+004  0.145519152283669E-010  0.699337715844576E+005 -0.356521923094988E-009  0.279626725957808E+006 -0.345607986673713E-010  0.100000000000000E+001  0.000000000000000E+000  0.000000000000000E+000  0.000000000000000E+000  0.100000000000000E+001  0.000000000000000E+000  0.000000000000000E+000  0.000000000000000E+000  0.100000000000000E+001  0.590000000000000E+001  0.000000000000000E+000 -0.500000000000000E+000
  0.120631600000000E+001 -0.497264643683992E+004 -0.241016095969826E-010  0.699339868126592E+005  0.873114913702011E-009  0.279627582667136E+006  0.427462509833276E-010  0.100000000000000E+001  0.000000000000000E+000  0.000000000000000E+000  0.000000000000000E+000  0.100000000000000E+001  0.000000000000000E+000  0.000000000000000E+000  0.000000000000000E+000  0.100000000000000E+001  0.590000000000000E+001  0.000000000000000E+000 -0.500000000000000E+000
  0.120787900000000E+001 -0.497267427911016E+004 -0.682121026329696E-011  0.699342031714808E+005  0.807631295174360E-009  0.279628442143226E+006  0.236468622460961E-010  0.100000000000000E+001  0.000000000000000E+000  0.000000000000000E+000  0.000000000000000E+000  0.100000000000000E+001  0.000000000000000E+000  0.000000000000000E+000  0.000000000000000E+000  0.100000000000000E+001  0.590000000000000E+001  0.000000000000000E+000 -0.500000000000000E+000
  0.120944200000000E+001 -0.497270181211472E+004  0.591171556152403E-011  0.699344207009659E+005 -0.363797880709171E-009  0.279629304987371E+006 -0.291038304567337E-010  0.100000000000000E+001  0.000000000000000E+000  0.000000000000000E+000  0.000000000000000E+000  0.100000000000000E+001  0.000000000000000E+000  0.000000000000000E+000  0.000000000000000E+000  0.100000000000000E+001  0.590000000000000E+001  0.000000000000000E+000 -0.500000000000000E+000
  0.121100500000000E+001 -0.497273045736002E+004  0.636646291241050E-011  0.699346714522312E+005  0.509317032992840E-010  0.279630293130098E+006 -0.909494701772928E-011  0.100000000000000E+001  0.000000000000000E+000  0.000000000000000E+000  0.000000000000000E+000  0.100000000000000E+001  0.000000000000000E+000  0.000000000000000E+000  0.000000000000000E+000  0.100000000000000E+001  0.590000000000000E+001  0.000000000000000E+000 -0.500000000000000E+000
  0.121256800000000E+001 -0.497275991039494E+004 -0.909494701772928E-012  0.699349307450919E+005  0.139698386192322E-008  0.279631313836236E+006  0.509317032992840E-010  0.100000000000000E+001  0.000000000000000E+000  0.000000000000000E+000  0.000000000000000E+000  0.100000000000000E+001  0.000000000000000E+000  0.000000000000000E+000  0.000000000000000E+000  0.100000000000000E+001  0.590000000000000E+001  0.000000000000000E+000 -0.500000000000000E+000
  0.121413100000000E+001 -0.497278961624724E+004 -0.127329258248210E-010  0.699351821829043E+005  0.873114913702011E-010  0.279632305691403E+006  0.245563569478691E-010  0.100000000000000E+001  0.000000000000000E+000  0.000000000000000E+000  0.000000000000000E+000  0.100000000000000E+001  0.000000000000000E+000  0.000000000000000E+000  0.000000000000000E+000  0.100000000000000E+001  0.590000000000000E+001  0.000000000000000E+000 -0.500000000000000E+000
  0.121569400000000E+001 -0.497282102421796E+004 -0.864019966684282E-011  0.699354671451481E+005  0.114960130304098E-008  0.279633425663666E+006  0.363797880709171E-010  0.100000000000000E+001  0.000000000000000E+000  0.000000000000000E+000  0.000000000000000E+000  0.100000000000000E+001  0.000000000000000E+000  0.000000000000000E+000  0.000000000000000E+000  0.100000000000000E+001  0.590000000000000E+001  0.000000000000000E+000 -0.500000000000000E+000
  0.121725700000000E+001 -0.497285448664384E+004  0.181898940354586E-011  0.699357796829898E+005  0.109139364212751E-008  0.279634651604886E+006  0.181898940354586E-010  0.100000000000000E+001  0.000000000000000E+000  0.000000000000000E+000  0.000000000000000E+000  0.100000000000000E+001  0.000000000000000E+000  0.000000000000000E+000  0.000000000000000E+000  0.100000000000000E+001  0.590000000000000E+001  0.000000000000000E+000 -0.500000000000000E+000
  0.121882000000000E+001 -0.497288732447864E+004  0.131876731757075E-010  0.699360446704042E+005 -0.385625753551722E-009  0.279635699517306E+006 -0.336513039655983E-010  0.100000000000000E+001  0.000000000000000E+000  0.000000000000000E+000  0.000000000000000E+000  0.100000000000000E+001  0.000000000000000E+000  0.000000000000000E+000  0.000000000000000E+000  0.100000000000000E+001  0.590000000000000E+001  0.000000000000000E+000 -0.500000000000000E+000
  0.122038300000000E+001 -0.497291489499119E+004  0.363797880709171E-011  0.699361757713557E+005 -0.138243194669485E-009  0.279636241643360E+006 -0.181898940354586E-011  0.100000000000000E+001  0.000000000000000E+000  0.000000000000000E+000  0.000000000000000E+000  0.100000000000000E+001  0.000000000000000E+000  0.000000000000000E+000  0.000000000000000E+000  0.100000000000000E+001  0.590000000000000E+001  0.000000000000000E+000 -0.500000000000000E+000
  0.122194600000000E+001 -0.497293833455615E+004 -0.818545231595635E-011  0.699362649137525E+005  0.502041075378656E-009  0.279636623426784E+006  0.181898940354586E-010  0.100000000000000E+001  0.000000000000000E+000  0.000000000000000E+000  0.000000000000000E+000  0.100000000000000E+001  0.000000000000000E+000  0.000000000000000E+000  0.000000000000000E+000  0.100000000000000E+001  0.590000000000000E+001  0.000000000000000E+000 -0.500000000000000E+000
  0.122350900000000E+001 -0.497296015471278E+004 -0.500222085975111E-011  0.699363821811670E+005  0.108411768451333E-008  0.279637107738656E+006  0.163709046319127E-010  0.100000000000000E+001  0.000000000000000E+000  0.000000000000000E+000  0.000000000000000E+000  0.100000000000000E+001  0.000000000000000E+000  0.000000000000000E+000  0.000000000000000E+000  0.100000000000000E+001  0.590000000000000E+001  0.000000000000000E+000 -0.500000000000000E+000
  0.122507200000000E+001 -0.497298042067106E+004 -0.682121026329696E-011  0.699365022214371E+005  0.164436642080545E-008  0.279637598265565E+006  0.554791768081486E-010  0.100000000000000E+001  0.000000000000000E+000  0.000000000000000E+000  0.000000000000000E+000  0.100000000000000E+001  0.000000000000000E+000  0.000000000000000E+000  0.000000000000000E+000  0.100000000000000E+001  0.590000000000000E+001  0.000000000000000E+000 -0.500000000000000E+000
  0.122663500000000E+001 -0.497299915193258E+004  0.000000000000000E+000  0.699366154869975E+005  0.727595761418343E-009  0.279638059722508E+006  0.163709046319127E-010  0.100000000000000E+001  0.000000000000000E+000  0.000000000000000E+000  0.000000000000000E+000  0.100000000000000E+001  0.000000000000000E+000  0.000000000000000E+000  0.000000000000000E+000  0.100000000000000E+001  0.590000000000000E+001  0.000000000000000E+000 -0.500000000000000E+000
  0.122819800000000E+001 -0.497301647771046E+004 -0.909494701772928E-012  0.699367215583491E+005  0.101863406598568E-009  0.279638491177583E+006  0.272848410531878E-011  0.100000000000000E+001  0.000000000000000E+000  0.000000000000000E+000  0.000000000000000E+000  0.100000000000000E+001  0.000000000000000E+000  0.000000000000000E+000  0.000000000000000E+000  0.100000000000000E+001  0.590000000000000E+001  0.000000000000000E+000 -0.500000000000000E+000
  0.122976100000000E+001 -0.497303248327901E+004 -0.241016095969826E-010  0.699368198571142E+005  0.208819983527064E-008  0.279638890810222E+006  0.627551344223320E-010  0.100000000000000E+001  0.000000000000000E+000  0.000000000000000E+000  0.000000000000000E+000  0.100000000000000E+001  0.000000000000000E+000  0.000000000000000E+000  0.000000000000000E+000  0.100000000000000E+001  0.590000000000000E+001  0.000000000000000E+000 -0.500000000000000E+000
  0.123132400000000E+001 -0.497304729202813E+004  0.591171556152403E-011  0.699369115624227E+005  0.196450855582952E-009  0.279639263322282E+006  0.245563569478691E-010  0.100000000000000E+001  0.000000000000000E+000  0.000000000000000E+000  0.000000000000000E+000  0.100000000000000E+001  0.000000000000000E+000  0.000000000000000E+000  0.000000000000000E+000  0.100000000000000E+001  0.590000000000000E+001  0.000000000000000E+000 -0.500000000000000E+000
  0.123288700000000E+001 -0.497306100616015E+004  0.172803993336856E-010  0.699369971633517E+005 -0.138243194669485E-009  0.279639610750778E+006 -0.445652403868735E-010  0.100000000000000E+001  0.000000000000000E+000  0.000000000000000E+000  0.000000000000000E+000  0.100000000000000E+001  0.000000000000000E+000  0.000000000000000E+000  0.000000000000000E+000  0.100000000000000E+001  0.590000000000000E+001  0.000000000000000E+000 -0.500000000000000E+000
  0.123445000000000E+001 -0.497307368406129E+004 -0.545696821063757E-011  0.699370762503806E+005  0.247382558882236E-009  0.279639931712274E+006  0.309228198602796E-010  0.100000000000000E+001  0.000000000000000E+000  0.000000000000000E+000  0.000000000000000E+000  0.100000000000000E+001  0.000000000000000E+000  0.000000000000000E+000  0.000000000000000E+000  0.100000000000000E+001  0.590000000000000E+001  0.000000000000000E+000 -0.500000000000000E+000
  0.123601300000000E+001 -0.497308541184672E+004  0.909494701772928E-011  0.699371496789244E+005 -0.509317032992840E-010  0.279640229591640E+006 -0.209183781407773E-010  0.100000000000000E+001  0.000000000000000E+000  0.000000000000000E+000  0.000000000000000E+000  0.100000000000000E+001  0.000000000000000E+000  0.000000000000000E+000  0.000000000000000E+000  0.100000000000000E+001  0.590000000000000E+001  0.000000000000000E+000 -0.500000000000000E+000
  0.123757600000000E+001 -0.497309627889196E+004  0.159161572810262E-010  0.699372182568086E+005 -0.676664058119059E-009  0.279640507575836E+006 -0.472937244921923E-010  0.100000000000000E+001  0.000000000000000E+000  0.000000000000000E+000  0.000000000000000E+000  0.100000000000000E+001  0.000000000000000E+000  0.000000000000000E+000  0.000000000000000E+000  0.100000000000000E+001  0.590000000000000E+001  0.000000000000000E+000 -0.500000000000000E+000
  0.123913900000000E+001 -0.497310634372580E+004 -0.209183781407773E-010  0.699372819504667E+005 -0.174622982740402E-009  0.279640765662393E+006  0.491127138957381E-010  0.100000000000000E+001  0.000000000000000E+000  0.000000000000000E+000  0.000000000000000E+000  0.100000000000000E+001  0.000000000000000E+000  0.000000000000000E+000  0.000000000000000E+000  0.100000000000000E+001  0.590000000000000E+001  0.000000000000000E+000 -0.500000000000000E+000
  0.124070200000000E+001 -0.497311566286759E+004 -0.545696821063757E-011  0.699373410087163E+005 -0.800355337560177E-010  0.279641004909910E+006  0.409272615797818E-010  0.100000000000000E+001  0.000000000000000E+000  0.000000000000000E+000  0.000000000000000E+000  0.100000000000000E+001  0.000000000000000E+000  0.000000000000000E+000  0.000000000000000E+000  0.100000000000000E+001  0.590000000000000E+001  0.000000000000000E+000 -0.500000000000000E+000
  0.124226500000000E+001 -0.497312428167337E+004 -0.163709046319127E-010  0.699373955412987E+005  0.135332811623812E-008  0.279641225834364E+006  0.418367562815547E-010  0.100000000000000E+001  0.000000000000000E+000  0.000000000000000E+000  0.000000000000000E+000  0.100000000000000E+001  0.000000000000000E+000  0.000000000000000E+000  0.000000000000000E+000  0.100000000000000E+001  0.590000000000000E+001  0.000000000000000E+000 -0.500000000000000E+000
  0.124382800000000E+001 -0.497313226466691E+004 -0.545696821063757E-011  0.699374463061182E+005  0.137515598908067E-008  0.279641431394054E+006  0.518411980010569E-010  0.100000000000000E+001  0.000000000000000E+000  0.000000000000000E+000  0.000000000000000E+000  0.100000000000000E+001  0.000000000000000E+000  0.000000000000000E+000  0.000000000000000E+000  0.100000000000000E+001  0.590000000000000E+001  0.000000000000000E+000 -0.500000000000000E+000
  0.124539100000000E+001 -0.497313966138060E+004 -0.145519152283669E-010  0.699374935242223E+005  0.134605215862393E-008  0.279641622509097E+006  0.381987774744630E-010  0.100000000000000E+001  0.000000000000000E+000  0.000000000000000E+000  0.000000000000000E+000  0.100000000000000E+001  0.000000000000000E+000  0.000000000000000E+000  0.000000000000000E+000  0.100000000000000E+001  0.590000000000000E+001  0.000000000000000E+000 -0.500000000000000E+000
  0.124695400000000E+001 -0.497314651693118E+004 -0.954969436861575E-011  0.699375374250824E+005  0.163709046319127E-008  0.279641800130256E+006  0.618456397205591E-010  0.100000000000000E+001  0.000000000000000E+000  0.000000000000000E+000  0.000000000000000E+000  0.100000000000000E+001  0.000000000000000E+000  0.000000000000000E+000  0.000000000000000E+000  0.100000000000000E+001  0.590000000000000E+001  0.000000000000000E+000 -0.500000000000000E+000
  0.124851700000000E+001 -0.497315287292856E+004 -0.140971678774804E-010  0.699375782419848E+005  0.178988557308912E-008  0.279641965216559E+006  0.545696821063757E-010  0.100000000000000E+001  0.000000000000000E+000  0.000000000000000E+000  0.000000000000000E+000  0.100000000000000E+001  0.000000000000000E+000  0.000000000000000E+000  0.000000000000000E+000  0.100000000000000E+001  0.590000000000000E+001  0.000000000000000E+000 -0.500000000000000E+000
  0.125008000000000E+001 -0.497315876772249E+004  0.545696821063757E-011  0.699376161978733E+005  0.158615875989199E-008  0.279642118681108E+006  0.372892827726901E-010  0.100000000000000E+001  0.000000000000000E+000  0.000000000000000E+000  0.000000000000000E+000  0.100000000000000E+001  0.000000000000000E+000  0.000000000000000E+000  0.000000000000000E+000  0.100000000000000E+001  0.590000000000000E+001  0.000000000000000E+000 -0.500000000000000E+000
  0.125164300000000E+001 -0.497316423662415E+004 -0.864019966684282E-011  0.699376515008786E+005  0.141881173476577E-008  0.279642261374849E+006  0.418367562815547E-010  0.100000000000000E+001  0.000000000000000E+000  0.000000000000000E+000  0.000000000000000E+000  0.100000000000000E+001  0.000000000000000E+000  0.000000000000000E+000  0.000000000000000E+000  0.100000000000000E+001  0.590000000000000E+001  0.000000000000000E+000 -0.500000000000000E+000
  0.125320600000000E+001 -0.497316931213993E+004  0.318323145620525E-011  0.699376843441016E+005  0.117870513349771E-008  0.279642394086481E+006  0.391082721762359E-010  0.100000000000000E+001  0.000000000000000E+000  0.000000000000000E+000  0.000000000000000E+000  0.100000000000000E+001  0.000000000000000E+000  0.000000000000000E+000  0.000000000000000E+000  0.100000000000000E+001  0.590000000000000E+001  0.000000000000000E+000 -0.500000000000000E+000
  0.125476900000000E+001 -0.497317402419707E+004 -0.727595761418343E-011  0.699377149064703E+005  0.115687726065516E-008  0.279642517546241E+006  0.600266503170133E-010  0.100000000000000E+001  0.000000000000000E+000  0.000000000000000E+000  0.000000000000000E+000  0.100000000000000E+001  0.000000000000000E+000  0.000000000000000E+000  0.000000000000000E+000  0.100000000000000E+001  0.590000000000000E+001  0.000000000000000E+000 -0.500000000000000E+000
  0.125633200000000E+001 -0.497317840035315E+004 -0.136424205265939E-011  0.699377433537169E+005  0.124418875202537E-008  0.279642632430035E+006  0.336513039655983E-010  0.100000000000000E+001  0.000000000000000E+000  0.000000000000000E+000  0.000000000000000E+000  0.100000000000000E+001  0.000000000000000E+000  0.000000000000000E+000  0.000000000000000E+000  0.100000000000000E+001  0.590000000000000E+001  0.000000000000000E+000 -0.500000000000000E+000
  0.125789500000000E+001 -0.497318246598847E+004  0.150066625792533E-010  0.699377698393243E+005  0.829459168016911E-009  0.279642739363403E+006 -0.127329258248210E-010  0.100000000000000E+001  0.000000000000000E+000  0.000000000000000E+000  0.000000000000000E+000  0.100000000000000E+001  0.000000000000000E+000  0.000000000000000E+000  0.000000000000000E+000  0.100000000000000E+001  0.590000000000000E+001  0.000000000000000E+000 -0.500000000000000E+000
  0.125945800000000E+001 -0.497318624448270E+004  0.954969436861575E-011  0.699377945053994E+005 -0.327418092638254E-009  0.279642838925159E+006 -0.527506927028298E-010  0.100000000000000E+001  0.000000000000000E+000  0.000000000000000E+000  0.000000000000000E+000  0.100000000000000E+001  0.000000000000000E+000  0.000000000000000E+000  0.000000000000000E+000  0.100000000000000E+001  0.590000000000000E+001  0.000000000000000E+000 -0.500000000000000E+000
  0.126102100000000E+001 -0.497318975737668E+004 -0.500222085975111E-011  0.699378174834932E+005  0.261934474110603E-009  0.279642931650813E+006 -0.818545231595635E-011  0.100000000000000E+001  0.000000000000000E+000  0.000000000000000E+000  0.000000000000000E+000  0.100000000000000E+001  0.000000000000000E+000  0.000000000000000E+000  0.000000000000000E+000  0.100000000000000E+001  0.590000000000000E+001  0.000000000000000E+000 -0.500000000000000E+000
  0.126258400000000E+001 -0.497319302452114E+004 -0.591171556152403E-011  0.699378388953734E+005  0.880390871316195E-009  0.279643018035774E+006  0.800355337560177E-010  0.100000000000000E+001  0.000000000000000E+000  0.000000000000000E+000  0.000000000000000E+000  0.100000000000000E+001  0.000000000000000E+000  0.000000000000000E+000  0.000000000000000E+000  0.100000000000000E+001  0.590000000000000E+001  0.000000000000000E+000 -0.500000000000000E+000
  0.126414700000000E+001 -0.497319606421312E+004 -0.454747350886464E-012  0.699378588537477E+005  0.138243194669485E-009  0.279643098538347E+006 -0.636646291241050E-011  0.100000000000000E+001  0.000000000000000E+000  0.000000000000000E+000  0.000000000000000E+000  0.100000000000000E+001  0.000000000000000E+000  0.000000000000000E+000  0.000000000000000E+000  0.100000000000000E+001  0.590000000000000E+001  0.000000000000000E+000 -0.500000000000000E+000
  0.126571000000000E+001 -0.497319889332118E+004  0.636646291241050E-011  0.699378774629263E+005  0.112777343019843E-008  0.279643173582485E+006  0.200088834390044E-010  0.100000000000000E+001  0.000000000000000E+000  0.000000000000000E+000  0.000000000000000E+000  0.100000000000000E+001  0.000000000000000E+000  0.000000000000000E+000  0.000000000000000E+000  0.100000000000000E+001  0.590000000000000E+001  0.000000000000000E+000 -0.500000000000000E+000
  0.126727300000000E+001 -0.497320152740047E+004  0.500222085975111E-011  0.699378948194594E+005  0.429281499236822E-009  0.279643243560412E+006  0.136424205265939E-010  0.100000000000000E+001  0.000000000000000E+000  0.000000000000000E+000  0.000000000000000E+000  0.100000000000000E+001  0.000000000000000E+000  0.000000000000000E+000  0.000000000000000E+000  0.100000000000000E+001  0.590000000000000E+001  0.000000000000000E+000 -0.500000000000000E+000
  0.126883600000000E+001 -0.497320398079847E+004 -0.409272615797818E-011  0.699379110127154E+005  0.341970007866621E-009  0.279643308835012E+006  0.218278728425503E-010  0.100000000000000E+001  0.000000000000000E+000  0.000000000000000E+000  0.000000000000000E+000  0.100000000000000E+001  0.000000000000000E+000  0.000000000000000E+000  0.000000000000000E+000  0.100000000000000E+001  0.590000000000000E+001  0.000000000000000E+000 -0.500000000000000E+000
  0.127039900000000E+001 -0.497320626675180E+004  0.136424205265939E-011  0.699379261254174E+005  0.523868948221207E-009  0.279643369742037E+006 -0.363797880709171E-011  0.100000000000000E+001  0.000000000000000E+000  0.000000000000000E+000  0.000000000000000E+000  0.100000000000000E+001  0.000000000000000E+000  0.000000000000000E+000  0.000000000000000E+000  0.100000000000000E+001  0.590000000000000E+001  0.000000000000000E+000 -0.500000000000000E+000
  0.127196200000000E+001 -0.497320839747539E+004 -0.954969436861575E-011  0.699379402341465E+005  0.887666828930378E-009  0.279643426592187E+006  0.181898940354586E-010  0.100000000000000E+001  0.000000000000000E+000  0.000000000000000E+000  0.000000000000000E+000  0.100000000000000E+001  0.000000000000000E+000  0.000000000000000E+000  0.000000000000000E+000  0.100000000000000E+001  0.590000000000000E+001  0.000000000000000E+000 -0.500000000000000E+000
  0.127352500000000E+001 -0.497321038424419E+004  0.227373675443232E-011  0.699379534098111E+005  0.742147676646709E-009  0.279643479673026E+006 -0.254658516496420E-010  0.100000000000000E+001  0.000000000000000E+000  0.000000000000000E+000  0.000000000000000E+000  0.100000000000000E+001  0.000000000000000E+000  0.000000000000000E+000  0.000000000000000E+000  0.100000000000000E+001  0.590000000000000E+001  0.000000000000000E+000 -0.500000000000000E+000
  0.127508800000000E+001 -0.497321223746828E+004 -0.181898940354586E-011  0.699379657180702E+005  0.771251507103443E-009  0.279643529250728E+006  0.254658516496420E-010  0.100000000000000E+001  0.000000000000000E+000  0.000000000000000E+000  0.000000000000000E+000  0.100000000000000E+001  0.000000000000000E+000  0.000000000000000E+000  0.000000000000000E+000  0.100000000000000E+001  0.590000000000000E+001  0.000000000000000E+000 -0.500000000000000E+000
  0.127665100000000E+001 -0.497321396676186E+004 -0.136424205265939E-011  0.699379772197352E+005  0.720319803804159E-009  0.279643575571727E+006  0.245563569478691E-010  0.100000000000000E+001  0.000000000000000E+000  0.000000000000000E+000  0.000000000000000E+000  0.100000000000000E+001  0.000000000000000E+000  0.000000000000000E+000  0.000000000000000E+000  0.100000000000000E+001  0.590000000000000E+001  0.000000000000000E+000 -0.500000000000000E+000
  0.127821400000000E+001 -0.497321558100649E+004 -0.204636307898909E-010  0.699379879711332E+005  0.164436642080545E-008  0.279643618864201E+006  0.809450284577906E-010  0.100000000000000E+001  0.000000000000000E+000  0.000000000000000E+000  0.000000000000000E+000  0.100000000000000E+001  0.000000000000000E+000  0.000000000000000E+000  0.000000000000000E+000  0.100000000000000E+001  0.590000000000000E+001  0.000000000000000E+000 -0.500000000000000E+000
  0.127977700000000E+001 -0.497321708840929E+004  0.409272615797818E-011  0.699379980244523E+005  0.378349795937538E-009  0.279643659339488E+006 -0.209183781407773E-010  0.100000000000000E+001  0.000000000000000E+000  0.000000000000000E+000  0.000000000000000E+000  0.100000000000000E+001  0.000000000000000E+000  0.000000000000000E+000  0.000000000000000E+000  0.100000000000000E+001  0.590000000000000E+001  0.000000000000000E+000 -0.500000000000000E+000
  0.128134000000000E+001 -0.497321849655633E+004 -0.682121026329696E-011  0.699380074280524E+005  0.138243194669485E-009  0.279643697193359E+006  0.272848410531878E-011  0.100000000000000E+001  0.000000000000000E+000  0.000000000000000E+000  0.000000000000000E+000  0.100000000000000E+001  0.000000000000000E+000  0.000000000000000E+000  0.000000000000000E+000  0.100000000000000E+001  0.590000000000000E+001  0.000000000000000E+000 -0.500000000000000E+000
  0.128290300000000E+001 -0.497321981246171E+004  0.954969436861575E-011  0.699380162267549E+005  0.422005541622639E-009  0.279643732607205E+006 -0.109139364212751E-010  0.100000000000000E+001  0.000000000000000E+000  0.000000000000000E+000  0.000000000000000E+000  0.100000000000000E+001  0.000000000000000E+000  0.000000000000000E+000  0.000000000000000E+000  0.100000000000000E+001  0.590000000000000E+001  0.000000000000000E+000 -0.500000000000000E+000
  0.128446600000000E+001 -0.497322104261254E+004 -0.636646291241050E-011  0.699380244621117E+005  0.414729584008455E-009  0.279643765749128E+006  0.345607986673713E-010  0.100000000000000E+001  0.000000000000000E+000  0.000000000000000E+000  0.000000000000000E+000  0.100000000000000E+001  0.000000000000000E+000  0.000000000000000E+000  0.000000000000000E+000  0.100000000000000E+001  0.590000000000000E+001  0.000000000000000E+000 -0.500000000000000E+000
  0.128602900000000E+001 -0.497322219301044E+004 -0.818545231595635E-011  0.699380321726523E+005  0.312866177409887E-009  0.279643796774961E+006  0.118234311230481E-010  0.100000000000000E+001  0.000000000000000E+000  0.000000000000000E+000  0.000000000000000E+000  0.100000000000000E+001  0.000000000000000E+000  0.000000000000000E+000  0.000000000000000E+000  0.100000000000000E+001  0.590000000000000E+001  0.000000000000000E+000 -0.500000000000000E+000
  0.128759200000000E+001 -0.497322326920955E+004 -0.864019966684282E-011  0.699380393941135E+005 -0.654836185276508E-010  0.279643825829197E+006  0.372892827726901E-010  0.100000000000000E+001  0.000000000000000E+000  0.000000000000000E+000  0.000000000000000E+000  0.100000000000000E+001  0.000000000000000E+000  0.000000000000000E+000  0.000000000000000E+000  0.100000000000000E+001  0.590000000000000E+001  0.000000000000000E+000 -0.500000000000000E+000
  0.128915500000000E+001 -0.497322427635154E+004  0.454747350886464E-012  0.699380461596490E+005  0.836735125631094E-009  0.279643853045849E+006 -0.454747350886464E-011  0.100000000000000E+001  0.000000000000000E+000  0.000000000000000E+000  0.000000000000000E+000  0.100000000000000E+001  0.000000000000000E+000  0.000000000000000E+000  0.000000000000000E+000  0.100000000000000E+001  0.590000000000000E+001  0.000000000000000E+000 -0.500000000000000E+000
  0.129071800000000E+001 -0.497322521919799E+004  0.500222085975111E-011  0.699380525000296E+005  0.160071067512035E-009  0.279643878549262E+006 -0.100044417195022E-010  0.100000000000000E+001  0.000000000000000E+000  0.000000000000000E+000  0.000000000000000E+000  0.100000000000000E+001  0.000000000000000E+000  0.000000000000000E+000  0.000000000000000E+000  0.100000000000000E+001  0.590000000000000E+001  0.000000000000000E+000 -0.500000000000000E+000
  0.129228100000000E+001 -0.497322610216014E+004 -0.190993887372315E-010  0.699380584438327E+005  0.160071067512035E-009  0.279643902454882E+006  0.736690708436072E-010  0.100000000000000E+001  0.000000000000000E+000  0.000000000000000E+000  0.000000000000000E+000  0.100000000000000E+001  0.000000000000000E+000  0.000000000000000E+000  0.000000000000000E+000  0.100000000000000E+001  0.590000000000000E+001  0.000000000000000E+000 -0.500000000000000E+000
  0.129384400000000E+001 -0.497322692932678E+004 -0.181898940354586E-011  0.699380640176064E+005  0.120780896395445E-008  0.279643924869928E+006  0.263753463514149E-010  0.100000000000000E+001  0.000000000000000E+000  0.000000000000000E+000  0.000000000000000E+000  0.100000000000000E+001  0.000000000000000E+000  0.000000000000000E+000  0.000000000000000E+000  0.100000000000000E+001  0.590000000000000E+001  0.000000000000000E+000 -0.500000000000000E+000
  0.129540700000000E+001 -0.497322770448960E+004 -0.186446413863450E-010  0.699380692460385E+005  0.136060407385230E-008  0.279643945894075E+006  0.682121026329696E-010  0.100000000000000E+001  0.000000000000000E+000  0.000000000000000E+000  0.000000000000000E+000  0.100000000000000E+001  0.000000000000000E+000  0.000000000000000E+000  0.000000000000000E+000  0.100000000000000E+001  0.590000000000000E+001  0.000000000000000E+000 -0.500000000000000E+000
  0.129697000000000E+001 -0.497322843116858E+004  0.773070496506989E-011  0.699380741521410E+005  0.240106601268053E-009  0.279643965620188E+006 -0.445652403868735E-010  0.100000000000000E+001  0.000000000000000E+000  0.000000000000000E+000  0.000000000000000E+000  0.100000000000000E+001  0.000000000000000E+000  0.000000000000000E+000  0.000000000000000E+000  0.100000000000000E+001  0.590000000000000E+001  0.000000000000000E+000 -0.500000000000000E+000
  0.129853300000000E+001 -0.497322911263775E+004  0.454747350886464E-012  0.699380787574677E+005  0.945874489843845E-010  0.279643984135194E+006  0.636646291241050E-011  0.100000000000000E+001  0.000000000000000E+000  0.000000000000000E+000  0.000000000000000E+000  0.100000000000000E+001  0.000000000000000E+000  0.000000000000000E+000  0.000000000000000E+000  0.100000000000000E+001  0.590000000000000E+001  0.000000000000000E+000 -0.500000000000000E+000
  0.130000000000000E+001 -0.497322975194917E+004  0.454747350886464E-011  0.699380830822785E+005  0.472937244921923E-009  0.279644001520732E+006 -0.163709046319127E-010  0.100000000000000E+001  0.000000000000000E+000  0.000000000000000E+000  0.000000000000000E+000  0.100000000000000E+001  0.000000000000000E+000  0.000000000000000E+000  0.000000000000000E+000  0.100000000000000E+001  0.590000000000000E+001  0.000000000000000E+000 -0.500000000000000E+000

