 # Integral loads: N.components: 2
 #                 Ref.sys     : Stability
 #                 Components  : wing_right , wing_left
 #  t , Fx , Fy , Fz , Mx , My , Mz , ref_mat(9) , ref_off(3) 
  0.100000000000000E+001 -0.150413132945414E+004 -0.357861790689640E-005  0.917487052877474E+005  0.106650986708701E-005 -0.344298377605651E+005  0.423729261456174E-005  0.100000000000000E+001  0.000000000000000E+000  0.000000000000000E+000  0.000000000000000E+000  0.100000000000000E+001  0.000000000000000E+000  0.000000000000000E+000  0.000000000000000E+000  0.100000000000000E+001  0.590000000000000E+001  0.000000000000000E+000 -0.500000000000000E+000
  0.100312500000000E+001 -0.307572362166545E+004 -0.848424633659306E-006  0.286630332766142E+005 -0.575806188862771E-005 -0.120357423268831E+005  0.893753167474642E-006  0.100000000000000E+001  0.000000000000000E+000  0.000000000000000E+000  0.000000000000000E+000  0.100000000000000E+001  0.000000000000000E+000  0.000000000000000E+000  0.000000000000000E+000  0.100000000000000E+001  0.590000000000000E+001  0.000000000000000E+000 -0.500000000000000E+000
  0.100625000000000E+001 -0.321952369589824E+004 -0.794362449596520E-006  0.267897587597605E+005 -0.490761885885149E-005 -0.930475880895070E+004  0.919302692636847E-006  0.100000000000000E+001  0.000000000000000E+000  0.000000000000000E+000  0.000000000000000E+000  0.100000000000000E+001  0.000000000000000E+000  0.000000000000000E+000  0.000000000000000E+000  0.100000000000000E+001  0.590000000000000E+001  0.000000000000000E+000 -0.500000000000000E+000
  0.100937500000000E+001 -0.337695679947635E+004 -0.784929852670757E-006  0.265858250317098E+005 -0.485209602629766E-005 -0.866347969517611E+004  0.104390255728504E-005  0.100000000000000E+001  0.000000000000000E+000  0.000000000000000E+000  0.000000000000000E+000  0.100000000000000E+001  0.000000000000000E+000  0.000000000000000E+000  0.000000000000000E+000  0.100000000000000E+001  0.590000000000000E+001  0.000000000000000E+000 -0.500000000000000E+000
  0.101250000000000E+001 -0.352250287893121E+004 -0.783510358814965E-006  0.268282632554884E+005 -0.493292463943362E-005 -0.861144782627031E+004  0.120573167805560E-005  0.100000000000000E+001  0.000000000000000E+000  0.000000000000000E+000  0.000000000000000E+000  0.100000000000000E+001  0.000000000000000E+000  0.000000000000000E+000  0.000000000000000E+000  0.100000000000000E+001  0.590000000000000E+001  0.000000000000000E+000 -0.500000000000000E+000
  0.101562500000000E+001 -0.365202049284934E+004 -0.786418468123884E-006  0.271475965031470E+005 -0.505267962580547E-005 -0.868653468598280E+004  0.138448558573145E-005  0.100000000000000E+001  0.000000000000000E+000  0.000000000000000E+000  0.000000000000000E+000  0.100000000000000E+001  0.000000000000000E+000  0.000000000000000E+000  0.000000000000000E+000  0.100000000000000E+001  0.590000000000000E+001  0.000000000000000E+000 -0.500000000000000E+000
  0.101875000000000E+001 -0.376571494120176E+004 -0.789682644608547E-006  0.274529347534096E+005 -0.511574035044760E-005 -0.878321149423160E+004  0.156634268932976E-005  0.100000000000000E+001  0.000000000000000E+000  0.000000000000000E+000  0.000000000000000E+000  0.100000000000000E+001  0.000000000000000E+000  0.000000000000000E+000  0.000000000000000E+000  0.100000000000000E+001  0.590000000000000E+001  0.000000000000000E+000 -0.500000000000000E+000
  0.102187500000000E+001 -0.386514550487554E+004  0.130288468562867E-002  0.277319443394000E+005  0.184434281254653E-001 -0.888060125449130E+004  0.656633292237530E-004  0.100000000000000E+001  0.000000000000000E+000  0.000000000000000E+000  0.000000000000000E+000  0.100000000000000E+001  0.000000000000000E+000  0.000000000000000E+000  0.000000000000000E+000  0.100000000000000E+001  0.590000000000000E+001  0.000000000000000E+000 -0.500000000000000E+000
  0.102500000000000E+001 -0.395193396191121E+004 -0.217384368445437E-001  0.279824638273018E+005 -0.269142573110003E+000 -0.897093070915602E+004  0.137205037481181E-002  0.100000000000000E+001  0.000000000000000E+000  0.000000000000000E+000  0.000000000000000E+000  0.100000000000000E+001  0.000000000000000E+000  0.000000000000000E+000  0.000000000000000E+000  0.100000000000000E+001  0.590000000000000E+001  0.000000000000000E+000 -0.500000000000000E+000
  0.102812500000000E+001 -0.402768040715887E+004 -0.174096863966042E-001  0.282032203419511E+005 -0.590063917748921E+000 -0.904907860186669E+004 -0.459626031115477E-001  0.100000000000000E+001  0.000000000000000E+000  0.000000000000000E+000  0.000000000000000E+000  0.100000000000000E+001  0.000000000000000E+000  0.000000000000000E+000  0.000000000000000E+000  0.100000000000000E+001  0.590000000000000E+001  0.000000000000000E+000 -0.500000000000000E+000
  0.103125000000000E+001 -0.409438556131708E+004 -0.159338673470302E-001  0.284073859838407E+005 -0.406462037492020E+000 -0.912910133638253E+004 -0.682956090404332E-001  0.100000000000000E+001  0.000000000000000E+000  0.000000000000000E+000  0.000000000000000E+000  0.100000000000000E+001  0.000000000000000E+000  0.000000000000000E+000  0.000000000000000E+000  0.100000000000000E+001  0.590000000000000E+001  0.000000000000000E+000 -0.500000000000000E+000
  0.103437500000000E+001 -0.415395621662554E+004 -0.111064733653166E-001  0.286149986501009E+005 -0.291490120216622E+000 -0.922572946958582E+004 -0.748859056939182E-001  0.100000000000000E+001  0.000000000000000E+000  0.000000000000000E+000  0.000000000000000E+000  0.100000000000000E+001  0.000000000000000E+000  0.000000000000000E+000  0.000000000000000E+000  0.100000000000000E+001  0.590000000000000E+001  0.000000000000000E+000 -0.500000000000000E+000
  0.103750000000000E+001 -0.420769582599756E+004 -0.992575796021811E-002  0.288048873809774E+005 -0.304809607194329E+000 -0.931783569363058E+004 -0.802539817996148E-001  0.100000000000000E+001  0.000000000000000E+000  0.000000000000000E+000  0.000000000000000E+000  0.100000000000000E+001  0.000000000000000E+000  0.000000000000000E+000  0.000000000000000E+000  0.100000000000000E+001  0.590000000000000E+001  0.000000000000000E+000 -0.500000000000000E+000
  0.104062500000000E+001 -0.425624587153098E+004 -0.108770444182937E-001  0.289655807933762E+005 -0.355499875353416E+000 -0.939083456435771E+004 -0.878497501080346E-001  0.100000000000000E+001  0.000000000000000E+000  0.000000000000000E+000  0.000000000000000E+000  0.100000000000000E+001  0.000000000000000E+000  0.000000000000000E+000  0.000000000000000E+000  0.100000000000000E+001  0.590000000000000E+001  0.000000000000000E+000 -0.500000000000000E+000
  0.104375000000000E+001 -0.429988786161655E+004 -0.127760025136467E-001  0.291006531366601E+005 -0.416163411347952E+000 -0.945278929883527E+004 -0.959929285145336E-001  0.100000000000000E+001  0.000000000000000E+000  0.000000000000000E+000  0.000000000000000E+000  0.100000000000000E+001  0.000000000000000E+000  0.000000000000000E+000  0.000000000000000E+000  0.100000000000000E+001  0.590000000000000E+001  0.000000000000000E+000 -0.500000000000000E+000
  0.104687500000000E+001 -0.433947468608017E+004 -0.140399238887312E-001  0.292263788500903E+005 -0.431571383400296E+000 -0.950948499172667E+004 -0.104102103211517E+000  0.100000000000000E+001  0.000000000000000E+000  0.000000000000000E+000  0.000000000000000E+000  0.100000000000000E+001  0.000000000000000E+000  0.000000000000000E+000  0.000000000000000E+000  0.100000000000000E+001  0.590000000000000E+001  0.000000000000000E+000 -0.500000000000000E+000
  0.105000000000000E+001 -0.437568133306086E+004 -0.194691390609023E-001  0.293437326036670E+005 -0.530648476189526E+000 -0.956313769765299E+004 -0.114120756611555E+000  0.100000000000000E+001  0.000000000000000E+000  0.000000000000000E+000  0.000000000000000E+000  0.100000000000000E+001  0.000000000000000E+000  0.000000000000000E+000  0.000000000000000E+000  0.100000000000000E+001  0.590000000000000E+001  0.000000000000000E+000 -0.500000000000000E+000
  0.105312500000000E+001 -0.440875616892722E+004 -0.252290000385074E-001  0.294492276173777E+005 -0.588272310254979E+000 -0.961204285885328E+004 -0.126993346169002E+000  0.100000000000000E+001  0.000000000000000E+000  0.000000000000000E+000  0.000000000000000E+000  0.100000000000000E+001  0.000000000000000E+000  0.000000000000000E+000  0.000000000000000E+000  0.100000000000000E+001  0.590000000000000E+001  0.000000000000000E+000 -0.500000000000000E+000
  0.105625000000000E+001 -0.443834545077750E+004 -0.260761794422706E-001  0.295344081867130E+005 -0.576794027605501E+000 -0.965531294672402E+004 -0.136475151610284E+000  0.100000000000000E+001  0.000000000000000E+000  0.000000000000000E+000  0.000000000000000E+000  0.100000000000000E+001  0.000000000000000E+000  0.000000000000000E+000  0.000000000000000E+000  0.100000000000000E+001  0.590000000000000E+001  0.000000000000000E+000 -0.500000000000000E+000
  0.105937500000000E+001 -0.446521352064976E+004 -0.283304054817108E-001  0.296139599624260E+005 -0.529860783513868E+000 -0.969528076063813E+004 -0.138309827633748E+000  0.100000000000000E+001  0.000000000000000E+000  0.000000000000000E+000  0.000000000000000E+000  0.100000000000000E+001  0.000000000000000E+000  0.000000000000000E+000  0.000000000000000E+000  0.100000000000000E+001  0.590000000000000E+001  0.000000000000000E+000 -0.500000000000000E+000
  0.106250000000000E+001 -0.448997112679673E+004 -0.284428325746831E-001  0.296915641974190E+005 -0.482250767512596E+000 -0.973346571314188E+004 -0.136295206055365E+000  0.100000000000000E+001  0.000000000000000E+000  0.000000000000000E+000  0.000000000000000E+000  0.100000000000000E+001  0.000000000000000E+000  0.000000000000000E+000  0.000000000000000E+000  0.100000000000000E+001  0.590000000000000E+001  0.000000000000000E+000 -0.500000000000000E+000
  0.106562500000000E+001 -0.451270273987498E+004 -0.272439319858222E-001  0.297626126906548E+005 -0.425228063497343E+000 -0.976877882249992E+004 -0.130137613220541E+000  0.100000000000000E+001  0.000000000000000E+000  0.000000000000000E+000  0.000000000000000E+000  0.100000000000000E+001  0.000000000000000E+000  0.000000000000000E+000  0.000000000000000E+000  0.100000000000000E+001  0.590000000000000E+001  0.000000000000000E+000 -0.500000000000000E+000
  0.106875000000000E+001 -0.453383571719261E+004 -0.246379369325496E-001  0.298316332719748E+005 -0.359919271242688E+000 -0.980255697998610E+004 -0.120380153567567E+000  0.100000000000000E+001  0.000000000000000E+000  0.000000000000000E+000  0.000000000000000E+000  0.100000000000000E+001  0.000000000000000E+000  0.000000000000000E+000  0.000000000000000E+000  0.100000000000000E+001  0.590000000000000E+001  0.000000000000000E+000 -0.500000000000000E+000
  0.107187500000000E+001 -0.455357565862316E+004 -0.211294737432581E-001  0.298974207343141E+005 -0.311380609076878E+000 -0.983447053072007E+004 -0.109433000628087E+000  0.100000000000000E+001  0.000000000000000E+000  0.000000000000000E+000  0.000000000000000E+000  0.100000000000000E+001  0.000000000000000E+000  0.000000000000000E+000  0.000000000000000E+000  0.100000000000000E+001  0.590000000000000E+001  0.000000000000000E+000 -0.500000000000000E+000
  0.107500000000000E+001 -0.457212336300894E+004 -0.174494524658257E-001  0.299599391354622E+005 -0.276135325002542E+000 -0.986484799579424E+004 -0.982176048455585E-001  0.100000000000000E+001  0.000000000000000E+000  0.000000000000000E+000  0.000000000000000E+000  0.100000000000000E+001  0.000000000000000E+000  0.000000000000000E+000  0.000000000000000E+000  0.100000000000000E+001  0.590000000000000E+001  0.000000000000000E+000 -0.500000000000000E+000
  0.107812500000000E+001 -0.458963786033592E+004 -0.139698012544613E-001  0.300195655953876E+005 -0.251884723758849E+000 -0.989372361374681E+004 -0.873666134220912E-001  0.100000000000000E+001  0.000000000000000E+000  0.000000000000000E+000  0.000000000000000E+000  0.100000000000000E+001  0.000000000000000E+000  0.000000000000000E+000  0.000000000000000E+000  0.100000000000000E+001  0.590000000000000E+001  0.000000000000000E+000 -0.500000000000000E+000
  0.108125000000000E+001 -0.460617403245302E+004 -0.107805903403460E-001  0.300753689788714E+005 -0.233583817149338E+000 -0.992086986771264E+004 -0.770600704763638E-001  0.100000000000000E+001  0.000000000000000E+000  0.000000000000000E+000  0.000000000000000E+000  0.100000000000000E+001  0.000000000000000E+000  0.000000000000000E+000  0.000000000000000E+000  0.100000000000000E+001  0.590000000000000E+001  0.000000000000000E+000 -0.500000000000000E+000
  0.108437500000000E+001 -0.462175348121038E+004 -0.794159884026158E-002  0.301271500804771E+005 -0.219907550061180E+000 -0.994581801932544E+004 -0.673530371714151E-001  0.100000000000000E+001  0.000000000000000E+000  0.000000000000000E+000  0.000000000000000E+000  0.100000000000000E+001  0.000000000000000E+000  0.000000000000000E+000  0.000000000000000E+000  0.100000000000000E+001  0.590000000000000E+001  0.000000000000000E+000 -0.500000000000000E+000
  0.108750000000000E+001 -0.463642174318361E+004 -0.540826647738868E-002  0.301753104170753E+005 -0.205303490627557E+000 -0.996888485122190E+004 -0.578567884040240E-001  0.100000000000000E+001  0.000000000000000E+000  0.000000000000000E+000  0.000000000000000E+000  0.100000000000000E+001  0.000000000000000E+000  0.000000000000000E+000  0.000000000000000E+000  0.100000000000000E+001  0.590000000000000E+001  0.000000000000000E+000 -0.500000000000000E+000
  0.109062500000000E+001 -0.465024885140905E+004 -0.309580613566141E-002  0.302205519910766E+005 -0.188553199513990E+000 -0.999040191086852E+004 -0.483070090995170E-001  0.100000000000000E+001  0.000000000000000E+000  0.000000000000000E+000  0.000000000000000E+000  0.100000000000000E+001  0.000000000000000E+000  0.000000000000000E+000  0.000000000000000E+000  0.100000000000000E+001  0.590000000000000E+001  0.000000000000000E+000 -0.500000000000000E+000
  0.109375000000000E+001 -0.466657901313773E+004 -0.949072250932659E-003  0.303066825054276E+005 -0.170382511867501E+000 -0.100306946163252E+005 -0.386480785164167E-001  0.100000000000000E+001  0.000000000000000E+000  0.000000000000000E+000  0.000000000000000E+000  0.100000000000000E+001  0.000000000000000E+000  0.000000000000000E+000  0.000000000000000E+000  0.100000000000000E+001  0.590000000000000E+001  0.000000000000000E+000 -0.500000000000000E+000
  0.109687500000000E+001 -0.467976325229816E+004  0.103687823548171E-002  0.303308198245910E+005 -0.153717093031446E+000 -0.100429277233711E+005 -0.291240746591939E-001  0.100000000000000E+001  0.000000000000000E+000  0.000000000000000E+000  0.000000000000000E+000  0.100000000000000E+001  0.000000000000000E+000  0.000000000000000E+000  0.000000000000000E+000  0.100000000000000E+001  0.590000000000000E+001  0.000000000000000E+000 -0.500000000000000E+000
  0.110000000000000E+001 -0.469181362645667E+004  0.292452432995560E-002  0.303633022072127E+005 -0.139972875876992E+000 -0.100574722743203E+005 -0.202020285823892E-001  0.100000000000000E+001  0.000000000000000E+000  0.000000000000000E+000  0.000000000000000E+000  0.100000000000000E+001  0.000000000000000E+000  0.000000000000000E+000  0.000000000000000E+000  0.100000000000000E+001  0.590000000000000E+001  0.000000000000000E+000 -0.500000000000000E+000
  0.110312500000000E+001 -0.470311152712195E+004  0.461004872568083E-002  0.303978155185395E+005 -0.132854221577873E+000 -0.100730850584109E+005 -0.124828401749255E-001  0.100000000000000E+001  0.000000000000000E+000  0.000000000000000E+000  0.000000000000000E+000  0.100000000000000E+001  0.000000000000000E+000  0.000000000000000E+000  0.000000000000000E+000  0.100000000000000E+001  0.590000000000000E+001  0.000000000000000E+000 -0.500000000000000E+000
  0.110625000000000E+001 -0.471379308378358E+004  0.570315954792022E-002  0.304319109625725E+005 -0.139068922529987E+000 -0.100886616304820E+005 -0.680912887310114E-002  0.100000000000000E+001  0.000000000000000E+000  0.000000000000000E+000  0.000000000000000E+000  0.100000000000000E+001  0.000000000000000E+000  0.000000000000000E+000  0.000000000000000E+000  0.100000000000000E+001  0.590000000000000E+001  0.000000000000000E+000 -0.500000000000000E+000
  0.110937500000000E+001 -0.472393084855704E+004  0.571276290156675E-002  0.304648046095400E+005 -0.164132256053563E+000 -0.101037253090510E+005 -0.427652389680588E-002  0.100000000000000E+001  0.000000000000000E+000  0.000000000000000E+000  0.000000000000000E+000  0.100000000000000E+001  0.000000000000000E+000  0.000000000000000E+000  0.000000000000000E+000  0.100000000000000E+001  0.590000000000000E+001  0.000000000000000E+000 -0.500000000000000E+000
  0.111250000000000E+001 -0.473358073469048E+004  0.443210389266824E-002  0.304963877996316E+005 -0.205510876097833E+000 -0.101181713488721E+005 -0.582879074318043E-002  0.100000000000000E+001  0.000000000000000E+000  0.000000000000000E+000  0.000000000000000E+000  0.100000000000000E+001  0.000000000000000E+000  0.000000000000000E+000  0.000000000000000E+000  0.100000000000000E+001  0.590000000000000E+001  0.000000000000000E+000 -0.500000000000000E+000
  0.111562500000000E+001 -0.474279132816589E+004  0.240891045359604E-002  0.305267282243565E+005 -0.245991588817560E+000 -0.101320161051545E+005 -0.114346141353963E-001  0.100000000000000E+001  0.000000000000000E+000  0.000000000000000E+000  0.000000000000000E+000  0.100000000000000E+001  0.000000000000000E+000  0.000000000000000E+000  0.000000000000000E+000  0.100000000000000E+001  0.590000000000000E+001  0.000000000000000E+000 -0.500000000000000E+000
  0.111875000000000E+001 -0.475160966686387E+004 -0.113117748787772E-002  0.305559679624722E+005 -0.293660193077812E+000 -0.101453267456582E+005 -0.204500068530251E-001  0.100000000000000E+001  0.000000000000000E+000  0.000000000000000E+000  0.000000000000000E+000  0.100000000000000E+001  0.000000000000000E+000  0.000000000000000E+000  0.000000000000000E+000  0.100000000000000E+001  0.590000000000000E+001  0.000000000000000E+000 -0.500000000000000E+000
  0.112187500000000E+001 -0.476007277300351E+004 -0.560072549296819E-002  0.305841571696332E+005 -0.336753917450551E+000 -0.101581313184459E+005 -0.322339802796705E-001  0.100000000000000E+001  0.000000000000000E+000  0.000000000000000E+000  0.000000000000000E+000  0.100000000000000E+001  0.000000000000000E+000  0.000000000000000E+000  0.000000000000000E+000  0.100000000000000E+001  0.590000000000000E+001  0.000000000000000E+000 -0.500000000000000E+000
  0.112500000000000E+001 -0.476818924057497E+004 -0.722436562546136E-002  0.306110339433484E+005 -0.823147847026121E+000 -0.101704185506773E+005 -0.667741235711219E-001  0.100000000000000E+001  0.000000000000000E+000  0.000000000000000E+000  0.000000000000000E+000  0.100000000000000E+001  0.000000000000000E+000  0.000000000000000E+000  0.000000000000000E+000  0.100000000000000E+001  0.590000000000000E+001  0.000000000000000E+000 -0.500000000000000E+000
  0.112812500000000E+001 -0.477863199504405E+004 -0.969134475644751E-002  0.306700869937098E+005 -0.643496117125324E+000 -0.101977705083484E+005 -0.857474646381888E-001  0.100000000000000E+001  0.000000000000000E+000  0.000000000000000E+000  0.000000000000000E+000  0.100000000000000E+001  0.000000000000000E+000  0.000000000000000E+000  0.000000000000000E+000  0.100000000000000E+001  0.590000000000000E+001  0.000000000000000E+000 -0.500000000000000E+000
  0.113125000000000E+001 -0.479216684455735E+004 -0.122060065764344E-001  0.307507049584647E+005 -0.454467227689747E+000 -0.102357546491076E+005 -0.864742387357182E-001  0.100000000000000E+001  0.000000000000000E+000  0.000000000000000E+000  0.000000000000000E+000  0.100000000000000E+001  0.000000000000000E+000  0.000000000000000E+000  0.000000000000000E+000  0.100000000000000E+001  0.590000000000000E+001  0.000000000000000E+000 -0.500000000000000E+000
  0.113437500000000E+001 -0.480559211654379E+004 -0.127248032645184E-001  0.308028842295947E+005 -0.281381174725539E+000 -0.102604126368752E+005 -0.756858770628241E-001  0.100000000000000E+001  0.000000000000000E+000  0.000000000000000E+000  0.000000000000000E+000  0.100000000000000E+001  0.000000000000000E+000  0.000000000000000E+000  0.000000000000000E+000  0.100000000000000E+001  0.590000000000000E+001  0.000000000000000E+000 -0.500000000000000E+000
  0.113750000000000E+001 -0.482706507109355E+004 -0.369806665039505E-001  0.309555008888296E+005 -0.601747569839063E+000 -0.103310436239455E+005 -0.114347730397640E+000  0.100000000000000E+001  0.000000000000000E+000  0.000000000000000E+000  0.000000000000000E+000  0.100000000000000E+001  0.000000000000000E+000  0.000000000000000E+000  0.000000000000000E+000  0.100000000000000E+001  0.590000000000000E+001  0.000000000000000E+000 -0.500000000000000E+000
  0.114062500000000E+001 -0.483797795353205E+004 -0.193284346325981E+000  0.309063131254017E+005  0.235698293903260E+001 -0.103087610031161E+005  0.169717728222167E-001  0.100000000000000E+001  0.000000000000000E+000  0.000000000000000E+000  0.000000000000000E+000  0.100000000000000E+001  0.000000000000000E+000  0.000000000000000E+000  0.000000000000000E+000  0.100000000000000E+001  0.590000000000000E+001  0.000000000000000E+000 -0.500000000000000E+000
  0.114375000000000E+001 -0.485222426787066E+004  0.172871818173007E+000  0.309756961195878E+005  0.437138938170392E+000 -0.103373275483965E+005  0.608307210177372E-001  0.100000000000000E+001  0.000000000000000E+000  0.000000000000000E+000  0.000000000000000E+000  0.100000000000000E+001  0.000000000000000E+000  0.000000000000000E+000  0.000000000000000E+000  0.100000000000000E+001  0.590000000000000E+001  0.000000000000000E+000 -0.500000000000000E+000
  0.114687500000000E+001 -0.485915161339589E+004 -0.767088756674639E-002  0.309345901474273E+005  0.693885814471287E+000 -0.103168628307135E+005  0.962061703057771E-001  0.100000000000000E+001  0.000000000000000E+000  0.000000000000000E+000  0.000000000000000E+000  0.100000000000000E+001  0.000000000000000E+000  0.000000000000000E+000  0.000000000000000E+000  0.100000000000000E+001  0.590000000000000E+001  0.000000000000000E+000 -0.500000000000000E+000
  0.115000000000000E+001 -0.486516650436033E+004 -0.152610259892754E-001  0.309393721740349E+005  0.289844606428233E+000 -0.103160663751238E+005  0.853332181995938E-001  0.100000000000000E+001  0.000000000000000E+000  0.000000000000000E+000  0.000000000000000E+000  0.100000000000000E+001  0.000000000000000E+000  0.000000000000000E+000  0.000000000000000E+000  0.100000000000000E+001  0.590000000000000E+001  0.000000000000000E+000 -0.500000000000000E+000
  0.115312500000000E+001 -0.487028528526584E+004  0.129792127313522E-001  0.309479418392945E+005  0.497750802322116E+000 -0.103184604930435E+005  0.954008872949998E-001  0.100000000000000E+001  0.000000000000000E+000  0.000000000000000E+000  0.000000000000000E+000  0.100000000000000E+001  0.000000000000000E+000  0.000000000000000E+000  0.000000000000000E+000  0.100000000000000E+001  0.590000000000000E+001  0.000000000000000E+000 -0.500000000000000E+000
  0.115625000000000E+001 -0.487493572710015E+004  0.221885423065942E-001  0.309603361124763E+005  0.343764263547200E+000 -0.103232204141335E+005  0.827675805539911E-001  0.100000000000000E+001  0.000000000000000E+000  0.000000000000000E+000  0.000000000000000E+000  0.100000000000000E+001  0.000000000000000E+000  0.000000000000000E+000  0.000000000000000E+000  0.100000000000000E+001  0.590000000000000E+001  0.000000000000000E+000 -0.500000000000000E+000
  0.115937500000000E+001 -0.487905160315926E+004  0.320649970362865E-001  0.309708544899466E+005  0.525206893391442E+000 -0.103275045921807E+005  0.100717451466153E+000  0.100000000000000E+001  0.000000000000000E+000  0.000000000000000E+000  0.000000000000000E+000  0.100000000000000E+001  0.000000000000000E+000  0.000000000000000E+000  0.000000000000000E+000  0.100000000000000E+001  0.590000000000000E+001  0.000000000000000E+000 -0.500000000000000E+000
  0.116250000000000E+001 -0.488310353418383E+004  0.342898679737118E-001  0.309855675223454E+005  0.418703366260161E+000 -0.103338541470501E+005  0.101073839415221E+000  0.100000000000000E+001  0.000000000000000E+000  0.000000000000000E+000  0.000000000000000E+000  0.100000000000000E+001  0.000000000000000E+000  0.000000000000000E+000  0.000000000000000E+000  0.100000000000000E+001  0.590000000000000E+001  0.000000000000000E+000 -0.500000000000000E+000
  0.116562500000000E+001 -0.488769340488991E+004  0.358053959112112E-001  0.310081519429841E+005  0.406889501420665E+000 -0.103440292615065E+005  0.103746538550695E+000  0.100000000000000E+001  0.000000000000000E+000  0.000000000000000E+000  0.000000000000000E+000  0.100000000000000E+001  0.000000000000000E+000  0.000000000000000E+000  0.000000000000000E+000  0.100000000000000E+001  0.590000000000000E+001  0.000000000000000E+000 -0.500000000000000E+000
  0.116875000000000E+001 -0.488792608397123E+004  0.354351588757709E-001  0.309704285087338E+005  0.386147266406624E+000 -0.103264686402906E+005  0.107285209256588E+000  0.100000000000000E+001  0.000000000000000E+000  0.000000000000000E+000  0.000000000000000E+000  0.100000000000000E+001  0.000000000000000E+000  0.000000000000000E+000  0.000000000000000E+000  0.100000000000000E+001  0.590000000000000E+001  0.000000000000000E+000 -0.500000000000000E+000
  0.117187500000000E+001 -0.489201441202920E+004  0.330576149694934E-001  0.310161624600504E+005  0.389527189487126E+000 -0.103464570681370E+005  0.111452838628793E+000  0.100000000000000E+001  0.000000000000000E+000  0.000000000000000E+000  0.000000000000000E+000  0.100000000000000E+001  0.000000000000000E+000  0.000000000000000E+000  0.000000000000000E+000  0.100000000000000E+001  0.590000000000000E+001  0.000000000000000E+000 -0.500000000000000E+000
  0.117500000000000E+001 -0.489420462027583E+004  0.314517302940658E-001  0.310113328538043E+005  0.365723226786940E+000 -0.103448343341086E+005  0.112030127855178E+000  0.100000000000000E+001  0.000000000000000E+000  0.000000000000000E+000  0.000000000000000E+000  0.100000000000000E+001  0.000000000000000E+000  0.000000000000000E+000  0.000000000000000E+000  0.100000000000000E+001  0.590000000000000E+001  0.000000000000000E+000 -0.500000000000000E+000
  0.117812500000000E+001 -0.489579729409788E+004  0.296734566609302E-001  0.310107031090279E+005  0.328389131012955E+000 -0.103441687026865E+005  0.109378314456080E+000  0.100000000000000E+001  0.000000000000000E+000  0.000000000000000E+000  0.000000000000000E+000  0.100000000000000E+001  0.000000000000000E+000  0.000000000000000E+000  0.000000000000000E+000  0.100000000000000E+001  0.590000000000000E+001  0.000000000000000E+000 -0.500000000000000E+000
  0.118125000000000E+001 -0.489250396593912E+004  0.273810341896024E-001  0.309533554655972E+005  0.283235649010749E+000 -0.103172568631488E+005  0.103798020505565E+000  0.100000000000000E+001  0.000000000000000E+000  0.000000000000000E+000  0.000000000000000E+000  0.100000000000000E+001  0.000000000000000E+000  0.000000000000000E+000  0.000000000000000E+000  0.100000000000000E+001  0.590000000000000E+001  0.000000000000000E+000 -0.500000000000000E+000
  0.118437500000000E+001 -0.489465153879417E+004  0.261618207264291E-001  0.310061566363460E+005  0.198769301714492E+000 -0.103406215192880E+005  0.980923807564977E-001  0.100000000000000E+001  0.000000000000000E+000  0.000000000000000E+000  0.000000000000000E+000  0.100000000000000E+001  0.000000000000000E+000  0.000000000000000E+000  0.000000000000000E+000  0.100000000000000E+001  0.590000000000000E+001  0.000000000000000E+000 -0.500000000000000E+000
  0.118750000000000E+001 -0.489622279993181E+004  0.126705041816422E-001  0.310129919748339E+005 -0.117972535184526E+001 -0.103451916928957E+005 -0.118135794109548E-001  0.100000000000000E+001  0.000000000000000E+000  0.000000000000000E+000  0.000000000000000E+000  0.100000000000000E+001  0.000000000000000E+000  0.000000000000000E+000  0.000000000000000E+000  0.100000000000000E+001  0.590000000000000E+001  0.000000000000000E+000 -0.500000000000000E+000
  0.119062500000000E+001 -0.489914537940158E+004  0.345694033117070E-001  0.310367094931230E+005  0.575906226076768E+000 -0.103564744643397E+005  0.414022736340485E-001  0.100000000000000E+001  0.000000000000000E+000  0.000000000000000E+000  0.000000000000000E+000  0.100000000000000E+001  0.000000000000000E+000  0.000000000000000E+000  0.000000000000000E+000  0.100000000000000E+001  0.590000000000000E+001  0.000000000000000E+000 -0.500000000000000E+000
  0.119375000000000E+001 -0.490048239431869E+004  0.649574567933087E-002  0.310286878949539E+005 -0.117243511346896E+001 -0.103531765234686E+005 -0.587164282087542E-001  0.100000000000000E+001  0.000000000000000E+000  0.000000000000000E+000  0.000000000000000E+000  0.100000000000000E+001  0.000000000000000E+000  0.000000000000000E+000  0.000000000000000E+000  0.100000000000000E+001  0.590000000000000E+001  0.000000000000000E+000 -0.500000000000000E+000
  0.119687500000000E+001 -0.490187512230574E+004  0.228914746530791E-001  0.310327776887350E+005  0.522862038502353E+000 -0.103546217358848E+005 -0.392031874434906E-002  0.100000000000000E+001  0.000000000000000E+000  0.000000000000000E+000  0.000000000000000E+000  0.100000000000000E+001  0.000000000000000E+000  0.000000000000000E+000  0.000000000000000E+000  0.100000000000000E+001  0.590000000000000E+001  0.000000000000000E+000 -0.500000000000000E+000
  0.120000000000000E+001 -0.490291846850423E+004  0.750201575374376E-002  0.310332612679437E+005  0.152761248966272E+000 -0.103546997364911E+005  0.682498803780618E-002  0.100000000000000E+001  0.000000000000000E+000  0.000000000000000E+000  0.000000000000000E+000  0.100000000000000E+001  0.000000000000000E+000  0.000000000000000E+000  0.000000000000000E+000  0.100000000000000E+001  0.590000000000000E+001  0.000000000000000E+000 -0.500000000000000E+000
  0.120312500000000E+001 -0.490432990239809E+004 -0.106844667570840E-001  0.310412715427050E+005 -0.121319585061428E+001 -0.103584025619049E+005 -0.838753502794134E-001  0.100000000000000E+001  0.000000000000000E+000  0.000000000000000E+000  0.000000000000000E+000  0.100000000000000E+001  0.000000000000000E+000  0.000000000000000E+000  0.000000000000000E+000  0.100000000000000E+001  0.590000000000000E+001  0.000000000000000E+000 -0.500000000000000E+000
  0.120625000000000E+001 -0.490548339934324E+004  0.960959099575120E-002  0.310437156273704E+005  0.497036497734371E+000 -0.103595144014696E+005 -0.304342462113709E-001  0.100000000000000E+001  0.000000000000000E+000  0.000000000000000E+000  0.000000000000000E+000  0.100000000000000E+001  0.000000000000000E+000  0.000000000000000E+000  0.000000000000000E+000  0.100000000000000E+001  0.590000000000000E+001  0.000000000000000E+000 -0.500000000000000E+000
  0.120937500000000E+001 -0.490657710518489E+004 -0.297313064584159E-002  0.310467958203371E+005  0.485544131784991E+000 -0.103608983743887E+005  0.151053953286464E-001  0.100000000000000E+001  0.000000000000000E+000  0.000000000000000E+000  0.000000000000000E+000  0.100000000000000E+001  0.000000000000000E+000  0.000000000000000E+000  0.000000000000000E+000  0.100000000000000E+001  0.590000000000000E+001  0.000000000000000E+000 -0.500000000000000E+000
  0.121250000000000E+001 -0.490758548449972E+004 -0.112659625892775E-001  0.310496289459948E+005 -0.120336755772587E+001 -0.103622936828812E+005 -0.775517787478748E-001  0.100000000000000E+001  0.000000000000000E+000  0.000000000000000E+000  0.000000000000000E+000  0.100000000000000E+001  0.000000000000000E+000  0.000000000000000E+000  0.000000000000000E+000  0.100000000000000E+001  0.590000000000000E+001  0.000000000000000E+000 -0.500000000000000E+000
  0.121562500000000E+001 -0.490852355790299E+004 -0.110070764167176E-001  0.310523611341168E+005 -0.203820208605612E+001 -0.103636154004411E+005 -0.214786524733427E+000  0.100000000000000E+001  0.000000000000000E+000  0.000000000000000E+000  0.000000000000000E+000  0.100000000000000E+001  0.000000000000000E+000  0.000000000000000E+000  0.000000000000000E+000  0.100000000000000E+001  0.590000000000000E+001  0.000000000000000E+000 -0.500000000000000E+000
  0.121875000000000E+001 -0.490939802511560E+004 -0.145016251808556E-001  0.310549060290253E+005 -0.260468596177816E+001 -0.103648658931305E+005 -0.354320581180218E+000  0.100000000000000E+001  0.000000000000000E+000  0.000000000000000E+000  0.000000000000000E+000  0.100000000000000E+001  0.000000000000000E+000  0.000000000000000E+000  0.000000000000000E+000  0.100000000000000E+001  0.590000000000000E+001  0.000000000000000E+000 -0.500000000000000E+000
  0.122187500000000E+001 -0.491024184551094E+004 -0.150309886721516E-001  0.310577399273247E+005 -0.181327168787539E+001 -0.103661009413967E+005 -0.399477122121425E+000  0.100000000000000E+001  0.000000000000000E+000  0.000000000000000E+000  0.000000000000000E+000  0.100000000000000E+001  0.000000000000000E+000  0.000000000000000E+000  0.000000000000000E+000  0.100000000000000E+001  0.590000000000000E+001  0.000000000000000E+000 -0.500000000000000E+000
  0.122500000000000E+001 -0.491103275887829E+004 -0.336707712758653E-001  0.310601542437343E+005 -0.194943656591931E+001 -0.103671555977130E+005 -0.438160147652525E+000  0.100000000000000E+001  0.000000000000000E+000  0.000000000000000E+000  0.000000000000000E+000  0.100000000000000E+001  0.000000000000000E+000  0.000000000000000E+000  0.000000000000000E+000  0.100000000000000E+001  0.590000000000000E+001  0.000000000000000E+000 -0.500000000000000E+000
  0.122812500000000E+001 -0.491174037758215E+004 -0.637352338844721E-001  0.310618420795885E+005 -0.186317365728610E+001 -0.103679127113309E+005 -0.453523145957661E+000  0.100000000000000E+001  0.000000000000000E+000  0.000000000000000E+000  0.000000000000000E+000  0.100000000000000E+001  0.000000000000000E+000  0.000000000000000E+000  0.000000000000000E+000  0.100000000000000E+001  0.590000000000000E+001  0.000000000000000E+000 -0.500000000000000E+000
  0.123125000000000E+001 -0.491247274813426E+004 -0.323635752511109E-001  0.310647623859656E+005 -0.773904150941235E+000 -0.103691576967406E+005 -0.392845628428404E+000  0.100000000000000E+001  0.000000000000000E+000  0.000000000000000E+000  0.000000000000000E+000  0.100000000000000E+001  0.000000000000000E+000  0.000000000000000E+000  0.000000000000000E+000  0.100000000000000E+001  0.590000000000000E+001  0.000000000000000E+000 -0.500000000000000E+000
  0.123437500000000E+001 -0.491314878222682E+004 -0.468241242638214E-001  0.310666141098459E+005 -0.171082249996834E+001 -0.103701115422649E+005 -0.401999608458027E+000  0.100000000000000E+001  0.000000000000000E+000  0.000000000000000E+000  0.000000000000000E+000  0.100000000000000E+001  0.000000000000000E+000  0.000000000000000E+000  0.000000000000000E+000  0.100000000000000E+001  0.590000000000000E+001  0.000000000000000E+000 -0.500000000000000E+000
  0.123750000000000E+001 -0.491378223475806E+004 -0.431615099287228E-001  0.310684922207613E+005 -0.207404362450325E+001 -0.103710494386393E+005 -0.429723897498661E+000  0.100000000000000E+001  0.000000000000000E+000  0.000000000000000E+000  0.000000000000000E+000  0.100000000000000E+001  0.000000000000000E+000  0.000000000000000E+000  0.000000000000000E+000  0.100000000000000E+001  0.590000000000000E+001  0.000000000000000E+000 -0.500000000000000E+000
  0.124062500000000E+001 -0.491437804344871E+004 -0.301631846805321E-001  0.310702767069735E+005 -0.227136671949120E+001 -0.103719277478380E+005 -0.470726778179596E+000  0.100000000000000E+001  0.000000000000000E+000  0.000000000000000E+000  0.000000000000000E+000  0.100000000000000E+001  0.000000000000000E+000  0.000000000000000E+000  0.000000000000000E+000  0.100000000000000E+001  0.590000000000000E+001  0.000000000000000E+000 -0.500000000000000E+000
  0.124375000000000E+001 -0.491502714008523E+004 -0.191368647861054E-001  0.310730638967451E+005 -0.349460814006306E+001 -0.103732750675812E+005 -0.607475092972891E+000  0.100000000000000E+001  0.000000000000000E+000  0.000000000000000E+000  0.000000000000000E+000  0.100000000000000E+001  0.000000000000000E+000  0.000000000000000E+000  0.000000000000000E+000  0.100000000000000E+001  0.590000000000000E+001  0.000000000000000E+000 -0.500000000000000E+000
  0.124687500000000E+001 -0.491546506365038E+004 -0.433605165062545E-001  0.310728294665682E+005 -0.346895840657089E+001 -0.103732065017429E+005 -0.676467904627316E+000  0.100000000000000E+001  0.000000000000000E+000  0.000000000000000E+000  0.000000000000000E+000  0.100000000000000E+001  0.000000000000000E+000  0.000000000000000E+000  0.000000000000000E+000  0.100000000000000E+001  0.590000000000000E+001  0.000000000000000E+000 -0.500000000000000E+000
  0.125000000000000E+001 -0.491599642787823E+004 -0.203968904447720E-001  0.310753381320324E+005 -0.504447522939881E+001 -0.103743351509343E+005 -0.863022325235761E+000  0.100000000000000E+001  0.000000000000000E+000  0.000000000000000E+000  0.000000000000000E+000  0.100000000000000E+001  0.000000000000000E+000  0.000000000000000E+000  0.000000000000000E+000  0.100000000000000E+001  0.590000000000000E+001  0.000000000000000E+000 -0.500000000000000E+000
  0.125312500000000E+001 -0.491638101769156E+004 -0.734872251573506E-001  0.310755138977059E+005 -0.440325470449898E+001 -0.103744086939327E+005 -0.907915302000220E+000  0.100000000000000E+001  0.000000000000000E+000  0.000000000000000E+000  0.000000000000000E+000  0.100000000000000E+001  0.000000000000000E+000  0.000000000000000E+000  0.000000000000000E+000  0.100000000000000E+001  0.590000000000000E+001  0.000000000000000E+000 -0.500000000000000E+000
  0.125625000000000E+001 -0.491678682965736E+004 -0.715742929733096E-001  0.310770978393256E+005 -0.306488926298334E+001 -0.103749679903937E+005 -0.851673297637717E+000  0.100000000000000E+001  0.000000000000000E+000  0.000000000000000E+000  0.000000000000000E+000  0.100000000000000E+001  0.000000000000000E+000  0.000000000000000E+000  0.000000000000000E+000  0.100000000000000E+001  0.590000000000000E+001  0.000000000000000E+000 -0.500000000000000E+000
  0.125937500000000E+001 -0.491730612600333E+004 -0.118601437718098E+000  0.310799581976529E+005 -0.248526282734383E+001 -0.103761828248281E+005 -0.780565273649700E+000  0.100000000000000E+001  0.000000000000000E+000  0.000000000000000E+000  0.000000000000000E+000  0.100000000000000E+001  0.000000000000000E+000  0.000000000000000E+000  0.000000000000000E+000  0.100000000000000E+001  0.590000000000000E+001  0.000000000000000E+000 -0.500000000000000E+000
  0.126250000000000E+001 -0.491769039273647E+004 -0.101195688187090E+000  0.310801789456488E+005 -0.238782870999421E+001 -0.103762965953161E+005 -0.682888664025995E+000  0.100000000000000E+001  0.000000000000000E+000  0.000000000000000E+000  0.000000000000000E+000  0.100000000000000E+001  0.000000000000000E+000  0.000000000000000E+000  0.000000000000000E+000  0.100000000000000E+001  0.590000000000000E+001  0.000000000000000E+000 -0.500000000000000E+000
  0.126562500000000E+001 -0.491806019810244E+004 -0.772285129341981E-001  0.310813250061032E+005 -0.190527884392213E+001 -0.103766715096972E+005 -0.621463492222574E+000  0.100000000000000E+001  0.000000000000000E+000  0.000000000000000E+000  0.000000000000000E+000  0.100000000000000E+001  0.000000000000000E+000  0.000000000000000E+000  0.000000000000000E+000  0.100000000000000E+001  0.590000000000000E+001  0.000000000000000E+000 -0.500000000000000E+000
  0.126875000000000E+001 -0.491840331384540E+004 -0.802146095811622E-001  0.310822137841566E+005 -0.185056888513645E+001 -0.103769908332692E+005 -0.554426506735581E+000  0.100000000000000E+001  0.000000000000000E+000  0.000000000000000E+000  0.000000000000000E+000  0.100000000000000E+001  0.000000000000000E+000  0.000000000000000E+000  0.000000000000000E+000  0.100000000000000E+001  0.590000000000000E+001  0.000000000000000E+000 -0.500000000000000E+000
  0.127187500000000E+001 -0.491871839369705E+004 -0.859604236661653E-001  0.310830260099936E+005 -0.195873185930395E+001 -0.103772707130722E+005 -0.505778021865808E+000  0.100000000000000E+001  0.000000000000000E+000  0.000000000000000E+000  0.000000000000000E+000  0.100000000000000E+001  0.000000000000000E+000  0.000000000000000E+000  0.000000000000000E+000  0.100000000000000E+001  0.590000000000000E+001  0.000000000000000E+000 -0.500000000000000E+000
  0.127500000000000E+001 -0.491899710471171E+004 -0.811309840605645E-001  0.310836535088572E+005 -0.185329930709850E+001 -0.103774838758236E+005 -0.469977322627528E+000  0.100000000000000E+001  0.000000000000000E+000  0.000000000000000E+000  0.000000000000000E+000  0.100000000000000E+001  0.000000000000000E+000  0.000000000000000E+000  0.000000000000000E+000  0.100000000000000E+001  0.590000000000000E+001  0.000000000000000E+000 -0.500000000000000E+000
  0.127812500000000E+001 -0.491922953371371E+004 -0.925602841111868E-001  0.310839473151430E+005 -0.342669008387747E+001 -0.103776587465700E+005 -0.555163261469716E+000  0.100000000000000E+001  0.000000000000000E+000  0.000000000000000E+000  0.000000000000000E+000  0.100000000000000E+001  0.000000000000000E+000  0.000000000000000E+000  0.000000000000000E+000  0.100000000000000E+001  0.590000000000000E+001  0.000000000000000E+000 -0.500000000000000E+000
  0.128125000000000E+001 -0.491943011027235E+004 -0.836674072102142E-001  0.310844081628871E+005 -0.282174963163561E+001 -0.103778187325702E+005 -0.563541906175487E+000  0.100000000000000E+001  0.000000000000000E+000  0.000000000000000E+000  0.000000000000000E+000  0.100000000000000E+001  0.000000000000000E+000  0.000000000000000E+000  0.000000000000000E+000  0.100000000000000E+001  0.590000000000000E+001  0.000000000000000E+000 -0.500000000000000E+000
  0.128437500000000E+001 -0.491958967597995E+004 -0.990028314913616E-001  0.310844734997492E+005 -0.426540127854241E+001 -0.103779484764052E+005 -0.670808045713784E+000  0.100000000000000E+001  0.000000000000000E+000  0.000000000000000E+000  0.000000000000000E+000  0.100000000000000E+001  0.000000000000000E+000  0.000000000000000E+000  0.000000000000000E+000  0.100000000000000E+001  0.590000000000000E+001  0.000000000000000E+000 -0.500000000000000E+000
  0.128750000000000E+001 -0.491964113833307E+004 -0.105938711408726E+000  0.310836967577826E+005 -0.419922664332989E+001 -0.103776326396037E+005 -0.732524488866147E+000  0.100000000000000E+001  0.000000000000000E+000  0.000000000000000E+000  0.000000000000000E+000  0.100000000000000E+001  0.000000000000000E+000  0.000000000000000E+000  0.000000000000000E+000  0.100000000000000E+001  0.590000000000000E+001  0.000000000000000E+000 -0.500000000000000E+000
  0.129062500000000E+001 -0.491983118749482E+004 -0.839624332129461E-001  0.310856239891129E+005 -0.452528719599650E+001 -0.103784153984338E+005 -0.862314472553408E+000  0.100000000000000E+001  0.000000000000000E+000  0.000000000000000E+000  0.000000000000000E+000  0.100000000000000E+001  0.000000000000000E+000  0.000000000000000E+000  0.000000000000000E+000  0.100000000000000E+001  0.590000000000000E+001  0.000000000000000E+000 -0.500000000000000E+000
  0.129375000000000E+001 -0.491980713168389E+004 -0.961186861409260E-001  0.310837687273857E+005 -0.403605466285080E+001 -0.103775047695722E+005 -0.849304904411838E+000  0.100000000000000E+001  0.000000000000000E+000  0.000000000000000E+000  0.000000000000000E+000  0.100000000000000E+001  0.000000000000000E+000  0.000000000000000E+000  0.000000000000000E+000  0.100000000000000E+001  0.590000000000000E+001  0.000000000000000E+000 -0.500000000000000E+000
  0.129687500000000E+001 -0.491999708689399E+004 -0.129505664477165E+000  0.310861634558525E+005 -0.454537748204893E+001 -0.103785029133011E+005 -0.912480320612303E+000  0.100000000000000E+001  0.000000000000000E+000  0.000000000000000E+000  0.000000000000000E+000  0.100000000000000E+001  0.000000000000000E+000  0.000000000000000E+000  0.000000000000000E+000  0.100000000000000E+001  0.590000000000000E+001  0.000000000000000E+000 -0.500000000000000E+000
  0.130000000000000E+001 -0.492007142322504E+004 -0.163289371447263E+000  0.310855694180881E+005 -0.512514576736430E+001 -0.103783393945826E+005 -0.971990649843065E+000  0.100000000000000E+001  0.000000000000000E+000  0.000000000000000E+000  0.000000000000000E+000  0.100000000000000E+001  0.000000000000000E+000  0.000000000000000E+000  0.000000000000000E+000  0.100000000000000E+001  0.590000000000000E+001  0.000000000000000E+000 -0.500000000000000E+000
  0.130312500000000E+001 -0.492007707411115E+004 -0.173476657837455E+000  0.310849053232320E+005 -0.473751538390934E+001 -0.103780830358024E+005 -0.973953559869187E+000  0.100000000000000E+001  0.000000000000000E+000  0.000000000000000E+000  0.000000000000000E+000  0.100000000000000E+001  0.000000000000000E+000  0.000000000000000E+000  0.000000000000000E+000  0.100000000000000E+001  0.590000000000000E+001  0.000000000000000E+000 -0.500000000000000E+000
  0.130625000000000E+001 -0.492023286974874E+004 -0.151431184968260E+000  0.310868046817407E+005 -0.511120767161628E+001 -0.103789317834412E+005 -0.104728763609000E+001  0.100000000000000E+001  0.000000000000000E+000  0.000000000000000E+000  0.000000000000000E+000  0.100000000000000E+001  0.000000000000000E+000  0.000000000000000E+000  0.000000000000000E+000  0.100000000000000E+001  0.590000000000000E+001  0.000000000000000E+000 -0.500000000000000E+000
  0.130937500000000E+001 -0.492027431991841E+004 -0.185326344215355E+000  0.310860083421562E+005 -0.596362521401170E+001 -0.103786765067722E+005 -0.112902809218576E+001  0.100000000000000E+001  0.000000000000000E+000  0.000000000000000E+000  0.000000000000000E+000  0.100000000000000E+001  0.000000000000000E+000  0.000000000000000E+000  0.000000000000000E+000  0.100000000000000E+001  0.590000000000000E+001  0.000000000000000E+000 -0.500000000000000E+000
  0.131250000000000E+001 -0.492027596153305E+004 -0.181784525075273E+000  0.310856944814246E+005 -0.436263074062299E+001 -0.103784442483536E+005 -0.108284141921376E+001  0.100000000000000E+001  0.000000000000000E+000  0.000000000000000E+000  0.000000000000000E+000  0.100000000000000E+001  0.000000000000000E+000  0.000000000000000E+000  0.000000000000000E+000  0.100000000000000E+001  0.590000000000000E+001  0.000000000000000E+000 -0.500000000000000E+000
  0.131562500000000E+001 -0.492028597824294E+004 -0.183591319551851E+000  0.310856782406414E+005 -0.463903212660080E+001 -0.103784657548349E+005 -0.106874318999326E+001  0.100000000000000E+001  0.000000000000000E+000  0.000000000000000E+000  0.000000000000000E+000  0.100000000000000E+001  0.000000000000000E+000  0.000000000000000E+000  0.000000000000000E+000  0.100000000000000E+001  0.590000000000000E+001  0.000000000000000E+000 -0.500000000000000E+000
  0.131875000000000E+001 -0.492031887360576E+004 -0.160388902234445E+000  0.310861138362649E+005 -0.341821631389030E+001 -0.103786150157361E+005 -0.956008684534936E+000  0.100000000000000E+001  0.000000000000000E+000  0.000000000000000E+000  0.000000000000000E+000  0.100000000000000E+001  0.000000000000000E+000  0.000000000000000E+000  0.000000000000000E+000  0.100000000000000E+001  0.590000000000000E+001  0.000000000000000E+000 -0.500000000000000E+000
  0.132187500000000E+001 -0.492049111347571E+004 -0.175572990036926E+000  0.310879192913336E+005 -0.645871605719003E+001 -0.103795453332814E+005 -0.117173231735796E+001  0.100000000000000E+001  0.000000000000000E+000  0.000000000000000E+000  0.000000000000000E+000  0.100000000000000E+001  0.000000000000000E+000  0.000000000000000E+000  0.000000000000000E+000  0.100000000000000E+001  0.590000000000000E+001  0.000000000000000E+000 -0.500000000000000E+000
  0.132500000000000E+001 -0.492059063234008E+004 -0.197627594351161E+000  0.310878356909944E+005 -0.650378057993657E+001 -0.103796231622158E+005 -0.126269066949862E+001  0.100000000000000E+001  0.000000000000000E+000  0.000000000000000E+000  0.000000000000000E+000  0.100000000000000E+001  0.000000000000000E+000  0.000000000000000E+000  0.000000000000000E+000  0.100000000000000E+001  0.590000000000000E+001  0.000000000000000E+000 -0.500000000000000E+000
  0.132812500000000E+001 -0.492056347301503E+004 -0.205736426860767E+000  0.310865317929178E+005 -0.574014632834587E+001 -0.103790883467820E+005 -0.127255691928440E+001  0.100000000000000E+001  0.000000000000000E+000  0.000000000000000E+000  0.000000000000000E+000  0.100000000000000E+001  0.000000000000000E+000  0.000000000000000E+000  0.000000000000000E+000  0.100000000000000E+001  0.590000000000000E+001  0.000000000000000E+000 -0.500000000000000E+000
  0.133125000000000E+001 -0.492062466611002E+004 -0.195147380749404E+000  0.310874088792794E+005 -0.634240138136374E+001 -0.103795339087615E+005 -0.133748663799179E+001  0.100000000000000E+001  0.000000000000000E+000  0.000000000000000E+000  0.000000000000000E+000  0.100000000000000E+001  0.000000000000000E+000  0.000000000000000E+000  0.000000000000000E+000  0.100000000000000E+001  0.590000000000000E+001  0.000000000000000E+000 -0.500000000000000E+000
  0.133437500000000E+001 -0.492064666211239E+004 -0.208826175055947E+000  0.310872382926062E+005 -0.647119661122997E+001 -0.103795217340460E+005 -0.140598864511230E+001  0.100000000000000E+001  0.000000000000000E+000  0.000000000000000E+000  0.000000000000000E+000  0.100000000000000E+001  0.000000000000000E+000  0.000000000000000E+000  0.000000000000000E+000  0.100000000000000E+001  0.590000000000000E+001  0.000000000000000E+000 -0.500000000000000E+000
  0.133750000000000E+001 -0.492063316900712E+004 -0.200305734779704E+000  0.310868737967874E+005 -0.555179257382406E+001 -0.103793895165539E+005 -0.136011079070158E+001  0.100000000000000E+001  0.000000000000000E+000  0.000000000000000E+000  0.000000000000000E+000  0.100000000000000E+001  0.000000000000000E+000  0.000000000000000E+000  0.000000000000000E+000  0.100000000000000E+001  0.590000000000000E+001  0.000000000000000E+000 -0.500000000000000E+000
  0.134062500000000E+001 -0.492067482489717E+004 -0.195575993762304E+000  0.310874994562512E+005 -0.602180695095012E+001 -0.103797007561279E+005 -0.139839943843799E+001  0.100000000000000E+001  0.000000000000000E+000  0.000000000000000E+000  0.000000000000000E+000  0.100000000000000E+001  0.000000000000000E+000  0.000000000000000E+000  0.000000000000000E+000  0.100000000000000E+001  0.590000000000000E+001  0.000000000000000E+000 -0.500000000000000E+000
  0.134375000000000E+001 -0.492071455578262E+004 -0.199547434258875E+000  0.310876965305275E+005 -0.589569518196367E+001 -0.103798067133430E+005 -0.140725042373833E+001  0.100000000000000E+001  0.000000000000000E+000  0.000000000000000E+000  0.000000000000000E+000  0.100000000000000E+001  0.000000000000000E+000  0.000000000000000E+000  0.000000000000000E+000  0.100000000000000E+001  0.590000000000000E+001  0.000000000000000E+000 -0.500000000000000E+000
  0.134687500000000E+001 -0.492077952404773E+004 -0.191166220959531E+000  0.310882450568870E+005 -0.438197394963936E+001 -0.103799371587202E+005 -0.130525316525564E+001  0.100000000000000E+001  0.000000000000000E+000  0.000000000000000E+000  0.000000000000000E+000  0.100000000000000E+001  0.000000000000000E+000  0.000000000000000E+000  0.000000000000000E+000  0.100000000000000E+001  0.590000000000000E+001  0.000000000000000E+000 -0.500000000000000E+000
  0.135000000000000E+001 -0.492085166942944E+004 -0.194064564937435E+000  0.310885588046698E+005 -0.367269595877588E+001 -0.103799622332778E+005 -0.117988100861385E+001  0.100000000000000E+001  0.000000000000000E+000  0.000000000000000E+000  0.000000000000000E+000  0.100000000000000E+001  0.000000000000000E+000  0.000000000000000E+000  0.000000000000000E+000  0.100000000000000E+001  0.590000000000000E+001  0.000000000000000E+000 -0.500000000000000E+000
  0.135312500000000E+001 -0.492092060718882E+004 -0.190467805312892E+000  0.310887633414490E+005 -0.315086922859336E+001 -0.103799546711131E+005 -0.104740212200795E+001  0.100000000000000E+001  0.000000000000000E+000  0.000000000000000E+000  0.000000000000000E+000  0.100000000000000E+001  0.000000000000000E+000  0.000000000000000E+000  0.000000000000000E+000  0.100000000000000E+001  0.590000000000000E+001  0.000000000000000E+000 -0.500000000000000E+000
  0.135625000000000E+001 -0.492101812063242E+004 -0.189594399827456E+000  0.310892566542659E+005 -0.498561392493139E+001 -0.103802251417828E+005 -0.110601515987855E+001  0.100000000000000E+001  0.000000000000000E+000  0.000000000000000E+000  0.000000000000000E+000  0.100000000000000E+001  0.000000000000000E+000  0.000000000000000E+000  0.000000000000000E+000  0.100000000000000E+001  0.590000000000000E+001  0.000000000000000E+000 -0.500000000000000E+000
  0.135937500000000E+001 -0.492099613704859E+004 -0.226835361494523E+000  0.310881420244654E+005 -0.420265390366694E+001 -0.103797849723350E+005 -0.105302153753655E+001  0.100000000000000E+001  0.000000000000000E+000  0.000000000000000E+000  0.000000000000000E+000  0.100000000000000E+001  0.000000000000000E+000  0.000000000000000E+000  0.000000000000000E+000  0.100000000000000E+001  0.590000000000000E+001  0.000000000000000E+000 -0.500000000000000E+000
  0.136250000000000E+001 -0.492103480961429E+004 -0.146820757953719E+000  0.310886364672519E+005 -0.552668407691090E+001 -0.103800603959851E+005 -0.113212804788145E+001  0.100000000000000E+001  0.000000000000000E+000  0.000000000000000E+000  0.000000000000000E+000  0.100000000000000E+001  0.000000000000000E+000  0.000000000000000E+000  0.000000000000000E+000  0.100000000000000E+001  0.590000000000000E+001  0.000000000000000E+000 -0.500000000000000E+000
  0.136562500000000E+001 -0.492095003745532E+004 -0.184095978067035E+000  0.310873182606674E+005 -0.292133955367171E+001 -0.103794389635515E+005 -0.963411272785379E+000  0.100000000000000E+001  0.000000000000000E+000  0.000000000000000E+000  0.000000000000000E+000  0.100000000000000E+001  0.000000000000000E+000  0.000000000000000E+000  0.000000000000000E+000  0.100000000000000E+001  0.590000000000000E+001  0.000000000000000E+000 -0.500000000000000E+000
  0.136875000000000E+001 -0.492100397163780E+004 -0.142287665011281E+000  0.310886092611286E+005 -0.676494549098425E+001 -0.103800525051038E+005 -0.121874168845352E+001  0.100000000000000E+001  0.000000000000000E+000  0.000000000000000E+000  0.000000000000000E+000  0.100000000000000E+001  0.000000000000000E+000  0.000000000000000E+000  0.000000000000000E+000  0.100000000000000E+001  0.590000000000000E+001  0.000000000000000E+000 -0.500000000000000E+000
  0.137187500000000E+001 -0.492093068227514E+004 -0.186132758959957E+000  0.310874036195641E+005 -0.590399581845850E+001 -0.103795195137861E+005 -0.125599968986626E+001  0.100000000000000E+001  0.000000000000000E+000  0.000000000000000E+000  0.000000000000000E+000  0.100000000000000E+001  0.000000000000000E+000  0.000000000000000E+000  0.000000000000000E+000  0.100000000000000E+001  0.590000000000000E+001  0.000000000000000E+000 -0.500000000000000E+000
  0.137500000000000E+001 -0.492089938562091E+004 -0.179814978282138E+000  0.310875226746310E+005 -0.621296988565155E+001 -0.103796045978079E+005 -0.133225793227302E+001  0.100000000000000E+001  0.000000000000000E+000  0.000000000000000E+000  0.000000000000000E+000  0.100000000000000E+001  0.000000000000000E+000  0.000000000000000E+000  0.000000000000000E+000  0.100000000000000E+001  0.590000000000000E+001  0.000000000000000E+000 -0.500000000000000E+000
  0.137812500000000E+001 -0.492089632299792E+004 -0.164688059031960E+000  0.310877816650026E+005 -0.710260966757050E+001 -0.103798062530295E+005 -0.141777779594031E+001  0.100000000000000E+001  0.000000000000000E+000  0.000000000000000E+000  0.000000000000000E+000  0.100000000000000E+001  0.000000000000000E+000  0.000000000000000E+000  0.000000000000000E+000  0.100000000000000E+001  0.590000000000000E+001  0.000000000000000E+000 -0.500000000000000E+000
  0.138125000000000E+001 -0.492102640901923E+004 -0.287161089266647E+000  0.310894679019152E+005 -0.125297473956743E+001 -0.103806495670205E+005 -0.951768158820414E+000  0.100000000000000E+001  0.000000000000000E+000  0.000000000000000E+000  0.000000000000000E+000  0.100000000000000E+001  0.000000000000000E+000  0.000000000000000E+000  0.000000000000000E+000  0.100000000000000E+001  0.590000000000000E+001  0.000000000000000E+000 -0.500000000000000E+000
  0.138437500000000E+001 -0.492096680786290E+004 -0.134589670270088E+000  0.310877391087614E+005 -0.492501958741923E+001 -0.103798649728860E+005 -0.113439657958770E+001  0.100000000000000E+001  0.000000000000000E+000  0.000000000000000E+000  0.000000000000000E+000  0.100000000000000E+001  0.000000000000000E+000  0.000000000000000E+000  0.000000000000000E+000  0.100000000000000E+001  0.590000000000000E+001  0.000000000000000E+000 -0.500000000000000E+000
  0.138750000000000E+001 -0.492091461509293E+004 -0.123498262072644E+000  0.310874898276440E+005 -0.274658690507931E+001 -0.103795744232029E+005 -0.982059944123648E+000  0.100000000000000E+001  0.000000000000000E+000  0.000000000000000E+000  0.000000000000000E+000  0.100000000000000E+001  0.000000000000000E+000  0.000000000000000E+000  0.000000000000000E+000  0.100000000000000E+001  0.590000000000000E+001  0.000000000000000E+000 -0.500000000000000E+000
  0.139062500000000E+001 -0.492089838339693E+004 -0.159015814075246E+000  0.310877050876617E+005 -0.235081342874764E+001 -0.103795258829530E+005 -0.886427571243985E+000  0.100000000000000E+001  0.000000000000000E+000  0.000000000000000E+000  0.000000000000000E+000  0.100000000000000E+001  0.000000000000000E+000  0.000000000000000E+000  0.000000000000000E+000  0.100000000000000E+001  0.590000000000000E+001  0.000000000000000E+000 -0.500000000000000E+000
  0.139375000000000E+001 -0.492098027602570E+004 -0.137418675442859E+000  0.310889007218894E+005 -0.264059654597077E+001 -0.103799578660100E+005 -0.843592616538444E+000  0.100000000000000E+001  0.000000000000000E+000  0.000000000000000E+000  0.000000000000000E+000  0.100000000000000E+001  0.000000000000000E+000  0.000000000000000E+000  0.000000000000000E+000  0.100000000000000E+001  0.590000000000000E+001  0.000000000000000E+000 -0.500000000000000E+000
  0.139687500000000E+001 -0.492109738269054E+004 -0.116088554766975E+000  0.310897199197911E+005 -0.313221770826931E+001 -0.103802568630385E+005 -0.832856042335152E+000  0.100000000000000E+001  0.000000000000000E+000  0.000000000000000E+000  0.000000000000000E+000  0.100000000000000E+001  0.000000000000000E+000  0.000000000000000E+000  0.000000000000000E+000  0.100000000000000E+001  0.590000000000000E+001  0.000000000000000E+000 -0.500000000000000E+000
  0.140000000000000E+001 -0.492106176412115E+004 -0.165519581149056E+000  0.310882299142207E+005 -0.158204256001045E+001 -0.103795296954354E+005 -0.653919840068738E+000  0.100000000000000E+001  0.000000000000000E+000  0.000000000000000E+000  0.000000000000000E+000  0.100000000000000E+001  0.000000000000000E+000  0.000000000000000E+000  0.000000000000000E+000  0.100000000000000E+001  0.590000000000000E+001  0.000000000000000E+000 -0.500000000000000E+000

