 # Integral loads: N.components: 4
 #                 Ref.sys     : Stability
 #                 Components  : wing_right , wing_left , tail_right , tail_left
 #  t , Fx , Fy , Fz , Mx , My , Mz , ref_mat(9) , ref_off(3) 
  0.100000000000000E+001  0.613150634373459E+002  0.179860690069518E-001  0.174586043625561E+004  0.134387583998432E-001 -0.119651956920461E+005  0.150653693418008E+000  0.100000000000000E+001  0.000000000000000E+000  0.000000000000000E+000  0.000000000000000E+000  0.100000000000000E+001  0.000000000000000E+000  0.000000000000000E+000  0.000000000000000E+000  0.100000000000000E+001  0.100000000000000E+001  0.000000000000000E+000  0.000000000000000E+000
  0.102500000000000E+001 -0.312404410765917E+003  0.516325883253899E-002  0.140352410390689E+004  0.154709207882888E-001 -0.929216132582522E+004  0.392501992146208E-001  0.100000000000000E+001  0.000000000000000E+000  0.000000000000000E+000  0.000000000000000E+000  0.100000000000000E+001  0.000000000000000E+000  0.000000000000000E+000  0.000000000000000E+000  0.100000000000000E+001  0.100000000000000E+001  0.000000000000000E+000  0.000000000000000E+000
  0.105000000000000E+001 -0.313068956374483E+003  0.587051241757308E-002  0.142643050337004E+004  0.135703604905189E-001 -0.934737712159971E+004  0.448111842463277E-001  0.100000000000000E+001  0.000000000000000E+000  0.000000000000000E+000  0.000000000000000E+000  0.100000000000000E+001  0.000000000000000E+000  0.000000000000000E+000  0.000000000000000E+000  0.100000000000000E+001  0.100000000000000E+001  0.000000000000000E+000  0.000000000000000E+000
  0.107500000000000E+001 -0.315818793346899E+003  0.801743772223062E-002  0.142134564576217E+004  0.862270899165196E-002 -0.921465568145538E+004  0.645792923725139E-001  0.100000000000000E+001  0.000000000000000E+000  0.000000000000000E+000  0.000000000000000E+000  0.100000000000000E+001  0.000000000000000E+000  0.000000000000000E+000  0.000000000000000E+000  0.100000000000000E+001  0.100000000000000E+001  0.000000000000000E+000  0.000000000000000E+000
  0.110000000000000E+001 -0.317103851271321E+003  0.901106628192849E-002  0.141809700015337E+004  0.587980558844947E-002 -0.912374995911373E+004  0.740614777320161E-001  0.100000000000000E+001  0.000000000000000E+000  0.000000000000000E+000  0.000000000000000E+000  0.100000000000000E+001  0.000000000000000E+000  0.000000000000000E+000  0.000000000000000E+000  0.100000000000000E+001  0.100000000000000E+001  0.000000000000000E+000  0.000000000000000E+000
  0.112500000000000E+001 -0.316968664389402E+003  0.880904450566788E-002  0.142828815382762E+004  0.622823682886064E-002 -0.917914418842372E+004  0.718316428401522E-001  0.100000000000000E+001  0.000000000000000E+000  0.000000000000000E+000  0.000000000000000E+000  0.100000000000000E+001  0.000000000000000E+000  0.000000000000000E+000  0.000000000000000E+000  0.100000000000000E+001  0.100000000000000E+001  0.000000000000000E+000  0.000000000000000E+000
  0.115000000000000E+001 -0.316973374754050E+003  0.881746831656471E-002  0.143597745795493E+004  0.626519692104921E-002 -0.922356549351701E+004  0.717396782551987E-001  0.100000000000000E+001  0.000000000000000E+000  0.000000000000000E+000  0.000000000000000E+000  0.100000000000000E+001  0.000000000000000E+000  0.000000000000000E+000  0.000000000000000E+000  0.100000000000000E+001  0.100000000000000E+001  0.000000000000000E+000  0.000000000000000E+000
  0.117500000000000E+001 -0.317052030325110E+003  0.886449271334300E-002  0.144114576762409E+004  0.619403284946429E-002 -0.925184242144517E+004  0.721001603938021E-001  0.100000000000000E+001  0.000000000000000E+000  0.000000000000000E+000  0.000000000000000E+000  0.100000000000000E+001  0.000000000000000E+000  0.000000000000000E+000  0.000000000000000E+000  0.100000000000000E+001  0.100000000000000E+001  0.000000000000000E+000  0.000000000000000E+000
  0.120000000000000E+001 -0.317201277673710E+003  0.891551694657267E-002  0.144763727808499E+004  0.614795166353588E-002 -0.928862760951012E+004  0.725255667400688E-001  0.100000000000000E+001  0.000000000000000E+000  0.000000000000000E+000  0.000000000000000E+000  0.100000000000000E+001  0.000000000000000E+000  0.000000000000000E+000  0.000000000000000E+000  0.100000000000000E+001  0.100000000000000E+001  0.000000000000000E+000  0.000000000000000E+000
  0.122500000000000E+001 -0.317275156137845E+003  0.894068589720121E-002  0.144963813762906E+004  0.609415071784269E-002 -0.929831443861012E+004  0.727287634047116E-001  0.100000000000000E+001  0.000000000000000E+000  0.000000000000000E+000  0.000000000000000E+000  0.100000000000000E+001  0.000000000000000E+000  0.000000000000000E+000  0.000000000000000E+000  0.100000000000000E+001  0.100000000000000E+001  0.000000000000000E+000  0.000000000000000E+000
  0.125000000000000E+001 -0.317363823030835E+003  0.896810729422270E-002  0.145261330719879E+004  0.605354408332914E-002 -0.931461181174293E+004  0.729610126275020E-001  0.100000000000000E+001  0.000000000000000E+000  0.000000000000000E+000  0.000000000000000E+000  0.100000000000000E+001  0.000000000000000E+000  0.000000000000000E+000  0.000000000000000E+000  0.100000000000000E+001  0.100000000000000E+001  0.000000000000000E+000  0.000000000000000E+000
  0.127500000000000E+001 -0.317648470159921E+003  0.902612605089814E-002  0.146371378007246E+004  0.602444422344206E-002 -0.937945065867317E+004  0.734735573944363E-001  0.100000000000000E+001  0.000000000000000E+000  0.000000000000000E+000  0.000000000000000E+000  0.100000000000000E+001  0.000000000000000E+000  0.000000000000000E+000  0.000000000000000E+000  0.100000000000000E+001  0.100000000000000E+001  0.000000000000000E+000  0.000000000000000E+000
  0.130000000000000E+001 -0.317670924715600E+003  0.903818696188807E-002  0.146240619434223E+004  0.596275766952203E-002 -0.936922404404916E+004  0.735677847702618E-001  0.100000000000000E+001  0.000000000000000E+000  0.000000000000000E+000  0.000000000000000E+000  0.100000000000000E+001  0.000000000000000E+000  0.000000000000000E+000  0.000000000000000E+000  0.100000000000000E+001  0.100000000000000E+001  0.000000000000000E+000  0.000000000000000E+000
  0.132500000000000E+001 -0.317703007140973E+003  0.904813141804084E-002  0.146296194063539E+004  0.593513683207902E-002 -0.937122480674321E+004  0.736467730723689E-001  0.100000000000000E+001  0.000000000000000E+000  0.000000000000000E+000  0.000000000000000E+000  0.100000000000000E+001  0.000000000000000E+000  0.000000000000000E+000  0.000000000000000E+000  0.100000000000000E+001  0.100000000000000E+001  0.000000000000000E+000  0.000000000000000E+000
  0.135000000000000E+001 -0.317736134841146E+003  0.906020714070621E-002  0.146335157089266E+004  0.590487716817734E-002 -0.937248776243880E+004  0.737523787752252E-001  0.100000000000000E+001  0.000000000000000E+000  0.000000000000000E+000  0.000000000000000E+000  0.100000000000000E+001  0.000000000000000E+000  0.000000000000000E+000  0.000000000000000E+000  0.100000000000000E+001  0.100000000000000E+001  0.000000000000000E+000  0.000000000000000E+000
  0.137500000000000E+001 -0.317755154226819E+003  0.906815472583844E-002  0.146362611272358E+004  0.588424249252739E-002 -0.937340315881264E+004  0.738229764980360E-001  0.100000000000000E+001  0.000000000000000E+000  0.000000000000000E+000  0.000000000000000E+000  0.100000000000000E+001  0.000000000000000E+000  0.000000000000000E+000  0.000000000000000E+000  0.100000000000000E+001  0.100000000000000E+001  0.000000000000000E+000  0.000000000000000E+000
  0.140000000000000E+001 -0.317764244377138E+003  0.907108942905666E-002  0.146387001938916E+004  0.587670913409966E-002 -0.937453027601675E+004  0.738465762058240E-001  0.100000000000000E+001  0.000000000000000E+000  0.000000000000000E+000  0.000000000000000E+000  0.100000000000000E+001  0.000000000000000E+000  0.000000000000000E+000  0.000000000000000E+000  0.100000000000000E+001  0.100000000000000E+001  0.000000000000000E+000  0.000000000000000E+000
  0.142500000000000E+001 -0.317770338643786E+003  0.907316202879827E-002  0.146404909384373E+004  0.587204882049264E-002 -0.937540649604062E+004  0.738633770080241E-001  0.100000000000000E+001  0.000000000000000E+000  0.000000000000000E+000  0.000000000000000E+000  0.100000000000000E+001  0.000000000000000E+000  0.000000000000000E+000  0.000000000000000E+000  0.100000000000000E+001  0.100000000000000E+001  0.000000000000000E+000  0.000000000000000E+000
  0.145000000000000E+001 -0.317774943869085E+003  0.907472801813469E-002  0.146418464368378E+004  0.586873135762289E-002 -0.937608656067568E+004  0.738763474438429E-001  0.100000000000000E+001  0.000000000000000E+000  0.000000000000000E+000  0.000000000000000E+000  0.100000000000000E+001  0.000000000000000E+000  0.000000000000000E+000  0.000000000000000E+000  0.100000000000000E+001  0.100000000000000E+001  0.000000000000000E+000  0.000000000000000E+000
  0.147500000000000E+001 -0.317778737235506E+003  0.907596866613858E-002  0.146429900962541E+004  0.586630803041999E-002 -0.937668040812225E+004  0.738867856988463E-001  0.100000000000000E+001  0.000000000000000E+000  0.000000000000000E+000  0.000000000000000E+000  0.100000000000000E+001  0.000000000000000E+000  0.000000000000000E+000  0.000000000000000E+000  0.100000000000000E+001  0.100000000000000E+001  0.000000000000000E+000  0.000000000000000E+000
  0.150000000000000E+001 -0.317781255601668E+003  0.907677572639898E-002  0.146436609549828E+004  0.586457217303860E-002 -0.937701437746215E+004  0.738935365646967E-001  0.100000000000000E+001  0.000000000000000E+000  0.000000000000000E+000  0.000000000000000E+000  0.100000000000000E+001  0.000000000000000E+000  0.000000000000000E+000  0.000000000000000E+000  0.100000000000000E+001  0.100000000000000E+001  0.000000000000000E+000  0.000000000000000E+000
  0.152500000000000E+001 -0.317783574173792E+003  0.907740914594513E-002  0.146443500492984E+004  0.586342156196906E-002 -0.937737802306004E+004  0.738988814641743E-001  0.100000000000000E+001  0.000000000000000E+000  0.000000000000000E+000  0.000000000000000E+000  0.100000000000000E+001  0.000000000000000E+000  0.000000000000000E+000  0.000000000000000E+000  0.100000000000000E+001  0.100000000000000E+001  0.000000000000000E+000  0.000000000000000E+000
  0.155000000000000E+001 -0.317785912717708E+003  0.907798644793445E-002  0.146450856198924E+004  0.586255640234867E-002 -0.937778001809952E+004  0.739038264370038E-001  0.100000000000000E+001  0.000000000000000E+000  0.000000000000000E+000  0.000000000000000E+000  0.100000000000000E+001  0.000000000000000E+000  0.000000000000000E+000  0.000000000000000E+000  0.100000000000000E+001  0.100000000000000E+001  0.000000000000000E+000  0.000000000000000E+000
  0.157500000000000E+001 -0.317786963898270E+003  0.907829813893102E-002  0.146452895240808E+004  0.586177635005924E-002 -0.937786951448321E+004  0.739064266249443E-001  0.100000000000000E+001  0.000000000000000E+000  0.000000000000000E+000  0.000000000000000E+000  0.100000000000000E+001  0.000000000000000E+000  0.000000000000000E+000  0.000000000000000E+000  0.100000000000000E+001  0.100000000000000E+001  0.000000000000000E+000  0.000000000000000E+000
  0.160000000000000E+001 -0.317787707974985E+003  0.907852855878843E-002  0.146454520665484E+004  0.586123131222394E-002 -0.937794437841803E+004  0.739083579203452E-001  0.100000000000000E+001  0.000000000000000E+000  0.000000000000000E+000  0.000000000000000E+000  0.100000000000000E+001  0.000000000000000E+000  0.000000000000000E+000  0.000000000000000E+000  0.100000000000000E+001  0.100000000000000E+001  0.000000000000000E+000  0.000000000000000E+000
  0.162500000000000E+001 -0.317788257673957E+003  0.907870841258784E-002  0.146455633849961E+004  0.586080980025372E-002 -0.937799468659579E+004  0.739098951619326E-001  0.100000000000000E+001  0.000000000000000E+000  0.000000000000000E+000  0.000000000000000E+000  0.100000000000000E+001  0.000000000000000E+000  0.000000000000000E+000  0.000000000000000E+000  0.100000000000000E+001  0.100000000000000E+001  0.000000000000000E+000  0.000000000000000E+000
  0.165000000000000E+001 -0.317788619405693E+003  0.907883087590733E-002  0.146456407947489E+004  0.586051953689548E-002 -0.937802987225422E+004  0.739109445531767E-001  0.100000000000000E+001  0.000000000000000E+000  0.000000000000000E+000  0.000000000000000E+000  0.100000000000000E+001  0.000000000000000E+000  0.000000000000000E+000  0.000000000000000E+000  0.100000000000000E+001  0.100000000000000E+001  0.000000000000000E+000  0.000000000000000E+000
  0.167500000000000E+001 -0.317788851179313E+003  0.907890533085265E-002  0.146456971113905E+004  0.586034721692386E-002 -0.937805661620392E+004  0.739115698424939E-001  0.100000000000000E+001  0.000000000000000E+000  0.000000000000000E+000  0.000000000000000E+000  0.100000000000000E+001  0.000000000000000E+000  0.000000000000000E+000  0.000000000000000E+000  0.100000000000000E+001  0.100000000000000E+001  0.000000000000000E+000  0.000000000000000E+000
  0.170000000000000E+001 -0.317789008761125E+003  0.907895580340323E-002  0.146457372138169E+004  0.586023398295765E-002 -0.937807604727227E+004  0.739119923879343E-001  0.100000000000000E+001  0.000000000000000E+000  0.000000000000000E+000  0.000000000000000E+000  0.100000000000000E+001  0.000000000000000E+000  0.000000000000000E+000  0.000000000000000E+000  0.100000000000000E+001  0.100000000000000E+001  0.000000000000000E+000  0.000000000000000E+000
  0.172500000000000E+001 -0.317789120716907E+003  0.907899122262279E-002  0.146457664682580E+004  0.586015670518236E-002 -0.937809045317754E+004  0.739122895414539E-001  0.100000000000000E+001  0.000000000000000E+000  0.000000000000000E+000  0.000000000000000E+000  0.100000000000000E+001  0.000000000000000E+000  0.000000000000000E+000  0.000000000000000E+000  0.100000000000000E+001  0.100000000000000E+001  0.000000000000000E+000  0.000000000000000E+000
  0.175000000000000E+001 -0.317789202053715E+003  0.907901667306987E-002  0.146457880590460E+004  0.586010242494694E-002 -0.937810122617124E+004  0.739125038581960E-001  0.100000000000000E+001  0.000000000000000E+000  0.000000000000000E+000  0.000000000000000E+000  0.100000000000000E+001  0.000000000000000E+000  0.000000000000000E+000  0.000000000000000E+000  0.100000000000000E+001  0.100000000000000E+001  0.000000000000000E+000  0.000000000000000E+000
  0.177500000000000E+001 -0.317789259341096E+003  0.907903418438138E-002  0.146458029428301E+004  0.586006483428037E-002 -0.937810861259776E+004  0.739126509915877E-001  0.100000000000000E+001  0.000000000000000E+000  0.000000000000000E+000  0.000000000000000E+000  0.100000000000000E+001  0.000000000000000E+000  0.000000000000000E+000  0.000000000000000E+000  0.100000000000000E+001  0.100000000000000E+001  0.000000000000000E+000  0.000000000000000E+000
  0.180000000000000E+001 -0.317789303150306E+003  0.907904723548825E-002  0.146458147278542E+004  0.586003814197511E-002 -0.937811458584497E+004  0.739127613697974E-001  0.100000000000000E+001  0.000000000000000E+000  0.000000000000000E+000  0.000000000000000E+000  0.100000000000000E+001  0.000000000000000E+000  0.000000000000000E+000  0.000000000000000E+000  0.100000000000000E+001  0.100000000000000E+001  0.000000000000000E+000  0.000000000000000E+000
  0.182500000000000E+001 -0.317789336444414E+003  0.907905663173381E-002  0.146458237088307E+004  0.586001904042632E-002 -0.937811917394440E+004  0.739128406891041E-001  0.100000000000000E+001  0.000000000000000E+000  0.000000000000000E+000  0.000000000000000E+000  0.100000000000000E+001  0.000000000000000E+000  0.000000000000000E+000  0.000000000000000E+000  0.100000000000000E+001  0.100000000000000E+001  0.000000000000000E+000  0.000000000000000E+000
  0.185000000000000E+001 -0.317789357798092E+003  0.907906298689909E-002  0.146458288702784E+004  0.586000528164732E-002 -0.937812168313885E+004  0.739128941695526E-001  0.100000000000000E+001  0.000000000000000E+000  0.000000000000000E+000  0.000000000000000E+000  0.100000000000000E+001  0.000000000000000E+000  0.000000000000000E+000  0.000000000000000E+000  0.100000000000000E+001  0.100000000000000E+001  0.000000000000000E+000  0.000000000000000E+000
  0.187500000000000E+001 -0.317789372582133E+003  0.907906762196831E-002  0.146458324093794E+004  0.585999497400280E-002 -0.937812339103290E+004  0.739129334064046E-001  0.100000000000000E+001  0.000000000000000E+000  0.000000000000000E+000  0.000000000000000E+000  0.100000000000000E+001  0.000000000000000E+000  0.000000000000000E+000  0.000000000000000E+000  0.100000000000000E+001  0.100000000000000E+001  0.000000000000000E+000  0.000000000000000E+000
  0.190000000000000E+001 -0.317789382950023E+003  0.907907081948167E-002  0.146458348426388E+004  0.585998783446939E-002 -0.937812455678902E+004  0.739129604022537E-001  0.100000000000000E+001  0.000000000000000E+000  0.000000000000000E+000  0.000000000000000E+000  0.100000000000000E+001  0.000000000000000E+000  0.000000000000000E+000  0.000000000000000E+000  0.100000000000000E+001  0.100000000000000E+001  0.000000000000000E+000  0.000000000000000E+000
  0.192500000000000E+001 -0.317789390062030E+003  0.907907310278233E-002  0.146458365333954E+004  0.585998224818240E-002 -0.937812536725878E+004  0.739129798276963E-001  0.100000000000000E+001  0.000000000000000E+000  0.000000000000000E+000  0.000000000000000E+000  0.100000000000000E+001  0.000000000000000E+000  0.000000000000000E+000  0.000000000000000E+000  0.100000000000000E+001  0.100000000000000E+001  0.000000000000000E+000  0.000000000000000E+000
  0.195000000000000E+001 -0.317789394917689E+003  0.907907467099278E-002  0.146458377231983E+004  0.585997897002244E-002 -0.937812594263226E+004  0.739129931273510E-001  0.100000000000000E+001  0.000000000000000E+000  0.000000000000000E+000  0.000000000000000E+000  0.100000000000000E+001  0.000000000000000E+000  0.000000000000000E+000  0.000000000000000E+000  0.100000000000000E+001  0.100000000000000E+001  0.000000000000000E+000  0.000000000000000E+000
  0.197500000000000E+001 -0.317789398276160E+003  0.907907563441768E-002  0.146458385609310E+004  0.585997657628923E-002 -0.937812635046474E+004  0.739130010609870E-001  0.100000000000000E+001  0.000000000000000E+000  0.000000000000000E+000  0.000000000000000E+000  0.100000000000000E+001  0.000000000000000E+000  0.000000000000000E+000  0.000000000000000E+000  0.100000000000000E+001  0.100000000000000E+001  0.000000000000000E+000  0.000000000000000E+000
  0.200000000000000E+001 -0.317789400632749E+003  0.907907652701567E-002  0.146458391566317E+004  0.585997461678289E-002 -0.937812664240904E+004  0.739130088782076E-001  0.100000000000000E+001  0.000000000000000E+000  0.000000000000000E+000  0.000000000000000E+000  0.100000000000000E+001  0.000000000000000E+000  0.000000000000000E+000  0.000000000000000E+000  0.100000000000000E+001  0.100000000000000E+001  0.000000000000000E+000  0.000000000000000E+000
  0.202500000000000E+001 -0.317789402297649E+003  0.907907692732124E-002  0.146458395805237E+004  0.585997441351083E-002 -0.937812685116696E+004  0.739130120656455E-001  0.100000000000000E+001  0.000000000000000E+000  0.000000000000000E+000  0.000000000000000E+000  0.100000000000000E+001  0.000000000000000E+000  0.000000000000000E+000  0.000000000000000E+000  0.100000000000000E+001  0.100000000000000E+001  0.000000000000000E+000  0.000000000000000E+000
  0.205000000000000E+001 -0.317789403471654E+003  0.907907717542855E-002  0.146458398790482E+004  0.585997318927411E-002 -0.937812699832943E+004  0.739130139633062E-001  0.100000000000000E+001  0.000000000000000E+000  0.000000000000000E+000  0.000000000000000E+000  0.100000000000000E+001  0.000000000000000E+000  0.000000000000000E+000  0.000000000000000E+000  0.100000000000000E+001  0.100000000000000E+001  0.000000000000000E+000  0.000000000000000E+000
  0.207500000000000E+001 -0.317789404315176E+003  0.907907755289727E-002  0.146458400954188E+004  0.585997269712379E-002 -0.937812710565650E+004  0.739130173474223E-001  0.100000000000000E+001  0.000000000000000E+000  0.000000000000000E+000  0.000000000000000E+000  0.100000000000000E+001  0.000000000000000E+000  0.000000000000000E+000  0.000000000000000E+000  0.100000000000000E+001  0.100000000000000E+001  0.000000000000000E+000  0.000000000000000E+000
  0.210000000000000E+001 -0.317789404917048E+003  0.907907766212190E-002  0.146458402491782E+004  0.585997219928913E-002 -0.937812718195790E+004  0.739130181478913E-001  0.100000000000000E+001  0.000000000000000E+000  0.000000000000000E+000  0.000000000000000E+000  0.100000000000000E+001  0.000000000000000E+000  0.000000000000000E+000  0.000000000000000E+000  0.100000000000000E+001  0.100000000000000E+001  0.000000000000000E+000  0.000000000000000E+000
  0.212500000000000E+001 -0.317789405332143E+003  0.907907790796969E-002  0.146458403524867E+004  0.585997160925444E-002 -0.937812723261706E+004  0.739130204450476E-001  0.100000000000000E+001  0.000000000000000E+000  0.000000000000000E+000  0.000000000000000E+000  0.100000000000000E+001  0.000000000000000E+000  0.000000000000000E+000  0.000000000000000E+000  0.100000000000000E+001  0.100000000000000E+001  0.000000000000000E+000  0.000000000000000E+000
  0.215000000000000E+001 -0.317789405621339E+003  0.907907794237417E-002  0.146458404238203E+004  0.585997208730760E-002 -0.937812726743828E+004  0.739130206328582E-001  0.100000000000000E+001  0.000000000000000E+000  0.000000000000000E+000  0.000000000000000E+000  0.100000000000000E+001  0.000000000000000E+000  0.000000000000000E+000  0.000000000000000E+000  0.100000000000000E+001  0.100000000000000E+001  0.000000000000000E+000  0.000000000000000E+000
  0.217500000000000E+001 -0.317789405823253E+003  0.907907798350038E-002  0.146458404733063E+004  0.585997137693539E-002 -0.937812729152340E+004  0.739130209307177E-001  0.100000000000000E+001  0.000000000000000E+000  0.000000000000000E+000  0.000000000000000E+000  0.100000000000000E+001  0.000000000000000E+000  0.000000000000000E+000  0.000000000000000E+000  0.100000000000000E+001  0.100000000000000E+001  0.000000000000000E+000  0.000000000000000E+000
  0.220000000000000E+001 -0.317789405963610E+003  0.907907806028163E-002  0.146458405077936E+004  0.585997169878283E-002 -0.937812730830220E+004  0.739130216469448E-001  0.100000000000000E+001  0.000000000000000E+000  0.000000000000000E+000  0.000000000000000E+000  0.100000000000000E+001  0.000000000000000E+000  0.000000000000000E+000  0.000000000000000E+000  0.100000000000000E+001  0.100000000000000E+001  0.000000000000000E+000  0.000000000000000E+000
  0.222500000000000E+001 -0.317789406061091E+003  0.907907811657083E-002  0.146458405319260E+004  0.585997095100765E-002 -0.937812732006594E+004  0.739130221376172E-001  0.100000000000000E+001  0.000000000000000E+000  0.000000000000000E+000  0.000000000000000E+000  0.100000000000000E+001  0.000000000000000E+000  0.000000000000000E+000  0.000000000000000E+000  0.100000000000000E+001  0.100000000000000E+001  0.000000000000000E+000  0.000000000000000E+000
  0.225000000000000E+001 -0.317789406129014E+003  0.907907803465946E-002  0.146458405488474E+004  0.585997145742567E-002 -0.937812732833172E+004  0.739130212928103E-001  0.100000000000000E+001  0.000000000000000E+000  0.000000000000000E+000  0.000000000000000E+000  0.100000000000000E+001  0.000000000000000E+000  0.000000000000000E+000  0.000000000000000E+000  0.100000000000000E+001  0.100000000000000E+001  0.000000000000000E+000  0.000000000000000E+000
  0.227500000000000E+001 -0.317789406176561E+003  0.907907796700158E-002  0.146458405607550E+004  0.585997171026520E-002 -0.937812733416287E+004  0.739130205899983E-001  0.100000000000000E+001  0.000000000000000E+000  0.000000000000000E+000  0.000000000000000E+000  0.100000000000000E+001  0.000000000000000E+000  0.000000000000000E+000  0.000000000000000E+000  0.100000000000000E+001  0.100000000000000E+001  0.000000000000000E+000  0.000000000000000E+000
  0.230000000000000E+001 -0.317789406209919E+003  0.907907799977181E-002  0.146458405691378E+004  0.585997148124306E-002 -0.937812733827555E+004  0.739130209161658E-001  0.100000000000000E+001  0.000000000000000E+000  0.000000000000000E+000  0.000000000000000E+000  0.100000000000000E+001  0.000000000000000E+000  0.000000000000000E+000  0.000000000000000E+000  0.100000000000000E+001  0.100000000000000E+001  0.000000000000000E+000  0.000000000000000E+000
  0.232500000000000E+001 -0.317789406233350E+003  0.907907805174091E-002  0.146458405750299E+004  0.585997132526472E-002 -0.937812734116875E+004  0.739130214371926E-001  0.100000000000000E+001  0.000000000000000E+000  0.000000000000000E+000  0.000000000000000E+000  0.100000000000000E+001  0.000000000000000E+000  0.000000000000000E+000  0.000000000000000E+000  0.100000000000000E+001  0.100000000000000E+001  0.000000000000000E+000  0.000000000000000E+000
  0.235000000000000E+001 -0.317789406249878E+003  0.907907804231911E-002  0.146458405791953E+004  0.585997171407371E-002 -0.937812734321803E+004  0.739130213501085E-001  0.100000000000000E+001  0.000000000000000E+000  0.000000000000000E+000  0.000000000000000E+000  0.100000000000000E+001  0.000000000000000E+000  0.000000000000000E+000  0.000000000000000E+000  0.100000000000000E+001  0.100000000000000E+001  0.000000000000000E+000  0.000000000000000E+000
  0.237500000000000E+001 -0.317789406261502E+003  0.907907819977538E-002  0.146458405821173E+004  0.585997114296788E-002 -0.937812734465468E+004  0.739130228994327E-001  0.100000000000000E+001  0.000000000000000E+000  0.000000000000000E+000  0.000000000000000E+000  0.100000000000000E+001  0.000000000000000E+000  0.000000000000000E+000  0.000000000000000E+000  0.100000000000000E+001  0.100000000000000E+001  0.000000000000000E+000  0.000000000000000E+000
  0.240000000000000E+001 -0.317789406269624E+003  0.907907804823083E-002  0.146458405841481E+004  0.585997144253270E-002 -0.937812734565080E+004  0.739130213991075E-001  0.100000000000000E+001  0.000000000000000E+000  0.000000000000000E+000  0.000000000000000E+000  0.100000000000000E+001  0.000000000000000E+000  0.000000000000000E+000  0.000000000000000E+000  0.100000000000000E+001  0.100000000000000E+001  0.000000000000000E+000  0.000000000000000E+000
  0.242500000000000E+001 -0.317789406275302E+003  0.907907806320907E-002  0.146458405855605E+004  0.585997146652062E-002 -0.937812734634213E+004  0.739130215309842E-001  0.100000000000000E+001  0.000000000000000E+000  0.000000000000000E+000  0.000000000000000E+000  0.100000000000000E+001  0.000000000000000E+000  0.000000000000000E+000  0.000000000000000E+000  0.100000000000000E+001  0.100000000000000E+001  0.000000000000000E+000  0.000000000000000E+000
  0.245000000000000E+001 -0.317789406279270E+003  0.907907810039887E-002  0.146458405865456E+004  0.585997134976424E-002 -0.937812734682368E+004  0.739130219195658E-001  0.100000000000000E+001  0.000000000000000E+000  0.000000000000000E+000  0.000000000000000E+000  0.100000000000000E+001  0.000000000000000E+000  0.000000000000000E+000  0.000000000000000E+000  0.100000000000000E+001  0.100000000000000E+001  0.000000000000000E+000  0.000000000000000E+000
  0.247500000000000E+001 -0.317789406282043E+003  0.907907813763131E-002  0.146458405872343E+004  0.585997128786175E-002 -0.937812734716034E+004  0.739130222912081E-001  0.100000000000000E+001  0.000000000000000E+000  0.000000000000000E+000  0.000000000000000E+000  0.100000000000000E+001  0.000000000000000E+000  0.000000000000000E+000  0.000000000000000E+000  0.100000000000000E+001  0.100000000000000E+001  0.000000000000000E+000  0.000000000000000E+000
  0.250000000000000E+001 -0.317789406283975E+003  0.907907816377929E-002  0.146458405877165E+004  0.585997146862383E-002 -0.937812734739658E+004  0.739130225277904E-001  0.100000000000000E+001  0.000000000000000E+000  0.000000000000000E+000  0.000000000000000E+000  0.100000000000000E+001  0.000000000000000E+000  0.000000000000000E+000  0.000000000000000E+000  0.100000000000000E+001  0.100000000000000E+001  0.000000000000000E+000  0.000000000000000E+000

