 # Integral loads: N.components: 2
 #                 Ref.sys     : Stability
 #                 Components  : tail_right , tail_left
 #  t , Fx , Fy , Fz , Mx , My , Mz , ref_mat(9) , ref_off(3) 
  0.100000000000000E+001 -0.485867899764494E+003 -0.207201570447069E-002  0.130548136016433E+005  0.275565207994077E-002 -0.574131883621533E+005 -0.826472805783851E-002  0.100000000000000E+001  0.000000000000000E+000  0.000000000000000E+000  0.000000000000000E+000  0.100000000000000E+001  0.000000000000000E+000  0.000000000000000E+000  0.000000000000000E+000  0.100000000000000E+001  0.590000000000000E+001  0.000000000000000E+000 -0.500000000000000E+000
  0.100312500000000E+001 -0.506192451942026E+003 -0.136449899400759E-003  0.267088254498847E+004  0.237374144489877E-003 -0.114682011829234E+005 -0.257570454778033E-004  0.100000000000000E+001  0.000000000000000E+000  0.000000000000000E+000  0.000000000000000E+000  0.100000000000000E+001  0.000000000000000E+000  0.000000000000000E+000  0.000000000000000E+000  0.100000000000000E+001  0.590000000000000E+001  0.000000000000000E+000 -0.500000000000000E+000
  0.100625000000000E+001 -0.523546401608713E+003 -0.910577614376962E-004  0.244366334467192E+004  0.175204374500026E-003 -0.102342255483210E+005  0.215244687751692E-003  0.100000000000000E+001  0.000000000000000E+000  0.000000000000000E+000  0.000000000000000E+000  0.100000000000000E+001  0.000000000000000E+000  0.000000000000000E+000  0.000000000000000E+000  0.100000000000000E+001  0.590000000000000E+001  0.000000000000000E+000 -0.500000000000000E+000
  0.100937500000000E+001 -0.544325165453283E+003 -0.782144638833415E-004  0.243438426630009E+004  0.160114125719701E-003 -0.101322339232768E+005  0.291772987111472E-003  0.100000000000000E+001  0.000000000000000E+000  0.000000000000000E+000  0.000000000000000E+000  0.100000000000000E+001  0.000000000000000E+000  0.000000000000000E+000  0.000000000000000E+000  0.100000000000000E+001  0.590000000000000E+001  0.000000000000000E+000 -0.500000000000000E+000
  0.101250000000000E+001 -0.567635498568394E+003 -0.720161820026988E-004  0.246992824019288E+004  0.155784492562816E-003 -0.102579303774110E+005  0.334978431055788E-003  0.100000000000000E+001  0.000000000000000E+000  0.000000000000000E+000  0.000000000000000E+000  0.100000000000000E+001  0.000000000000000E+000  0.000000000000000E+000  0.000000000000000E+000  0.100000000000000E+001  0.590000000000000E+001  0.000000000000000E+000 -0.500000000000000E+000
  0.101562500000000E+001 -0.594663129712902E+003 -0.682990703353425E-004  0.252358570997667E+004  0.156334285748017E-003 -0.104634748418134E+005  0.367497316801746E-003  0.100000000000000E+001  0.000000000000000E+000  0.000000000000000E+000  0.000000000000000E+000  0.100000000000000E+001  0.000000000000000E+000  0.000000000000000E+000  0.000000000000000E+000  0.100000000000000E+001  0.590000000000000E+001  0.000000000000000E+000 -0.500000000000000E+000
  0.101875000000000E+001 -0.617943553841578E+003 -0.670132637878851E-004  0.258331881010575E+004  0.162849476510019E-003 -0.106890634707112E+005  0.393694849663007E-003  0.100000000000000E+001  0.000000000000000E+000  0.000000000000000E+000  0.000000000000000E+000  0.100000000000000E+001  0.000000000000000E+000  0.000000000000000E+000  0.000000000000000E+000  0.100000000000000E+001  0.590000000000000E+001  0.000000000000000E+000 -0.500000000000000E+000
  0.102187500000000E+001 -0.618181640634204E+003  0.920280997415830E-001  0.261911869540939E+004 -0.187222018847933E+000 -0.108053821373171E+005  0.359187536113495E+000  0.100000000000000E+001  0.000000000000000E+000  0.000000000000000E+000  0.000000000000000E+000  0.100000000000000E+001  0.000000000000000E+000  0.000000000000000E+000  0.000000000000000E+000  0.100000000000000E+001  0.590000000000000E+001  0.000000000000000E+000 -0.500000000000000E+000
  0.102500000000000E+001 -0.598833845023809E+003 -0.688545391911657E+001  0.260083919583350E+004  0.208350294266393E+002 -0.106922556788345E+005 -0.294024735040421E+002  0.100000000000000E+001  0.000000000000000E+000  0.000000000000000E+000  0.000000000000000E+000  0.100000000000000E+001  0.000000000000000E+000  0.000000000000000E+000  0.000000000000000E+000  0.100000000000000E+001  0.590000000000000E+001  0.000000000000000E+000 -0.500000000000000E+000
  0.102812500000000E+001 -0.572054731267339E+003 -0.140851862712921E+002  0.251483168997269E+004  0.474262204498918E+002 -0.102784591473228E+005 -0.593946064616239E+002  0.100000000000000E+001  0.000000000000000E+000  0.000000000000000E+000  0.000000000000000E+000  0.100000000000000E+001  0.000000000000000E+000  0.000000000000000E+000  0.000000000000000E+000  0.100000000000000E+001  0.590000000000000E+001  0.000000000000000E+000 -0.500000000000000E+000
  0.103125000000000E+001 -0.551587556591352E+003 -0.113047887545044E+002  0.237348460705263E+004  0.325555274427243E+002 -0.961759697065657E+004 -0.416225006819868E+002  0.100000000000000E+001  0.000000000000000E+000  0.000000000000000E+000  0.000000000000000E+000  0.100000000000000E+001  0.000000000000000E+000  0.000000000000000E+000  0.000000000000000E+000  0.100000000000000E+001  0.590000000000000E+001  0.000000000000000E+000 -0.500000000000000E+000
  0.103437500000000E+001 -0.551950447148587E+003 -0.633881742905419E+001  0.222846790599459E+004  0.172459299929847E+002 -0.895132683514030E+004 -0.223917151304977E+002  0.100000000000000E+001  0.000000000000000E+000  0.000000000000000E+000  0.000000000000000E+000  0.100000000000000E+001  0.000000000000000E+000  0.000000000000000E+000  0.000000000000000E+000  0.100000000000000E+001  0.590000000000000E+001  0.000000000000000E+000 -0.500000000000000E+000
  0.103750000000000E+001 -0.572525266676744E+003 -0.540120705191839E+000  0.208701342935459E+004  0.330360139749155E+001 -0.831058820928283E+004  0.262741336917315E+000  0.100000000000000E+001  0.000000000000000E+000  0.000000000000000E+000  0.000000000000000E+000  0.100000000000000E+001  0.000000000000000E+000  0.000000000000000E+000  0.000000000000000E+000  0.100000000000000E+001  0.590000000000000E+001  0.000000000000000E+000 -0.500000000000000E+000
  0.104062500000000E+001 -0.603936246908190E+003  0.803645108534056E+000  0.195250985481997E+004  0.491573149251963E+000 -0.768109179400156E+004  0.512197452402688E+001  0.100000000000000E+001  0.000000000000000E+000  0.000000000000000E+000  0.000000000000000E+000  0.100000000000000E+001  0.000000000000000E+000  0.000000000000000E+000  0.000000000000000E+000  0.100000000000000E+001  0.590000000000000E+001  0.000000000000000E+000 -0.500000000000000E+000
  0.104375000000000E+001 -0.633177826093416E+003  0.527637989279492E+001  0.177028949558897E+004 -0.931491297552748E+001 -0.673176214331332E+004  0.266233723990431E+002  0.100000000000000E+001  0.000000000000000E+000  0.000000000000000E+000  0.000000000000000E+000  0.100000000000000E+001  0.000000000000000E+000  0.000000000000000E+000  0.000000000000000E+000  0.100000000000000E+001  0.590000000000000E+001  0.000000000000000E+000 -0.500000000000000E+000
  0.104687500000000E+001 -0.645755017058517E+003  0.787900160559593E+001  0.170959158984737E+004 -0.191543161082909E+002 -0.636038011502825E+004  0.411087062235406E+002  0.100000000000000E+001  0.000000000000000E+000  0.000000000000000E+000  0.000000000000000E+000  0.100000000000000E+001  0.000000000000000E+000  0.000000000000000E+000  0.000000000000000E+000  0.100000000000000E+001  0.590000000000000E+001  0.000000000000000E+000 -0.500000000000000E+000
  0.105000000000000E+001 -0.645526788380020E+003 -0.518268537246627E+001  0.186888534774309E+004  0.136233198953255E+002 -0.715926502585248E+004 -0.277149476627719E+002  0.100000000000000E+001  0.000000000000000E+000  0.000000000000000E+000  0.000000000000000E+000  0.100000000000000E+001  0.000000000000000E+000  0.000000000000000E+000  0.000000000000000E+000  0.100000000000000E+001  0.590000000000000E+001  0.000000000000000E+000 -0.500000000000000E+000
  0.105312500000000E+001 -0.631270470128183E+003 -0.472417843903463E+001  0.193394927406083E+004  0.132782909090251E+002 -0.751384478365206E+004 -0.242384653062818E+002  0.100000000000000E+001  0.000000000000000E+000  0.000000000000000E+000  0.000000000000000E+000  0.100000000000000E+001  0.000000000000000E+000  0.000000000000000E+000  0.000000000000000E+000  0.100000000000000E+001  0.590000000000000E+001  0.000000000000000E+000 -0.500000000000000E+000
  0.105625000000000E+001 -0.616443236840902E+003  0.313801042744626E+001  0.187265387248105E+004 -0.630698849982673E+001 -0.726621856990064E+004  0.150780708551742E+002  0.100000000000000E+001  0.000000000000000E+000  0.000000000000000E+000  0.000000000000000E+000  0.100000000000000E+001  0.000000000000000E+000  0.000000000000000E+000  0.000000000000000E+000  0.100000000000000E+001  0.590000000000000E+001  0.000000000000000E+000 -0.500000000000000E+000
  0.105937500000000E+001 -0.606881717704393E+003  0.423760101801167E+001  0.180932615942222E+004 -0.984584528774303E+001 -0.698835087239824E+004  0.202515250254710E+002  0.100000000000000E+001  0.000000000000000E+000  0.000000000000000E+000  0.000000000000000E+000  0.100000000000000E+001  0.000000000000000E+000  0.000000000000000E+000  0.000000000000000E+000  0.100000000000000E+001  0.590000000000000E+001  0.000000000000000E+000 -0.500000000000000E+000
  0.106250000000000E+001 -0.598857819320978E+003  0.421154822630069E+001  0.174542867813065E+004 -0.106742563284483E+002 -0.668380949407729E+004  0.191520037424543E+002  0.100000000000000E+001  0.000000000000000E+000  0.000000000000000E+000  0.000000000000000E+000  0.100000000000000E+001  0.000000000000000E+000  0.000000000000000E+000  0.000000000000000E+000  0.100000000000000E+001  0.590000000000000E+001  0.000000000000000E+000 -0.500000000000000E+000
  0.106562500000000E+001 -0.589613305085829E+003  0.401290482086893E+001  0.170365931312275E+004 -0.953580434827609E+001 -0.646732887840065E+004  0.173647670978876E+002  0.100000000000000E+001  0.000000000000000E+000  0.000000000000000E+000  0.000000000000000E+000  0.100000000000000E+001  0.000000000000000E+000  0.000000000000000E+000  0.000000000000000E+000  0.100000000000000E+001  0.590000000000000E+001  0.000000000000000E+000 -0.500000000000000E+000
  0.106875000000000E+001 -0.579281917736094E+003  0.316792993420790E+001  0.167025126612470E+004 -0.762618025729671E+001 -0.628111010647506E+004  0.136531043008395E+002  0.100000000000000E+001  0.000000000000000E+000  0.000000000000000E+000  0.000000000000000E+000  0.100000000000000E+001  0.000000000000000E+000  0.000000000000000E+000  0.000000000000000E+000  0.100000000000000E+001  0.590000000000000E+001  0.000000000000000E+000 -0.500000000000000E+000
  0.107187500000000E+001 -0.569649343491021E+003  0.239245871403409E+001  0.164897283015802E+004 -0.579622494853447E+001 -0.615359000944611E+004  0.101623859133242E+002  0.100000000000000E+001  0.000000000000000E+000  0.000000000000000E+000  0.000000000000000E+000  0.100000000000000E+001  0.000000000000000E+000  0.000000000000000E+000  0.000000000000000E+000  0.100000000000000E+001  0.590000000000000E+001  0.000000000000000E+000 -0.500000000000000E+000
  0.107500000000000E+001 -0.561626533965126E+003  0.228913596316363E+001  0.164855456083706E+004 -0.551604710306765E+001 -0.613730196436854E+004  0.958647036920547E+001  0.100000000000000E+001  0.000000000000000E+000  0.000000000000000E+000  0.000000000000000E+000  0.100000000000000E+001  0.000000000000000E+000  0.000000000000000E+000  0.000000000000000E+000  0.100000000000000E+001  0.590000000000000E+001  0.000000000000000E+000 -0.500000000000000E+000
  0.107812500000000E+001 -0.556145430548959E+003  0.241280843300979E+001  0.167589050345660E+004 -0.578715168152848E+001 -0.626894069547935E+004  0.101800655743482E+002  0.100000000000000E+001  0.000000000000000E+000  0.000000000000000E+000  0.000000000000000E+000  0.100000000000000E+001  0.000000000000000E+000  0.000000000000000E+000  0.000000000000000E+000  0.100000000000000E+001  0.590000000000000E+001  0.000000000000000E+000 -0.500000000000000E+000
  0.108125000000000E+001 -0.552608133838596E+003  0.232023312958199E+001  0.170170849852842E+004 -0.531509021703869E+001 -0.639611424349279E+004  0.955075669088137E+001  0.100000000000000E+001  0.000000000000000E+000  0.000000000000000E+000  0.000000000000000E+000  0.100000000000000E+001  0.000000000000000E+000  0.000000000000000E+000  0.000000000000000E+000  0.100000000000000E+001  0.590000000000000E+001  0.000000000000000E+000 -0.500000000000000E+000
  0.108437500000000E+001 -0.550683569085023E+003  0.187466062487420E+001  0.171638798772718E+004 -0.390986310960034E+001 -0.646596224209253E+004  0.778471252161671E+001  0.100000000000000E+001  0.000000000000000E+000  0.000000000000000E+000  0.000000000000000E+000  0.100000000000000E+001  0.000000000000000E+000  0.000000000000000E+000  0.000000000000000E+000  0.100000000000000E+001  0.590000000000000E+001  0.000000000000000E+000 -0.500000000000000E+000
  0.108750000000000E+001 -0.550034597250948E+003  0.383533124811947E+000  0.172538678606991E+004 -0.939076730735906E+000 -0.650507281130470E+004  0.207915278820701E+001  0.100000000000000E+001  0.000000000000000E+000  0.000000000000000E+000  0.000000000000000E+000  0.100000000000000E+001  0.000000000000000E+000  0.000000000000000E+000  0.000000000000000E+000  0.100000000000000E+001  0.590000000000000E+001  0.000000000000000E+000 -0.500000000000000E+000
  0.109062500000000E+001 -0.550244264638065E+003  0.113914798730025E+001  0.173094914665037E+004 -0.348366818044178E+001 -0.652799298832118E+004  0.469038029181593E+001  0.100000000000000E+001  0.000000000000000E+000  0.000000000000000E+000  0.000000000000000E+000  0.100000000000000E+001  0.000000000000000E+000  0.000000000000000E+000  0.000000000000000E+000  0.100000000000000E+001  0.590000000000000E+001  0.000000000000000E+000 -0.500000000000000E+000
  0.109375000000000E+001 -0.551804916379711E+003  0.275473554015048E+001  0.174677359236223E+004 -0.657108488354197E+001 -0.659766116146003E+004  0.108418579862705E+002  0.100000000000000E+001  0.000000000000000E+000  0.000000000000000E+000  0.000000000000000E+000  0.100000000000000E+001  0.000000000000000E+000  0.000000000000000E+000  0.000000000000000E+000  0.100000000000000E+001  0.590000000000000E+001  0.000000000000000E+000 -0.500000000000000E+000
  0.109687500000000E+001 -0.553349551343380E+003  0.241070258854279E+001  0.174679388951273E+004 -0.594252990816130E+001 -0.659544236849831E+004  0.950482212480483E+001  0.100000000000000E+001  0.000000000000000E+000  0.000000000000000E+000  0.000000000000000E+000  0.100000000000000E+001  0.000000000000000E+000  0.000000000000000E+000  0.000000000000000E+000  0.100000000000000E+001  0.590000000000000E+001  0.000000000000000E+000 -0.500000000000000E+000
  0.110000000000000E+001 -0.555048337994787E+003  0.155404919837451E+001  0.175175706259356E+004 -0.356897542245451E+001 -0.661517626774330E+004  0.597651158522012E+001  0.100000000000000E+001  0.000000000000000E+000  0.000000000000000E+000  0.000000000000000E+000  0.100000000000000E+001  0.000000000000000E+000  0.000000000000000E+000  0.000000000000000E+000  0.100000000000000E+001  0.590000000000000E+001  0.000000000000000E+000 -0.500000000000000E+000
  0.110312500000000E+001 -0.556715068772535E+003  0.321848747098556E+000  0.175632601597081E+004 -0.148042553595224E+001 -0.663396357681545E+004  0.615584962870798E+000  0.100000000000000E+001  0.000000000000000E+000  0.000000000000000E+000  0.000000000000000E+000  0.100000000000000E+001  0.000000000000000E+000  0.000000000000000E+000  0.000000000000000E+000  0.100000000000000E+001  0.590000000000000E+001  0.000000000000000E+000 -0.500000000000000E+000
  0.110625000000000E+001 -0.558527630772281E+003  0.176181188517944E+001  0.176065272159174E+004 -0.543157723793820E+001 -0.665157864888581E+004  0.700463777014693E+001  0.100000000000000E+001  0.000000000000000E+000  0.000000000000000E+000  0.000000000000000E+000  0.100000000000000E+001  0.000000000000000E+000  0.000000000000000E+000  0.000000000000000E+000  0.100000000000000E+001  0.590000000000000E+001  0.000000000000000E+000 -0.500000000000000E+000
  0.110937500000000E+001 -0.560482957883800E+003  0.141946741913603E+001  0.176553646482166E+004 -0.372085983347597E+001 -0.667168705719912E+004  0.620098627038305E+001  0.100000000000000E+001  0.000000000000000E+000  0.000000000000000E+000  0.000000000000000E+000  0.100000000000000E+001  0.000000000000000E+000  0.000000000000000E+000  0.000000000000000E+000  0.100000000000000E+001  0.590000000000000E+001  0.000000000000000E+000 -0.500000000000000E+000
  0.111250000000000E+001 -0.562030407634470E+003  0.971075252590936E+000  0.176923040595586E+004 -0.251790961319603E+001 -0.668701991629634E+004  0.339206483312273E+001  0.100000000000000E+001  0.000000000000000E+000  0.000000000000000E+000  0.000000000000000E+000  0.100000000000000E+001  0.000000000000000E+000  0.000000000000000E+000  0.000000000000000E+000  0.100000000000000E+001  0.590000000000000E+001  0.000000000000000E+000 -0.500000000000000E+000
  0.111562500000000E+001 -0.563066604333364E+003  0.690008145323873E+000  0.177270680349561E+004 -0.290348334499322E+001 -0.670126076212461E+004  0.182768239010420E+001  0.100000000000000E+001  0.000000000000000E+000  0.000000000000000E+000  0.000000000000000E+000  0.100000000000000E+001  0.000000000000000E+000  0.000000000000000E+000  0.000000000000000E+000  0.100000000000000E+001  0.590000000000000E+001  0.000000000000000E+000 -0.500000000000000E+000
  0.111875000000000E+001 -0.563945795234742E+003  0.200383045351896E+001  0.177205260004153E+004 -0.524732923338797E+001 -0.669679849331899E+004  0.738173624979390E+001  0.100000000000000E+001  0.000000000000000E+000  0.000000000000000E+000  0.000000000000000E+000  0.100000000000000E+001  0.000000000000000E+000  0.000000000000000E+000  0.000000000000000E+000  0.100000000000000E+001  0.590000000000000E+001  0.000000000000000E+000 -0.500000000000000E+000
  0.112187500000000E+001 -0.564847100071407E+003  0.244231509429937E-001  0.177153325006910E+004 -0.122645198627652E+000 -0.669325149412172E+004  0.836798948067553E+000  0.100000000000000E+001  0.000000000000000E+000  0.000000000000000E+000  0.000000000000000E+000  0.100000000000000E+001  0.000000000000000E+000  0.000000000000000E+000  0.000000000000000E+000  0.100000000000000E+001  0.590000000000000E+001  0.000000000000000E+000 -0.500000000000000E+000
  0.112500000000000E+001 -0.566308586828459E+003 -0.292718309857787E+001  0.177272434886262E+004  0.528082043890527E+001 -0.669859070759835E+004 -0.134423941890200E+002  0.100000000000000E+001  0.000000000000000E+000  0.000000000000000E+000  0.000000000000000E+000  0.100000000000000E+001  0.000000000000000E+000  0.000000000000000E+000  0.000000000000000E+000  0.100000000000000E+001  0.590000000000000E+001  0.000000000000000E+000 -0.500000000000000E+000
  0.112812500000000E+001 -0.568655648957480E+003  0.195593616867905E+001  0.178303338349932E+004 -0.791996611078685E+001 -0.674269119352740E+004  0.810799622362538E+001  0.100000000000000E+001  0.000000000000000E+000  0.000000000000000E+000  0.000000000000000E+000  0.100000000000000E+001  0.000000000000000E+000  0.000000000000000E+000  0.000000000000000E+000  0.100000000000000E+001  0.590000000000000E+001  0.000000000000000E+000 -0.500000000000000E+000
  0.113125000000000E+001 -0.571778772844105E+003  0.534604824457074E+001  0.179754676486203E+004 -0.163390911249126E+002 -0.680610408536056E+004  0.236183006525966E+002  0.100000000000000E+001  0.000000000000000E+000  0.000000000000000E+000  0.000000000000000E+000  0.100000000000000E+001  0.000000000000000E+000  0.000000000000000E+000  0.000000000000000E+000  0.100000000000000E+001  0.590000000000000E+001  0.000000000000000E+000 -0.500000000000000E+000
  0.113437500000000E+001 -0.574781110377039E+003  0.248423914578348E+001  0.180511277577018E+004 -0.745092781642416E+001 -0.683815449149172E+004  0.100401384089664E+002  0.100000000000000E+001  0.000000000000000E+000  0.000000000000000E+000  0.000000000000000E+000  0.100000000000000E+001  0.000000000000000E+000  0.000000000000000E+000  0.000000000000000E+000  0.100000000000000E+001  0.590000000000000E+001  0.000000000000000E+000 -0.500000000000000E+000
  0.113750000000000E+001 -0.579645085549325E+003  0.107745943629106E+001  0.183552682795836E+004 -0.426438605087651E+001 -0.697668975200524E+004  0.815456226853848E+001  0.100000000000000E+001  0.000000000000000E+000  0.000000000000000E+000  0.000000000000000E+000  0.100000000000000E+001  0.000000000000000E+000  0.000000000000000E+000  0.000000000000000E+000  0.100000000000000E+001  0.590000000000000E+001  0.000000000000000E+000 -0.500000000000000E+000
  0.114062500000000E+001 -0.581795751211512E+003  0.328924921713497E+001  0.182454019622415E+004 -0.887642916219374E+001 -0.692445155091390E+004  0.200196476998676E+002  0.100000000000000E+001  0.000000000000000E+000  0.000000000000000E+000  0.000000000000000E+000  0.100000000000000E+001  0.000000000000000E+000  0.000000000000000E+000  0.000000000000000E+000  0.100000000000000E+001  0.590000000000000E+001  0.000000000000000E+000 -0.500000000000000E+000
  0.114375000000000E+001 -0.584652506873165E+003 -0.287522893255891E+001  0.183447622451704E+004  0.353168690390248E+001 -0.696533347633651E+004 -0.887947727167284E+001  0.100000000000000E+001  0.000000000000000E+000  0.000000000000000E+000  0.000000000000000E+000  0.100000000000000E+001  0.000000000000000E+000  0.000000000000000E+000  0.000000000000000E+000  0.100000000000000E+001  0.590000000000000E+001  0.000000000000000E+000 -0.500000000000000E+000
  0.114687500000000E+001 -0.585989183039960E+003 -0.220756873969140E+001  0.182585098841289E+004  0.189064321343767E+001 -0.692047654531489E+004 -0.932668591023821E+001  0.100000000000000E+001  0.000000000000000E+000  0.000000000000000E+000  0.000000000000000E+000  0.100000000000000E+001  0.000000000000000E+000  0.000000000000000E+000  0.000000000000000E+000  0.100000000000000E+001  0.590000000000000E+001  0.000000000000000E+000 -0.500000000000000E+000
  0.115000000000000E+001 -0.587614712281370E+003 -0.118174645382624E+000  0.182812125195152E+004 -0.363164210813693E+001 -0.692823067116362E+004  0.905181318366886E-001  0.100000000000000E+001  0.000000000000000E+000  0.000000000000000E+000  0.000000000000000E+000  0.100000000000000E+001  0.000000000000000E+000  0.000000000000000E+000  0.000000000000000E+000  0.100000000000000E+001  0.590000000000000E+001  0.000000000000000E+000 -0.500000000000000E+000
  0.115312500000000E+001 -0.589259416631790E+003  0.190021290062191E+001  0.183191112921446E+004 -0.828046319757050E+001 -0.694436921690381E+004  0.979947662178483E+001  0.100000000000000E+001  0.000000000000000E+000  0.000000000000000E+000  0.000000000000000E+000  0.100000000000000E+001  0.000000000000000E+000  0.000000000000000E+000  0.000000000000000E+000  0.100000000000000E+001  0.590000000000000E+001  0.000000000000000E+000 -0.500000000000000E+000
  0.115625000000000E+001 -0.590780799380916E+003  0.537782979173676E+001  0.183772823181310E+004 -0.165050155622616E+002 -0.697102461696494E+004  0.274102543630088E+002  0.100000000000000E+001  0.000000000000000E+000  0.000000000000000E+000  0.000000000000000E+000  0.100000000000000E+001  0.000000000000000E+000  0.000000000000000E+000  0.000000000000000E+000  0.100000000000000E+001  0.590000000000000E+001  0.000000000000000E+000 -0.500000000000000E+000
  0.115937500000000E+001 -0.591946741622664E+003  0.486838731397393E+001  0.184021445972539E+004 -0.142887241975336E+002 -0.698109950691230E+004  0.242570890898919E+002  0.100000000000000E+001  0.000000000000000E+000  0.000000000000000E+000  0.000000000000000E+000  0.100000000000000E+001  0.000000000000000E+000  0.000000000000000E+000  0.000000000000000E+000  0.100000000000000E+001  0.590000000000000E+001  0.000000000000000E+000 -0.500000000000000E+000
  0.116250000000000E+001 -0.593044576925763E+003  0.436632556033669E+001  0.184410087564994E+004 -0.128087280337745E+002 -0.699787119571208E+004  0.212030332471272E+002  0.100000000000000E+001  0.000000000000000E+000  0.000000000000000E+000  0.000000000000000E+000  0.100000000000000E+001  0.000000000000000E+000  0.000000000000000E+000  0.000000000000000E+000  0.100000000000000E+001  0.590000000000000E+001  0.000000000000000E+000 -0.500000000000000E+000
  0.116562500000000E+001 -0.594006085171530E+003  0.423730606280265E+001  0.184581235507735E+004 -0.124577606547778E+002 -0.700524933778852E+004  0.202386063367417E+002  0.100000000000000E+001  0.000000000000000E+000  0.000000000000000E+000  0.000000000000000E+000  0.100000000000000E+001  0.000000000000000E+000  0.000000000000000E+000  0.000000000000000E+000  0.100000000000000E+001  0.590000000000000E+001  0.000000000000000E+000 -0.500000000000000E+000
  0.116875000000000E+001 -0.594969316197799E+003  0.405971124988446E+001  0.184747194417161E+004 -0.120217375996817E+002 -0.701265632350296E+004  0.191932273338707E+002  0.100000000000000E+001  0.000000000000000E+000  0.000000000000000E+000  0.000000000000000E+000  0.100000000000000E+001  0.000000000000000E+000  0.000000000000000E+000  0.000000000000000E+000  0.100000000000000E+001  0.590000000000000E+001  0.000000000000000E+000 -0.500000000000000E+000
  0.117187500000000E+001 -0.595929907851006E+003  0.458732457488713E+001  0.184820843276766E+004 -0.132268972092606E+002 -0.701584413858381E+004  0.214366173145527E+002  0.100000000000000E+001  0.000000000000000E+000  0.000000000000000E+000  0.000000000000000E+000  0.100000000000000E+001  0.000000000000000E+000  0.000000000000000E+000  0.000000000000000E+000  0.100000000000000E+001  0.590000000000000E+001  0.000000000000000E+000 -0.500000000000000E+000
  0.117500000000000E+001 -0.596265772197606E+003  0.425261847253591E+001  0.184203472815381E+004 -0.125081848946870E+002 -0.698738193962388E+004  0.197741460259467E+002  0.100000000000000E+001  0.000000000000000E+000  0.000000000000000E+000  0.000000000000000E+000  0.100000000000000E+001  0.000000000000000E+000  0.000000000000000E+000  0.000000000000000E+000  0.100000000000000E+001  0.590000000000000E+001  0.000000000000000E+000 -0.500000000000000E+000
  0.117812500000000E+001 -0.597078515766653E+003  0.441466922766040E+001  0.184530912334336E+004 -0.128899357563678E+002 -0.700180778836405E+004  0.204189057632639E+002  0.100000000000000E+001  0.000000000000000E+000  0.000000000000000E+000  0.000000000000000E+000  0.100000000000000E+001  0.000000000000000E+000  0.000000000000000E+000  0.000000000000000E+000  0.100000000000000E+001  0.590000000000000E+001  0.000000000000000E+000 -0.500000000000000E+000
  0.118125000000000E+001 -0.597665800662273E+003  0.450636133152807E+001  0.184543499560106E+004 -0.131222771309508E+002 -0.700174915778744E+004  0.207619299844469E+002  0.100000000000000E+001  0.000000000000000E+000  0.000000000000000E+000  0.000000000000000E+000  0.100000000000000E+001  0.000000000000000E+000  0.000000000000000E+000  0.000000000000000E+000  0.100000000000000E+001  0.590000000000000E+001  0.000000000000000E+000 -0.500000000000000E+000
  0.118437500000000E+001 -0.598053590362751E+003  0.456185747367635E+001  0.184459742925749E+004 -0.132753861768542E+002 -0.699725884753414E+004  0.209520473166963E+002  0.100000000000000E+001  0.000000000000000E+000  0.000000000000000E+000  0.000000000000000E+000  0.100000000000000E+001  0.000000000000000E+000  0.000000000000000E+000  0.000000000000000E+000  0.100000000000000E+001  0.590000000000000E+001  0.000000000000000E+000 -0.500000000000000E+000
  0.118750000000000E+001 -0.598420162560473E+003  0.433979175735817E+001  0.184554615713059E+004 -0.130778415728514E+002 -0.700088537667388E+004  0.199654999226286E+002  0.100000000000000E+001  0.000000000000000E+000  0.000000000000000E+000  0.000000000000000E+000  0.100000000000000E+001  0.000000000000000E+000  0.000000000000000E+000  0.000000000000000E+000  0.100000000000000E+001  0.590000000000000E+001  0.000000000000000E+000 -0.500000000000000E+000
  0.119062500000000E+001 -0.598663780003220E+003  0.732369738958323E+001  0.184450288755802E+004 -0.204077407835066E+002 -0.699608724045962E+004  0.324519345112417E+002  0.100000000000000E+001  0.000000000000000E+000  0.000000000000000E+000  0.000000000000000E+000  0.100000000000000E+001  0.000000000000000E+000  0.000000000000000E+000  0.000000000000000E+000  0.100000000000000E+001  0.590000000000000E+001  0.000000000000000E+000 -0.500000000000000E+000
  0.119375000000000E+001 -0.598748189403235E+003  0.821427252551007E+001  0.184496120734261E+004 -0.244211877930315E+002 -0.699824839632242E+004  0.346755808891608E+002  0.100000000000000E+001  0.000000000000000E+000  0.000000000000000E+000  0.000000000000000E+000  0.100000000000000E+001  0.000000000000000E+000  0.000000000000000E+000  0.000000000000000E+000  0.100000000000000E+001  0.590000000000000E+001  0.000000000000000E+000 -0.500000000000000E+000
  0.119687500000000E+001 -0.598830382945377E+003  0.875056564166607E+001  0.184451648664505E+004 -0.264398253299801E+002 -0.699572647037450E+004  0.364634717142194E+002  0.100000000000000E+001  0.000000000000000E+000  0.000000000000000E+000  0.000000000000000E+000  0.100000000000000E+001  0.000000000000000E+000  0.000000000000000E+000  0.000000000000000E+000  0.100000000000000E+001  0.590000000000000E+001  0.000000000000000E+000 -0.500000000000000E+000
  0.120000000000000E+001 -0.599020103867186E+003  0.102285407075190E+002  0.184509268775277E+004 -0.287066175420200E+002 -0.699752700986044E+004  0.436976686732205E+002  0.100000000000000E+001  0.000000000000000E+000  0.000000000000000E+000  0.000000000000000E+000  0.100000000000000E+001  0.000000000000000E+000  0.000000000000000E+000  0.000000000000000E+000  0.100000000000000E+001  0.590000000000000E+001  0.000000000000000E+000 -0.500000000000000E+000
  0.120312500000000E+001 -0.599095746647503E+003  0.105186879343182E+002  0.184470291604807E+004 -0.288958393845851E+002 -0.699369132747332E+004  0.472663004048227E+002  0.100000000000000E+001  0.000000000000000E+000  0.000000000000000E+000  0.000000000000000E+000  0.100000000000000E+001  0.000000000000000E+000  0.000000000000000E+000  0.000000000000000E+000  0.100000000000000E+001  0.590000000000000E+001  0.000000000000000E+000 -0.500000000000000E+000
  0.120625000000000E+001 -0.599252923804886E+003  0.103213155375240E+002  0.184567761492431E+004 -0.281027357145967E+002 -0.699682784837711E+004  0.479105493933330E+002  0.100000000000000E+001  0.000000000000000E+000  0.000000000000000E+000  0.000000000000000E+000  0.100000000000000E+001  0.000000000000000E+000  0.000000000000000E+000  0.000000000000000E+000  0.100000000000000E+001  0.590000000000000E+001  0.000000000000000E+000 -0.500000000000000E+000
  0.120937500000000E+001 -0.599580019992660E+003  0.643237366063227E+001  0.184856038861907E+004 -0.175782658418352E+002 -0.701116332555637E+004  0.284762008124426E+002  0.100000000000000E+001  0.000000000000000E+000  0.000000000000000E+000  0.000000000000000E+000  0.100000000000000E+001  0.000000000000000E+000  0.000000000000000E+000  0.000000000000000E+000  0.100000000000000E+001  0.590000000000000E+001  0.000000000000000E+000 -0.500000000000000E+000
  0.121250000000000E+001 -0.599904198487310E+003  0.444526823791307E+001  0.185037330978184E+004 -0.123286697690942E+002 -0.702036690592237E+004  0.182925093180133E+002  0.100000000000000E+001  0.000000000000000E+000  0.000000000000000E+000  0.000000000000000E+000  0.100000000000000E+001  0.000000000000000E+000  0.000000000000000E+000  0.000000000000000E+000  0.100000000000000E+001  0.590000000000000E+001  0.000000000000000E+000 -0.500000000000000E+000
  0.121562500000000E+001 -0.600130267138238E+003  0.451287611216321E+001  0.185081886437969E+004 -0.129413264641394E+002 -0.702219284552652E+004  0.190352924207978E+002  0.100000000000000E+001  0.000000000000000E+000  0.000000000000000E+000  0.000000000000000E+000  0.100000000000000E+001  0.000000000000000E+000  0.000000000000000E+000  0.000000000000000E+000  0.100000000000000E+001  0.590000000000000E+001  0.000000000000000E+000 -0.500000000000000E+000
  0.121875000000000E+001 -0.600319892860253E+003  0.493662527281845E+001  0.185107754251348E+004 -0.142124747906241E+002 -0.702306388068651E+004  0.214205719978845E+002  0.100000000000000E+001  0.000000000000000E+000  0.000000000000000E+000  0.000000000000000E+000  0.100000000000000E+001  0.000000000000000E+000  0.000000000000000E+000  0.000000000000000E+000  0.100000000000000E+001  0.590000000000000E+001  0.000000000000000E+000 -0.500000000000000E+000
  0.122187500000000E+001 -0.600497395411530E+003  0.517101577293738E+001  0.185139117930330E+004 -0.148796569067345E+002 -0.702422563834977E+004  0.227555550367733E+002  0.100000000000000E+001  0.000000000000000E+000  0.000000000000000E+000  0.000000000000000E+000  0.100000000000000E+001  0.000000000000000E+000  0.000000000000000E+000  0.000000000000000E+000  0.100000000000000E+001  0.590000000000000E+001  0.000000000000000E+000 -0.500000000000000E+000
  0.122500000000000E+001 -0.600666378882588E+003  0.643657024552385E+001  0.185167743407132E+004 -0.178003350522790E+002 -0.702530050470741E+004  0.286361600504811E+002  0.100000000000000E+001  0.000000000000000E+000  0.000000000000000E+000  0.000000000000000E+000  0.100000000000000E+001  0.000000000000000E+000  0.000000000000000E+000  0.000000000000000E+000  0.100000000000000E+001  0.590000000000000E+001  0.000000000000000E+000 -0.500000000000000E+000
  0.122812500000000E+001 -0.600814770832589E+003  0.433042522249639E+001  0.185184704576663E+004 -0.131409596451076E+002 -0.702587232346861E+004  0.190906544388313E+002  0.100000000000000E+001  0.000000000000000E+000  0.000000000000000E+000  0.000000000000000E+000  0.100000000000000E+001  0.000000000000000E+000  0.000000000000000E+000  0.000000000000000E+000  0.100000000000000E+001  0.590000000000000E+001  0.000000000000000E+000 -0.500000000000000E+000
  0.123125000000000E+001 -0.600960243353199E+003  0.526266348543550E+001  0.185216434753621E+004 -0.151714643210885E+002 -0.702714077775856E+004  0.234365739513833E+002  0.100000000000000E+001  0.000000000000000E+000  0.000000000000000E+000  0.000000000000000E+000  0.100000000000000E+001  0.000000000000000E+000  0.000000000000000E+000  0.000000000000000E+000  0.100000000000000E+001  0.590000000000000E+001  0.000000000000000E+000 -0.500000000000000E+000
  0.123437500000000E+001 -0.601107344253912E+003  0.568200764605513E+001  0.185253180995162E+004 -0.161329299687336E+002 -0.702865860715168E+004  0.253886280251095E+002  0.100000000000000E+001  0.000000000000000E+000  0.000000000000000E+000  0.000000000000000E+000  0.100000000000000E+001  0.000000000000000E+000  0.000000000000000E+000  0.000000000000000E+000  0.100000000000000E+001  0.590000000000000E+001  0.000000000000000E+000 -0.500000000000000E+000
  0.123750000000000E+001 -0.601246123524278E+003  0.505943818199626E+001  0.185284922549809E+004 -0.147504482173376E+002 -0.702996746059150E+004  0.225670782536649E+002  0.100000000000000E+001  0.000000000000000E+000  0.000000000000000E+000  0.000000000000000E+000  0.100000000000000E+001  0.000000000000000E+000  0.000000000000000E+000  0.000000000000000E+000  0.100000000000000E+001  0.590000000000000E+001  0.000000000000000E+000 -0.500000000000000E+000
  0.124062500000000E+001 -0.601374611309190E+003  0.524880649388388E+001  0.185312688628548E+004 -0.151646241822432E+002 -0.703110675260157E+004  0.234639878086437E+002  0.100000000000000E+001  0.000000000000000E+000  0.000000000000000E+000  0.000000000000000E+000  0.100000000000000E+001  0.000000000000000E+000  0.000000000000000E+000  0.000000000000000E+000  0.100000000000000E+001  0.590000000000000E+001  0.000000000000000E+000 -0.500000000000000E+000
  0.124375000000000E+001 -0.601490937925419E+003  0.538622014190878E+001  0.185332680487311E+004 -0.154663453036637E+002 -0.703189880444449E+004  0.241077760583585E+002  0.100000000000000E+001  0.000000000000000E+000  0.000000000000000E+000  0.000000000000000E+000  0.100000000000000E+001  0.000000000000000E+000  0.000000000000000E+000  0.000000000000000E+000  0.100000000000000E+001  0.590000000000000E+001  0.000000000000000E+000 -0.500000000000000E+000
  0.124687500000000E+001 -0.601599289999827E+003  0.538212504335684E+001  0.185354718667575E+004 -0.154586199086407E+002 -0.703279272706398E+004  0.240932446451525E+002  0.100000000000000E+001  0.000000000000000E+000  0.000000000000000E+000  0.000000000000000E+000  0.100000000000000E+001  0.000000000000000E+000  0.000000000000000E+000  0.000000000000000E+000  0.100000000000000E+001  0.590000000000000E+001  0.000000000000000E+000 -0.500000000000000E+000
  0.125000000000000E+001 -0.601701785472483E+003  0.531436523507045E+001  0.185378083277409E+004 -0.153162412688516E+002 -0.703375321362313E+004  0.237908935648061E+002  0.100000000000000E+001  0.000000000000000E+000  0.000000000000000E+000  0.000000000000000E+000  0.100000000000000E+001  0.000000000000000E+000  0.000000000000000E+000  0.000000000000000E+000  0.100000000000000E+001  0.590000000000000E+001  0.000000000000000E+000 -0.500000000000000E+000
  0.125312500000000E+001 -0.601796770964559E+003  0.529064901939023E+001  0.185398974828467E+004 -0.152616275964447E+002 -0.703461049355538E+004  0.236863552018817E+002  0.100000000000000E+001  0.000000000000000E+000  0.000000000000000E+000  0.000000000000000E+000  0.100000000000000E+001  0.000000000000000E+000  0.000000000000000E+000  0.000000000000000E+000  0.100000000000000E+001  0.590000000000000E+001  0.000000000000000E+000 -0.500000000000000E+000
  0.125625000000000E+001 -0.601887209209284E+003  0.525661981909525E+001  0.185421216677992E+004 -0.151849890290573E+002 -0.703553475693316E+004  0.235394004859340E+002  0.100000000000000E+001  0.000000000000000E+000  0.000000000000000E+000  0.000000000000000E+000  0.100000000000000E+001  0.000000000000000E+000  0.000000000000000E+000  0.000000000000000E+000  0.100000000000000E+001  0.590000000000000E+001  0.000000000000000E+000 -0.500000000000000E+000
  0.125937500000000E+001 -0.601974420444315E+003  0.523560786522557E+001  0.185445035523786E+004 -0.151349548280991E+002 -0.703653802687348E+004  0.234527002447753E+002  0.100000000000000E+001  0.000000000000000E+000  0.000000000000000E+000  0.000000000000000E+000  0.100000000000000E+001  0.000000000000000E+000  0.000000000000000E+000  0.000000000000000E+000  0.100000000000000E+001  0.590000000000000E+001  0.000000000000000E+000 -0.500000000000000E+000
  0.126250000000000E+001 -0.602059814760225E+003  0.522174982803881E+001  0.185469761219305E+004 -0.151004937889807E+002 -0.703758749176794E+004  0.233989646275404E+002  0.100000000000000E+001  0.000000000000000E+000  0.000000000000000E+000  0.000000000000000E+000  0.100000000000000E+001  0.000000000000000E+000  0.000000000000000E+000  0.000000000000000E+000  0.100000000000000E+001  0.590000000000000E+001  0.000000000000000E+000 -0.500000000000000E+000
  0.126562500000000E+001 -0.602144914388685E+003  0.521226797874078E+001  0.185495408101553E+004 -0.150742396355013E+002 -0.703868137943185E+004  0.233663469286817E+002  0.100000000000000E+001  0.000000000000000E+000  0.000000000000000E+000  0.000000000000000E+000  0.100000000000000E+001  0.000000000000000E+000  0.000000000000000E+000  0.000000000000000E+000  0.100000000000000E+001  0.590000000000000E+001  0.000000000000000E+000 -0.500000000000000E+000
  0.126875000000000E+001 -0.602229057203344E+003  0.519500688815356E+001  0.185520792132512E+004 -0.150360110475722E+002 -0.703976361572289E+004  0.232993995689399E+002  0.100000000000000E+001  0.000000000000000E+000  0.000000000000000E+000  0.000000000000000E+000  0.100000000000000E+001  0.000000000000000E+000  0.000000000000000E+000  0.000000000000000E+000  0.100000000000000E+001  0.590000000000000E+001  0.000000000000000E+000 -0.500000000000000E+000
  0.127187500000000E+001 -0.602309979195700E+003  0.518721709410488E+001  0.185542343172744E+004 -0.150141667660009E+002 -0.704067421616941E+004  0.232712903147972E+002  0.100000000000000E+001  0.000000000000000E+000  0.000000000000000E+000  0.000000000000000E+000  0.100000000000000E+001  0.000000000000000E+000  0.000000000000000E+000  0.000000000000000E+000  0.100000000000000E+001  0.590000000000000E+001  0.000000000000000E+000 -0.500000000000000E+000
  0.127500000000000E+001 -0.602389148123957E+003  0.517367679915446E+001  0.185563542254325E+004 -0.149812188035321E+002 -0.704156635167302E+004  0.232181687076813E+002  0.100000000000000E+001  0.000000000000000E+000  0.000000000000000E+000  0.000000000000000E+000  0.100000000000000E+001  0.000000000000000E+000  0.000000000000000E+000  0.000000000000000E+000  0.100000000000000E+001  0.590000000000000E+001  0.000000000000000E+000 -0.500000000000000E+000
  0.127812500000000E+001 -0.602460047986330E+003  0.516093527155226E+001  0.185577386916103E+004 -0.149494622581105E+002 -0.704212304216720E+004  0.231684547073874E+002  0.100000000000000E+001  0.000000000000000E+000  0.000000000000000E+000  0.000000000000000E+000  0.100000000000000E+001  0.000000000000000E+000  0.000000000000000E+000  0.000000000000000E+000  0.100000000000000E+001  0.590000000000000E+001  0.000000000000000E+000 -0.500000000000000E+000
  0.128125000000000E+001 -0.602525960395555E+003  0.514988600648689E+001  0.185591287917718E+004 -0.149215922095764E+002 -0.704268422561831E+004  0.231262948335370E+002  0.100000000000000E+001  0.000000000000000E+000  0.000000000000000E+000  0.000000000000000E+000  0.100000000000000E+001  0.000000000000000E+000  0.000000000000000E+000  0.000000000000000E+000  0.100000000000000E+001  0.590000000000000E+001  0.000000000000000E+000 -0.500000000000000E+000
  0.128437500000000E+001 -0.602585278419397E+003  0.514283255192595E+001  0.185602966282785E+004 -0.149030069137002E+002 -0.704314879531328E+004  0.231028769591439E+002  0.100000000000000E+001  0.000000000000000E+000  0.000000000000000E+000  0.000000000000000E+000  0.100000000000000E+001  0.000000000000000E+000  0.000000000000000E+000  0.000000000000000E+000  0.100000000000000E+001  0.590000000000000E+001  0.000000000000000E+000 -0.500000000000000E+000
  0.128750000000000E+001 -0.602640384263762E+003  0.514161242434443E+001  0.185615625239936E+004 -0.148967842226866E+002 -0.704366534327572E+004  0.231034841806818E+002  0.100000000000000E+001  0.000000000000000E+000  0.000000000000000E+000  0.000000000000000E+000  0.100000000000000E+001  0.000000000000000E+000  0.000000000000000E+000  0.000000000000000E+000  0.100000000000000E+001  0.590000000000000E+001  0.000000000000000E+000 -0.500000000000000E+000
  0.129062500000000E+001 -0.602684998239034E+003  0.472305941006289E+001  0.185622400352262E+004 -0.139472271359664E+002 -0.704391950733077E+004  0.212146455461002E+002  0.100000000000000E+001  0.000000000000000E+000  0.000000000000000E+000  0.000000000000000E+000  0.100000000000000E+001  0.000000000000000E+000  0.000000000000000E+000  0.000000000000000E+000  0.100000000000000E+001  0.590000000000000E+001  0.000000000000000E+000 -0.500000000000000E+000
  0.129375000000000E+001 -0.602736078533497E+003  0.502581447207922E+001  0.185640125717081E+004 -0.146031699493637E+002 -0.704467984615802E+004  0.226238899485170E+002  0.100000000000000E+001  0.000000000000000E+000  0.000000000000000E+000  0.000000000000000E+000  0.100000000000000E+001  0.000000000000000E+000  0.000000000000000E+000  0.000000000000000E+000  0.100000000000000E+001  0.590000000000000E+001  0.000000000000000E+000 -0.500000000000000E+000
  0.129687500000000E+001 -0.602786654844333E+003  0.532750503323996E+001  0.185655883268288E+004 -0.152904198537462E+002 -0.704535801979440E+004  0.240047343606961E+002  0.100000000000000E+001  0.000000000000000E+000  0.000000000000000E+000  0.000000000000000E+000  0.100000000000000E+001  0.000000000000000E+000  0.000000000000000E+000  0.000000000000000E+000  0.100000000000000E+001  0.590000000000000E+001  0.000000000000000E+000 -0.500000000000000E+000
  0.130000000000000E+001 -0.602827160962070E+003  0.506183372090572E+001  0.185662048770054E+004 -0.147050724810233E+002 -0.704560130545117E+004  0.227860995124015E+002  0.100000000000000E+001  0.000000000000000E+000  0.000000000000000E+000  0.000000000000000E+000  0.100000000000000E+001  0.000000000000000E+000  0.000000000000000E+000  0.000000000000000E+000  0.100000000000000E+001  0.590000000000000E+001  0.000000000000000E+000 -0.500000000000000E+000
  0.130312500000000E+001 -0.602864383091312E+003  0.506554644381254E+001  0.185667536231597E+004 -0.147086363476392E+002 -0.704581687840435E+004  0.228054056215256E+002  0.100000000000000E+001  0.000000000000000E+000  0.000000000000000E+000  0.000000000000000E+000  0.100000000000000E+001  0.000000000000000E+000  0.000000000000000E+000  0.000000000000000E+000  0.100000000000000E+001  0.590000000000000E+001  0.000000000000000E+000 -0.500000000000000E+000
  0.130625000000000E+001 -0.602898632205292E+003  0.506826214297075E+001  0.185672635372674E+004 -0.147103133059431E+002 -0.704601913351968E+004  0.228226281493244E+002  0.100000000000000E+001  0.000000000000000E+000  0.000000000000000E+000  0.000000000000000E+000  0.100000000000000E+001  0.000000000000000E+000  0.000000000000000E+000  0.000000000000000E+000  0.100000000000000E+001  0.590000000000000E+001  0.000000000000000E+000 -0.500000000000000E+000
  0.130937500000000E+001 -0.602929450456408E+003  0.506901112170181E+001  0.185676948155454E+004 -0.147122771671184E+002 -0.704618671791541E+004  0.228322962185762E+002  0.100000000000000E+001  0.000000000000000E+000  0.000000000000000E+000  0.000000000000000E+000  0.100000000000000E+001  0.000000000000000E+000  0.000000000000000E+000  0.000000000000000E+000  0.100000000000000E+001  0.590000000000000E+001  0.000000000000000E+000 -0.500000000000000E+000
  0.131250000000000E+001 -0.602956500127201E+003  0.507612923675561E+001  0.185679994875989E+004 -0.147277120743734E+002 -0.704629992746021E+004  0.228672602246870E+002  0.100000000000000E+001  0.000000000000000E+000  0.000000000000000E+000  0.000000000000000E+000  0.100000000000000E+001  0.000000000000000E+000  0.000000000000000E+000  0.000000000000000E+000  0.100000000000000E+001  0.590000000000000E+001  0.000000000000000E+000 -0.500000000000000E+000
  0.131562500000000E+001 -0.602980936137877E+003  0.507954632305041E+001  0.185683578621322E+004 -0.147358089920785E+002 -0.704643962717656E+004  0.228839605467306E+002  0.100000000000000E+001  0.000000000000000E+000  0.000000000000000E+000  0.000000000000000E+000  0.100000000000000E+001  0.000000000000000E+000  0.000000000000000E+000  0.000000000000000E+000  0.100000000000000E+001  0.590000000000000E+001  0.000000000000000E+000 -0.500000000000000E+000
  0.131875000000000E+001 -0.603002786930366E+003  0.508340345708098E+001  0.185687183637357E+004 -0.147449726303284E+002 -0.704658242286877E+004  0.229018467656142E+002  0.100000000000000E+001  0.000000000000000E+000  0.000000000000000E+000  0.000000000000000E+000  0.100000000000000E+001  0.000000000000000E+000  0.000000000000000E+000  0.000000000000000E+000  0.100000000000000E+001  0.590000000000000E+001  0.000000000000000E+000 -0.500000000000000E+000
  0.132187500000000E+001 -0.603022202522066E+003  0.508571716935535E+001  0.185690484034469E+004 -0.147507983503929E+002 -0.704671354592383E+004  0.229123183849488E+002  0.100000000000000E+001  0.000000000000000E+000  0.000000000000000E+000  0.000000000000000E+000  0.100000000000000E+001  0.000000000000000E+000  0.000000000000000E+000  0.000000000000000E+000  0.100000000000000E+001  0.590000000000000E+001  0.000000000000000E+000 -0.500000000000000E+000
  0.132500000000000E+001 -0.603039783402651E+003  0.508717317253218E+001  0.185693597784710E+004 -0.147549835007444E+002 -0.704683782791911E+004  0.229199916030393E+002  0.100000000000000E+001  0.000000000000000E+000  0.000000000000000E+000  0.000000000000000E+000  0.100000000000000E+001  0.000000000000000E+000  0.000000000000000E+000  0.000000000000000E+000  0.100000000000000E+001  0.590000000000000E+001  0.000000000000000E+000 -0.500000000000000E+000
  0.132812500000000E+001 -0.603055474756336E+003  0.508625592768703E+001  0.185696597759263E+004 -0.147576105927528E+002 -0.704695841658567E+004  0.229162538774372E+002  0.100000000000000E+001  0.000000000000000E+000  0.000000000000000E+000  0.000000000000000E+000  0.100000000000000E+001  0.000000000000000E+000  0.000000000000000E+000  0.000000000000000E+000  0.100000000000000E+001  0.590000000000000E+001  0.000000000000000E+000 -0.500000000000000E+000
  0.133125000000000E+001 -0.603069830978895E+003  0.509422557758171E+001  0.185698634850428E+004 -0.147715975080691E+002 -0.704704036450432E+004  0.229476338985869E+002  0.100000000000000E+001  0.000000000000000E+000  0.000000000000000E+000  0.000000000000000E+000  0.100000000000000E+001  0.000000000000000E+000  0.000000000000000E+000  0.000000000000000E+000  0.100000000000000E+001  0.590000000000000E+001  0.000000000000000E+000 -0.500000000000000E+000
  0.133437500000000E+001 -0.603083569831219E+003  0.509492785859015E+001  0.185700754713681E+004 -0.147680653622665E+002 -0.704712531358877E+004  0.229503732523813E+002  0.100000000000000E+001  0.000000000000000E+000  0.000000000000000E+000  0.000000000000000E+000  0.100000000000000E+001  0.000000000000000E+000  0.000000000000000E+000  0.000000000000000E+000  0.100000000000000E+001  0.590000000000000E+001  0.000000000000000E+000 -0.500000000000000E+000
  0.133750000000000E+001 -0.603096190615248E+003  0.508351138660942E+001  0.185703478095224E+004 -0.147451316150105E+002 -0.704723367421765E+004  0.229032827150936E+002  0.100000000000000E+001  0.000000000000000E+000  0.000000000000000E+000  0.000000000000000E+000  0.100000000000000E+001  0.000000000000000E+000  0.000000000000000E+000  0.000000000000000E+000  0.100000000000000E+001  0.590000000000000E+001  0.000000000000000E+000 -0.500000000000000E+000
  0.134062500000000E+001 -0.603106940443121E+003  0.508029304665342E+001  0.185705545823040E+004 -0.147419538347399E+002 -0.704731370773858E+004  0.228892842268006E+002  0.100000000000000E+001  0.000000000000000E+000  0.000000000000000E+000  0.000000000000000E+000  0.100000000000000E+001  0.000000000000000E+000  0.000000000000000E+000  0.000000000000000E+000  0.100000000000000E+001  0.590000000000000E+001  0.000000000000000E+000 -0.500000000000000E+000
  0.134375000000000E+001 -0.603116503891602E+003  0.508976260338386E+001  0.185706704103312E+004 -0.147595791129261E+002 -0.704735729747551E+004  0.229277970680123E+002  0.100000000000000E+001  0.000000000000000E+000  0.000000000000000E+000  0.000000000000000E+000  0.100000000000000E+001  0.000000000000000E+000  0.000000000000000E+000  0.000000000000000E+000  0.100000000000000E+001  0.590000000000000E+001  0.000000000000000E+000 -0.500000000000000E+000
  0.134687500000000E+001 -0.603125511629980E+003  0.508770937228314E+001  0.185708740906493E+004 -0.147540826564609E+002 -0.704744104649422E+004  0.229158448656885E+002  0.100000000000000E+001  0.000000000000000E+000  0.000000000000000E+000  0.000000000000000E+000  0.100000000000000E+001  0.000000000000000E+000  0.000000000000000E+000  0.000000000000000E+000  0.100000000000000E+001  0.590000000000000E+001  0.000000000000000E+000 -0.500000000000000E+000
  0.135000000000000E+001 -0.603134119199150E+003  0.508648499611309E+001  0.185710591056903E+004 -0.147464812564658E+002 -0.704751685997074E+004  0.229093139245379E+002  0.100000000000000E+001  0.000000000000000E+000  0.000000000000000E+000  0.000000000000000E+000  0.100000000000000E+001  0.000000000000000E+000  0.000000000000000E+000  0.000000000000000E+000  0.100000000000000E+001  0.590000000000000E+001  0.000000000000000E+000 -0.500000000000000E+000
  0.135312500000000E+001 -0.603116991189653E+003  0.465711954156654E+001  0.185733034193109E+004 -0.136090083797490E+002 -0.704865027775383E+004  0.207779591047261E+002  0.100000000000000E+001  0.000000000000000E+000  0.000000000000000E+000  0.000000000000000E+000  0.100000000000000E+001  0.000000000000000E+000  0.000000000000000E+000  0.000000000000000E+000  0.100000000000000E+001  0.590000000000000E+001  0.000000000000000E+000 -0.500000000000000E+000
  0.135625000000000E+001 -0.603141122746468E+003  0.505741249285666E+001  0.185714860322872E+004 -0.146675398350653E+002 -0.704772045700332E+004  0.227671855247331E+002  0.100000000000000E+001  0.000000000000000E+000  0.000000000000000E+000  0.000000000000000E+000  0.100000000000000E+001  0.000000000000000E+000  0.000000000000000E+000  0.000000000000000E+000  0.100000000000000E+001  0.590000000000000E+001  0.000000000000000E+000 -0.500000000000000E+000
  0.135937500000000E+001 -0.603157720885642E+003  0.499033208351534E+001  0.185720549522968E+004 -0.145473920969039E+002 -0.704795822657093E+004  0.224909865518321E+002  0.100000000000000E+001  0.000000000000000E+000  0.000000000000000E+000  0.000000000000000E+000  0.100000000000000E+001  0.000000000000000E+000  0.000000000000000E+000  0.000000000000000E+000  0.100000000000000E+001  0.590000000000000E+001  0.000000000000000E+000 -0.500000000000000E+000
  0.136250000000000E+001 -0.603168228741279E+003  0.494902035711789E+001  0.185724811701659E+004 -0.144516454942718E+002 -0.704812984739965E+004  0.223260430660976E+002  0.100000000000000E+001  0.000000000000000E+000  0.000000000000000E+000  0.000000000000000E+000  0.100000000000000E+001  0.000000000000000E+000  0.000000000000000E+000  0.000000000000000E+000  0.100000000000000E+001  0.590000000000000E+001  0.000000000000000E+000 -0.500000000000000E+000
  0.136562500000000E+001 -0.603192657405933E+003  0.620204519105914E+001  0.185742422261583E+004 -0.173833236195314E+002 -0.704890982645937E+004  0.280846127095801E+002  0.100000000000000E+001  0.000000000000000E+000  0.000000000000000E+000  0.000000000000000E+000  0.100000000000000E+001  0.000000000000000E+000  0.000000000000000E+000  0.000000000000000E+000  0.100000000000000E+001  0.590000000000000E+001  0.000000000000000E+000 -0.500000000000000E+000
  0.136875000000000E+001 -0.603199021070935E+003  0.549202265543659E+001  0.185720876251126E+004 -0.157674447676982E+002 -0.704785262801726E+004  0.248803836649231E+002  0.100000000000000E+001  0.000000000000000E+000  0.000000000000000E+000  0.000000000000000E+000  0.100000000000000E+001  0.000000000000000E+000  0.000000000000000E+000  0.000000000000000E+000  0.100000000000000E+001  0.590000000000000E+001  0.000000000000000E+000 -0.500000000000000E+000
  0.137187500000000E+001 -0.603208914939531E+003  0.514683256126182E+001  0.185740714578665E+004 -0.149146880067601E+002 -0.704888398917880E+004  0.230540410127401E+002  0.100000000000000E+001  0.000000000000000E+000  0.000000000000000E+000  0.000000000000000E+000  0.100000000000000E+001  0.000000000000000E+000  0.000000000000000E+000  0.000000000000000E+000  0.100000000000000E+001  0.590000000000000E+001  0.000000000000000E+000 -0.500000000000000E+000
  0.137500000000000E+001 -0.603210918647701E+003  0.520611108605635E+001  0.185738106824986E+004 -0.150724429889992E+002 -0.704874677510395E+004  0.233044915618752E+002  0.100000000000000E+001  0.000000000000000E+000  0.000000000000000E+000  0.000000000000000E+000  0.100000000000000E+001  0.000000000000000E+000  0.000000000000000E+000  0.000000000000000E+000  0.100000000000000E+001  0.590000000000000E+001  0.000000000000000E+000 -0.500000000000000E+000
  0.137812500000000E+001 -0.603213518922983E+003  0.530743570910727E+001  0.185733760526335E+004 -0.153420275804779E+002 -0.704849876267040E+004  0.238100921786936E+002  0.100000000000000E+001  0.000000000000000E+000  0.000000000000000E+000  0.000000000000000E+000  0.100000000000000E+001  0.000000000000000E+000  0.000000000000000E+000  0.000000000000000E+000  0.100000000000000E+001  0.590000000000000E+001  0.000000000000000E+000 -0.500000000000000E+000
  0.138125000000000E+001 -0.603217434891018E+003  0.534919876455183E+001  0.185732849726104E+004 -0.154300581536545E+002 -0.704844471832925E+004  0.239933719491123E+002  0.100000000000000E+001  0.000000000000000E+000  0.000000000000000E+000  0.000000000000000E+000  0.100000000000000E+001  0.000000000000000E+000  0.000000000000000E+000  0.000000000000000E+000  0.100000000000000E+001  0.590000000000000E+001  0.000000000000000E+000 -0.500000000000000E+000
  0.138437500000000E+001 -0.603221476512771E+003  0.535161547669190E+001  0.185734664853691E+004 -0.154404643112393E+002 -0.704851816242866E+004  0.239969036072598E+002  0.100000000000000E+001  0.000000000000000E+000  0.000000000000000E+000  0.000000000000000E+000  0.100000000000000E+001  0.000000000000000E+000  0.000000000000000E+000  0.000000000000000E+000  0.100000000000000E+001  0.590000000000000E+001  0.000000000000000E+000 -0.500000000000000E+000
  0.138750000000000E+001 -0.603225428435888E+003  0.537180289055436E+001  0.185735079084179E+004 -0.154757468153111E+002 -0.704853524132565E+004  0.240777639668427E+002  0.100000000000000E+001  0.000000000000000E+000  0.000000000000000E+000  0.000000000000000E+000  0.100000000000000E+001  0.000000000000000E+000  0.000000000000000E+000  0.000000000000000E+000  0.100000000000000E+001  0.590000000000000E+001  0.000000000000000E+000 -0.500000000000000E+000
  0.139062500000000E+001 -0.603229200141977E+003  0.536834236649997E+001  0.185736922861064E+004 -0.154748293087446E+002 -0.704861351650018E+004  0.240610638394724E+002  0.100000000000000E+001  0.000000000000000E+000  0.000000000000000E+000  0.000000000000000E+000  0.100000000000000E+001  0.000000000000000E+000  0.000000000000000E+000  0.000000000000000E+000  0.100000000000000E+001  0.590000000000000E+001  0.000000000000000E+000 -0.500000000000000E+000
  0.139375000000000E+001 -0.603232982101026E+003  0.538232213818765E+001  0.185737057564200E+004 -0.154983722735374E+002 -0.704861999508164E+004  0.241207614731034E+002  0.100000000000000E+001  0.000000000000000E+000  0.000000000000000E+000  0.000000000000000E+000  0.100000000000000E+001  0.000000000000000E+000  0.000000000000000E+000  0.000000000000000E+000  0.100000000000000E+001  0.590000000000000E+001  0.000000000000000E+000 -0.500000000000000E+000
  0.139687500000000E+001 -0.603236714535934E+003  0.537212656168799E+001  0.185738569386885E+004 -0.154834043297687E+002 -0.704868478325595E+004  0.240779310637477E+002  0.100000000000000E+001  0.000000000000000E+000  0.000000000000000E+000  0.000000000000000E+000  0.100000000000000E+001  0.000000000000000E+000  0.000000000000000E+000  0.000000000000000E+000  0.100000000000000E+001  0.590000000000000E+001  0.000000000000000E+000 -0.500000000000000E+000
  0.140000000000000E+001 -0.603240082023698E+003  0.537935109280306E+001  0.185738548351796E+004 -0.154961829936310E+002 -0.704868379364463E+004  0.241075877421372E+002  0.100000000000000E+001  0.000000000000000E+000  0.000000000000000E+000  0.000000000000000E+000  0.100000000000000E+001  0.000000000000000E+000  0.000000000000000E+000  0.000000000000000E+000  0.100000000000000E+001  0.590000000000000E+001  0.000000000000000E+000 -0.500000000000000E+000

