 # Integral loads: N.components: 2
 #                 Ref.sys     : Stability
 #                 Components  : lerx_right , lerx_left
 #  t , Fx , Fy , Fz , Mx , My , Mz , ref_mat(9) , ref_off(3) 
  0.100000000000000E+001 -0.275725458378690E+004  0.146675120049622E-006  0.113567990628792E+005  0.207088305614889E-006  0.179524363212238E+005 -0.125669885164825E-006  0.100000000000000E+001  0.000000000000000E+000  0.000000000000000E+000  0.000000000000000E+000  0.100000000000000E+001  0.000000000000000E+000  0.000000000000000E+000  0.000000000000000E+000  0.100000000000000E+001  0.590000000000000E+001  0.000000000000000E+000 -0.500000000000000E+000
  0.100312500000000E+001 -0.384316549151854E+004  0.217973138205707E-006  0.100311538220802E+005  0.840291249915026E-007  0.144497356818051E+005 -0.172211912286002E-006  0.100000000000000E+001  0.000000000000000E+000  0.000000000000000E+000  0.000000000000000E+000  0.100000000000000E+001  0.000000000000000E+000  0.000000000000000E+000  0.000000000000000E+000  0.100000000000000E+001  0.590000000000000E+001  0.000000000000000E+000 -0.500000000000000E+000
  0.100625000000000E+001 -0.438590981428891E+004  0.317513695335947E-006  0.104566014879767E+005  0.117380295705516E-006  0.147045194243670E+005 -0.238606844504829E-006  0.100000000000000E+001  0.000000000000000E+000  0.000000000000000E+000  0.000000000000000E+000  0.100000000000000E+001  0.000000000000000E+000  0.000000000000000E+000  0.000000000000000E+000  0.100000000000000E+001  0.590000000000000E+001  0.000000000000000E+000 -0.500000000000000E+000
  0.100937500000000E+001 -0.469555196129840E+004  0.423055098508485E-006  0.107205083066272E+005  0.157469912664965E-006  0.148925765307659E+005 -0.307833488477627E-006  0.100000000000000E+001  0.000000000000000E+000  0.000000000000000E+000  0.000000000000000E+000  0.100000000000000E+001  0.000000000000000E+000  0.000000000000000E+000  0.000000000000000E+000  0.100000000000000E+001  0.590000000000000E+001  0.000000000000000E+000 -0.500000000000000E+000
  0.101250000000000E+001 -0.490742663823264E+004  0.524013557878789E-006  0.109209834572722E+005  0.195167558558751E-006  0.150631554916491E+005 -0.373434886569157E-006  0.100000000000000E+001  0.000000000000000E+000  0.000000000000000E+000  0.000000000000000E+000  0.100000000000000E+001  0.000000000000000E+000  0.000000000000000E+000  0.000000000000000E+000  0.100000000000000E+001  0.590000000000000E+001  0.000000000000000E+000 -0.500000000000000E+000
  0.101562500000000E+001 -0.507396691064254E+004  0.640843609289732E-006  0.110927116837748E+005  0.295252903015353E-006  0.152270085788232E+005 -0.450072548119351E-006  0.100000000000000E+001  0.000000000000000E+000  0.000000000000000E+000  0.000000000000000E+000  0.100000000000000E+001  0.000000000000000E+000  0.000000000000000E+000  0.000000000000000E+000  0.100000000000000E+001  0.590000000000000E+001  0.000000000000000E+000 -0.500000000000000E+000
  0.101875000000000E+001 -0.521706135734755E+004 -0.140383061584544E+000  0.112485739218557E+005 -0.190144041340318E+000  0.153856737097540E+005  0.953880162001042E-001  0.100000000000000E+001  0.000000000000000E+000  0.000000000000000E+000  0.000000000000000E+000  0.100000000000000E+001  0.000000000000000E+000  0.000000000000000E+000  0.000000000000000E+000  0.100000000000000E+001  0.590000000000000E+001  0.000000000000000E+000 -0.500000000000000E+000
  0.102187500000000E+001 -0.534406249815759E+004 -0.104164747534014E+000  0.113894702059819E+005 -0.439621365985658E-001  0.155328245284333E+005  0.635982887251885E-001  0.100000000000000E+001  0.000000000000000E+000  0.000000000000000E+000  0.000000000000000E+000  0.100000000000000E+001  0.000000000000000E+000  0.000000000000000E+000  0.000000000000000E+000  0.100000000000000E+001  0.590000000000000E+001  0.000000000000000E+000 -0.500000000000000E+000
  0.102500000000000E+001 -0.546023309169880E+004 -0.939003289940956E-001  0.115201092689232E+005 -0.210469057310547E-001  0.156717313066364E+005  0.561937618595039E-001  0.100000000000000E+001  0.000000000000000E+000  0.000000000000000E+000  0.000000000000000E+000  0.100000000000000E+001  0.000000000000000E+000  0.000000000000000E+000  0.000000000000000E+000  0.100000000000000E+001  0.590000000000000E+001  0.000000000000000E+000 -0.500000000000000E+000
  0.102812500000000E+001 -0.556703951015528E+004 -0.810669326447169E-001  0.116402337590514E+005  0.517458568447182E-002  0.158000893114403E+005  0.478683276764968E-001  0.100000000000000E+001  0.000000000000000E+000  0.000000000000000E+000  0.000000000000000E+000  0.100000000000000E+001  0.000000000000000E+000  0.000000000000000E+000  0.000000000000000E+000  0.100000000000000E+001  0.590000000000000E+001  0.000000000000000E+000 -0.500000000000000E+000
  0.103125000000000E+001 -0.566501146397485E+004  0.572938566101584E-001  0.117499115321116E+005  0.245157933104565E+000  0.159172940558762E+005 -0.443081310622802E-001  0.100000000000000E+001  0.000000000000000E+000  0.000000000000000E+000  0.000000000000000E+000  0.100000000000000E+001  0.000000000000000E+000  0.000000000000000E+000  0.000000000000000E+000  0.100000000000000E+001  0.590000000000000E+001  0.000000000000000E+000 -0.500000000000000E+000
  0.103437500000000E+001 -0.575710367389357E+004  0.584312050975313E+000  0.118529624704302E+005  0.886802923917458E+000  0.160279452332817E+005 -0.394241343055455E+000  0.100000000000000E+001  0.000000000000000E+000  0.000000000000000E+000  0.000000000000000E+000  0.100000000000000E+001  0.000000000000000E+000  0.000000000000000E+000  0.000000000000000E+000  0.100000000000000E+001  0.590000000000000E+001  0.000000000000000E+000 -0.500000000000000E+000
  0.103750000000000E+001 -0.584189720923035E+004  0.112864709825044E+001  0.119460066620241E+005  0.147942277610673E+001  0.161267426265784E+005 -0.736733869559885E+000  0.100000000000000E+001  0.000000000000000E+000  0.000000000000000E+000  0.000000000000000E+000  0.100000000000000E+001  0.000000000000000E+000  0.000000000000000E+000  0.000000000000000E+000  0.100000000000000E+001  0.590000000000000E+001  0.000000000000000E+000 -0.500000000000000E+000
  0.104062500000000E+001 -0.591816819575078E+004 -0.873573461076376E-001  0.120284696355931E+005  0.726059180587072E+000  0.162134176763203E+005  0.120759450061996E+000  0.100000000000000E+001  0.000000000000000E+000  0.000000000000000E+000  0.000000000000000E+000  0.100000000000000E+001  0.000000000000000E+000  0.000000000000000E+000  0.000000000000000E+000  0.100000000000000E+001  0.590000000000000E+001  0.000000000000000E+000 -0.500000000000000E+000
  0.104375000000000E+001 -0.598579664599547E+004  0.141593878995900E+001  0.121006171774612E+005  0.201179215018874E+001  0.162885663013502E+005 -0.926685564387299E+000  0.100000000000000E+001  0.000000000000000E+000  0.000000000000000E+000  0.000000000000000E+000  0.100000000000000E+001  0.000000000000000E+000  0.000000000000000E+000  0.000000000000000E+000  0.100000000000000E+001  0.590000000000000E+001  0.000000000000000E+000 -0.500000000000000E+000
  0.104687500000000E+001 -0.604895804721422E+004  0.960494746982476E+000  0.121685625514052E+005  0.822516610815001E+000  0.163601796554425E+005 -0.561601399544998E+000  0.100000000000000E+001  0.000000000000000E+000  0.000000000000000E+000  0.000000000000000E+000  0.100000000000000E+001  0.000000000000000E+000  0.000000000000000E+000  0.000000000000000E+000  0.100000000000000E+001  0.590000000000000E+001  0.000000000000000E+000 -0.500000000000000E+000
  0.105000000000000E+001 -0.610764917507311E+004  0.155336203844854E+000  0.122308066496620E+005 -0.841185230183328E-002  0.164252940325682E+005 -0.187920278158344E-001  0.100000000000000E+001  0.000000000000000E+000  0.000000000000000E+000  0.000000000000000E+000  0.100000000000000E+001  0.000000000000000E+000  0.000000000000000E+000  0.000000000000000E+000  0.100000000000000E+001  0.590000000000000E+001  0.000000000000000E+000 -0.500000000000000E+000
  0.105312500000000E+001 -0.616240302028865E+004 -0.843264734684453E+000  0.122882994906671E+005 -0.175566406328471E+000  0.164851733987067E+005  0.627657107223968E+000  0.100000000000000E+001  0.000000000000000E+000  0.000000000000000E+000  0.000000000000000E+000  0.100000000000000E+001  0.000000000000000E+000  0.000000000000000E+000  0.000000000000000E+000  0.100000000000000E+001  0.590000000000000E+001  0.000000000000000E+000 -0.500000000000000E+000
  0.105625000000000E+001 -0.621272001473476E+004 -0.234271591461857E+001  0.123407115019458E+005 -0.646072129244203E+000  0.165394245132076E+005  0.158078492601180E+001  0.100000000000000E+001  0.000000000000000E+000  0.000000000000000E+000  0.000000000000000E+000  0.100000000000000E+001  0.000000000000000E+000  0.000000000000000E+000  0.000000000000000E+000  0.100000000000000E+001  0.590000000000000E+001  0.000000000000000E+000 -0.500000000000000E+000
  0.105937500000000E+001 -0.625863129610469E+004 -0.348188294615557E+001  0.123889816228406E+005 -0.115437185554674E+001  0.165895958050466E+005  0.225848699380458E+001  0.100000000000000E+001  0.000000000000000E+000  0.000000000000000E+000  0.000000000000000E+000  0.100000000000000E+001  0.000000000000000E+000  0.000000000000000E+000  0.000000000000000E+000  0.100000000000000E+001  0.590000000000000E+001  0.000000000000000E+000 -0.500000000000000E+000
  0.106250000000000E+001 -0.629865956069145E+004 -0.252248390303521E+001  0.124304434822707E+005 -0.118717412688056E+000  0.166320523987907E+005  0.154602956748931E+001  0.100000000000000E+001  0.000000000000000E+000  0.000000000000000E+000  0.000000000000000E+000  0.100000000000000E+001  0.000000000000000E+000  0.000000000000000E+000  0.000000000000000E+000  0.100000000000000E+001  0.590000000000000E+001  0.000000000000000E+000 -0.500000000000000E+000
  0.106562500000000E+001 -0.633552960454457E+004 -0.482854169089842E+001  0.124692556099952E+005 -0.233466514219799E+001  0.166724513942991E+005  0.310706147632391E+001  0.100000000000000E+001  0.000000000000000E+000  0.000000000000000E+000  0.000000000000000E+000  0.100000000000000E+001  0.000000000000000E+000  0.000000000000000E+000  0.000000000000000E+000  0.100000000000000E+001  0.590000000000000E+001  0.000000000000000E+000 -0.500000000000000E+000
  0.106875000000000E+001 -0.636993816825065E+004 -0.640593500858813E+001  0.125053750988739E+005 -0.298984154789377E+001  0.167100809635789E+005  0.407064168947181E+001  0.100000000000000E+001  0.000000000000000E+000  0.000000000000000E+000  0.000000000000000E+000  0.100000000000000E+001  0.000000000000000E+000  0.000000000000000E+000  0.000000000000000E+000  0.100000000000000E+001  0.590000000000000E+001  0.000000000000000E+000 -0.500000000000000E+000
  0.107187500000000E+001 -0.640150330821723E+004 -0.594091577964718E+001  0.125385560192211E+005 -0.222167908726442E+001  0.167446044968856E+005  0.366798101613404E+001  0.100000000000000E+001  0.000000000000000E+000  0.000000000000000E+000  0.000000000000000E+000  0.100000000000000E+001  0.000000000000000E+000  0.000000000000000E+000  0.000000000000000E+000  0.100000000000000E+001  0.590000000000000E+001  0.000000000000000E+000 -0.500000000000000E+000
  0.107500000000000E+001 -0.643121588479818E+004 -0.546799027528505E+001  0.125698040021963E+005 -0.198218753739184E+001  0.167772443724862E+005  0.334058474511130E+001  0.100000000000000E+001  0.000000000000000E+000  0.000000000000000E+000  0.000000000000000E+000  0.100000000000000E+001  0.000000000000000E+000  0.000000000000000E+000  0.000000000000000E+000  0.100000000000000E+001  0.590000000000000E+001  0.000000000000000E+000 -0.500000000000000E+000
  0.107812500000000E+001 -0.646017250169429E+004 -0.494362076644120E+001  0.125993623605710E+005 -0.165533891493851E+001  0.168077999787976E+005  0.300140055584507E+001  0.100000000000000E+001  0.000000000000000E+000  0.000000000000000E+000  0.000000000000000E+000  0.100000000000000E+001  0.000000000000000E+000  0.000000000000000E+000  0.000000000000000E+000  0.100000000000000E+001  0.590000000000000E+001  0.000000000000000E+000 -0.500000000000000E+000
  0.108125000000000E+001 -0.648969302466597E+004 -0.273641677182786E+001  0.126304850855937E+005 -0.254175458003374E-001  0.168407165474687E+005  0.154648633551005E+001  0.100000000000000E+001  0.000000000000000E+000  0.000000000000000E+000  0.000000000000000E+000  0.100000000000000E+001  0.000000000000000E+000  0.000000000000000E+000  0.000000000000000E+000  0.100000000000000E+001  0.590000000000000E+001  0.000000000000000E+000 -0.500000000000000E+000
  0.108437500000000E+001 -0.652464335817065E+004 -0.256458354603001E+001  0.126695978637506E+005 -0.556828983511878E+000  0.168839698139468E+005  0.152595665509671E+001  0.100000000000000E+001  0.000000000000000E+000  0.000000000000000E+000  0.000000000000000E+000  0.100000000000000E+001  0.000000000000000E+000  0.000000000000000E+000  0.000000000000000E+000  0.100000000000000E+001  0.590000000000000E+001  0.000000000000000E+000 -0.500000000000000E+000
  0.108750000000000E+001 -0.656191674797341E+004 -0.384731590012325E+001  0.127094251597877E+005 -0.143236118917139E+001  0.169267032696810E+005  0.241015804855942E+001  0.100000000000000E+001  0.000000000000000E+000  0.000000000000000E+000  0.000000000000000E+000  0.100000000000000E+001  0.000000000000000E+000  0.000000000000000E+000  0.000000000000000E+000  0.100000000000000E+001  0.590000000000000E+001  0.000000000000000E+000 -0.500000000000000E+000
  0.109062500000000E+001 -0.658405323652099E+004 -0.321290480586595E+001  0.127268352433043E+005 -0.454678000551212E+000  0.169399177919095E+005  0.194076788189068E+001  0.100000000000000E+001  0.000000000000000E+000  0.000000000000000E+000  0.000000000000000E+000  0.100000000000000E+001  0.000000000000000E+000  0.000000000000000E+000  0.000000000000000E+000  0.100000000000000E+001  0.590000000000000E+001  0.000000000000000E+000 -0.500000000000000E+000
  0.109375000000000E+001 -0.660236806301163E+004 -0.262606540864545E+001  0.127444943893844E+005 -0.481744185881325E-001  0.169570467102167E+005  0.155279004288150E+001  0.100000000000000E+001  0.000000000000000E+000  0.000000000000000E+000  0.000000000000000E+000  0.100000000000000E+001  0.000000000000000E+000  0.000000000000000E+000  0.000000000000000E+000  0.100000000000000E+001  0.590000000000000E+001  0.000000000000000E+000 -0.500000000000000E+000
  0.109687500000000E+001 -0.661484861730171E+004 -0.305338715634844E+001  0.127552109616015E+005 -0.183092377892808E+001  0.169661613147421E+005  0.189730630529357E+001  0.100000000000000E+001  0.000000000000000E+000  0.000000000000000E+000  0.000000000000000E+000  0.100000000000000E+001  0.000000000000000E+000  0.000000000000000E+000  0.000000000000000E+000  0.100000000000000E+001  0.590000000000000E+001  0.000000000000000E+000 -0.500000000000000E+000
  0.110000000000000E+001 -0.663130843308772E+004 -0.944607512208677E+000  0.127731721201457E+005 -0.337088218475401E-002  0.169858880147387E+005  0.479107197083977E+000  0.100000000000000E+001  0.000000000000000E+000  0.000000000000000E+000  0.000000000000000E+000  0.100000000000000E+001  0.000000000000000E+000  0.000000000000000E+000  0.000000000000000E+000  0.100000000000000E+001  0.590000000000000E+001  0.000000000000000E+000 -0.500000000000000E+000
  0.110312500000000E+001 -0.664392660956226E+004 -0.892428094331990E+000  0.127847407958641E+005 -0.686774566875101E+000  0.169966304844176E+005  0.523608512102328E+000  0.100000000000000E+001  0.000000000000000E+000  0.000000000000000E+000  0.000000000000000E+000  0.100000000000000E+001  0.000000000000000E+000  0.000000000000000E+000  0.000000000000000E+000  0.100000000000000E+001  0.590000000000000E+001  0.000000000000000E+000 -0.500000000000000E+000
  0.110625000000000E+001 -0.665967565617866E+004 -0.166559199917992E+001  0.128015540649382E+005  0.166726618754183E+000  0.170148723997824E+005  0.103118951490433E+001  0.100000000000000E+001  0.000000000000000E+000  0.000000000000000E+000  0.000000000000000E+000  0.100000000000000E+001  0.000000000000000E+000  0.000000000000000E+000  0.000000000000000E+000  0.100000000000000E+001  0.590000000000000E+001  0.000000000000000E+000 -0.500000000000000E+000
  0.110937500000000E+001 -0.666676841153596E+004 -0.203901975100234E+001  0.128056857453295E+005 -0.104223860497405E+001  0.170162726867053E+005  0.128311758414475E+001  0.100000000000000E+001  0.000000000000000E+000  0.000000000000000E+000  0.000000000000000E+000  0.100000000000000E+001  0.000000000000000E+000  0.000000000000000E+000  0.000000000000000E+000  0.100000000000000E+001  0.590000000000000E+001  0.000000000000000E+000 -0.500000000000000E+000
  0.111250000000000E+001 -0.667604538471662E+004 -0.190384004873158E+001  0.128161994051875E+005 -0.969722650021140E+000  0.170279765392139E+005  0.117546379475516E+001  0.100000000000000E+001  0.000000000000000E+000  0.000000000000000E+000  0.000000000000000E+000  0.100000000000000E+001  0.000000000000000E+000  0.000000000000000E+000  0.000000000000000E+000  0.100000000000000E+001  0.590000000000000E+001  0.000000000000000E+000 -0.500000000000000E+000
  0.111562500000000E+001 -0.668521856117945E+004 -0.166910811807611E+000  0.128250347664090E+005 -0.263378727107010E+000  0.170368241698191E+005  0.214426701259072E-001  0.100000000000000E+001  0.000000000000000E+000  0.000000000000000E+000  0.000000000000000E+000  0.100000000000000E+001  0.000000000000000E+000  0.000000000000000E+000  0.000000000000000E+000  0.100000000000000E+001  0.590000000000000E+001  0.000000000000000E+000 -0.500000000000000E+000
  0.111875000000000E+001 -0.669166330641715E+004 -0.974354641006357E+000  0.128307033536974E+005 -0.283091183913348E+001  0.170418189377411E+005  0.658239157733078E+000  0.100000000000000E+001  0.000000000000000E+000  0.000000000000000E+000  0.000000000000000E+000  0.100000000000000E+001  0.000000000000000E+000  0.000000000000000E+000  0.000000000000000E+000  0.100000000000000E+001  0.590000000000000E+001  0.000000000000000E+000 -0.500000000000000E+000
  0.112187500000000E+001 -0.669700979858041E+004 -0.148769664301653E+001  0.128351989780582E+005 -0.175509705768491E+000  0.170457688364857E+005  0.946058852619899E+000  0.100000000000000E+001  0.000000000000000E+000  0.000000000000000E+000  0.000000000000000E+000  0.100000000000000E+001  0.000000000000000E+000  0.000000000000000E+000  0.000000000000000E+000  0.100000000000000E+001  0.590000000000000E+001  0.000000000000000E+000 -0.500000000000000E+000
  0.112500000000000E+001 -0.669740130812913E+004 -0.117123858712057E+001  0.128340235082215E+005  0.272656294201624E+000  0.170429720021396E+005  0.700540105266555E+000  0.100000000000000E+001  0.000000000000000E+000  0.000000000000000E+000  0.000000000000000E+000  0.100000000000000E+001  0.000000000000000E+000  0.000000000000000E+000  0.000000000000000E+000  0.100000000000000E+001  0.590000000000000E+001  0.000000000000000E+000 -0.500000000000000E+000
  0.112812500000000E+001 -0.670151157345204E+004 -0.475464015653415E-001  0.128396316612129E+005  0.256702970149581E+001  0.170500020761463E+005 -0.864733542639442E-001  0.100000000000000E+001  0.000000000000000E+000  0.000000000000000E+000  0.000000000000000E+000  0.100000000000000E+001  0.000000000000000E+000  0.000000000000000E+000  0.000000000000000E+000  0.100000000000000E+001  0.590000000000000E+001  0.000000000000000E+000 -0.500000000000000E+000
  0.113125000000000E+001 -0.670499654119017E+004 -0.478626938514935E+000  0.128424437095750E+005 -0.199386410836451E+001  0.170524254413496E+005  0.332252706592044E+000  0.100000000000000E+001  0.000000000000000E+000  0.000000000000000E+000  0.000000000000000E+000  0.100000000000000E+001  0.000000000000000E+000  0.000000000000000E+000  0.000000000000000E+000  0.100000000000000E+001  0.590000000000000E+001  0.000000000000000E+000 -0.500000000000000E+000
  0.113437500000000E+001 -0.670794304534363E+004 -0.845212282676584E+000  0.128454454424932E+005 -0.229657230217526E+001  0.170554544624104E+005  0.588828761970944E+000  0.100000000000000E+001  0.000000000000000E+000  0.000000000000000E+000  0.000000000000000E+000  0.100000000000000E+001  0.000000000000000E+000  0.000000000000000E+000  0.000000000000000E+000  0.100000000000000E+001  0.590000000000000E+001  0.000000000000000E+000 -0.500000000000000E+000
  0.113750000000000E+001 -0.671288311661167E+004 -0.155166840234233E+001  0.128507261898101E+005 -0.945585155528534E+000  0.170613261613408E+005  0.100374459831710E+001  0.100000000000000E+001  0.000000000000000E+000  0.000000000000000E+000  0.000000000000000E+000  0.100000000000000E+001  0.000000000000000E+000  0.000000000000000E+000  0.000000000000000E+000  0.100000000000000E+001  0.590000000000000E+001  0.000000000000000E+000 -0.500000000000000E+000
  0.114062500000000E+001 -0.671574584963060E+004 -0.115086371335565E+001  0.128530272596756E+005 -0.361226399997577E+000  0.170630995106687E+005  0.692497096667466E+000  0.100000000000000E+001  0.000000000000000E+000  0.000000000000000E+000  0.000000000000000E+000  0.100000000000000E+001  0.000000000000000E+000  0.000000000000000E+000  0.000000000000000E+000  0.100000000000000E+001  0.590000000000000E+001  0.000000000000000E+000 -0.500000000000000E+000
  0.114375000000000E+001 -0.671538193415462E+004 -0.111574071410087E+001  0.128517749189759E+005 -0.523365315154479E+000  0.170608632558968E+005  0.677510691077259E+000  0.100000000000000E+001  0.000000000000000E+000  0.000000000000000E+000  0.000000000000000E+000  0.100000000000000E+001  0.000000000000000E+000  0.000000000000000E+000  0.000000000000000E+000  0.100000000000000E+001  0.590000000000000E+001  0.000000000000000E+000 -0.500000000000000E+000
  0.114687500000000E+001 -0.671831790520569E+004  0.205368606040065E+001  0.128554651626861E+005  0.413056709631928E+001  0.170654855249757E+005 -0.148911287776082E+001  0.100000000000000E+001  0.000000000000000E+000  0.000000000000000E+000  0.000000000000000E+000  0.100000000000000E+001  0.000000000000000E+000  0.000000000000000E+000  0.000000000000000E+000  0.100000000000000E+001  0.590000000000000E+001  0.000000000000000E+000 -0.500000000000000E+000
  0.115000000000000E+001 -0.672088613880602E+004  0.641227615419666E+000  0.128580267487040E+005  0.220174682867764E+000  0.170680653378523E+005 -0.376888902530482E+000  0.100000000000000E+001  0.000000000000000E+000  0.000000000000000E+000  0.000000000000000E+000  0.100000000000000E+001  0.000000000000000E+000  0.000000000000000E+000  0.000000000000000E+000  0.100000000000000E+001  0.590000000000000E+001  0.000000000000000E+000 -0.500000000000000E+000
  0.115312500000000E+001 -0.672215091504047E+004 -0.265922734081141E+001  0.128585443712607E+005 -0.396663956098291E+001  0.170680041771893E+005  0.186777030896701E+001  0.100000000000000E+001  0.000000000000000E+000  0.000000000000000E+000  0.000000000000000E+000  0.100000000000000E+001  0.000000000000000E+000  0.000000000000000E+000  0.000000000000000E+000  0.100000000000000E+001  0.590000000000000E+001  0.000000000000000E+000 -0.500000000000000E+000
  0.115625000000000E+001 -0.672455775810693E+004 -0.128448166608268E+001  0.128615866846683E+005 -0.828376887056947E-002  0.170716227863613E+005  0.771755151138677E+000  0.100000000000000E+001  0.000000000000000E+000  0.000000000000000E+000  0.000000000000000E+000  0.100000000000000E+001  0.000000000000000E+000  0.000000000000000E+000  0.000000000000000E+000  0.100000000000000E+001  0.590000000000000E+001  0.000000000000000E+000 -0.500000000000000E+000
  0.115937500000000E+001 -0.672617695059388E+004 -0.130288815203858E+001  0.128631064509921E+005 -0.554873354218216E+000  0.170730212923850E+005  0.800432659911166E+000  0.100000000000000E+001  0.000000000000000E+000  0.000000000000000E+000  0.000000000000000E+000  0.100000000000000E+001  0.000000000000000E+000  0.000000000000000E+000  0.000000000000000E+000  0.100000000000000E+001  0.590000000000000E+001  0.000000000000000E+000 -0.500000000000000E+000
  0.116250000000000E+001 -0.672736020407929E+004 -0.111398265830667E+001  0.128642197530338E+005 -0.432589142295001E+000  0.170740613449939E+005  0.670190949841526E+000  0.100000000000000E+001  0.000000000000000E+000  0.000000000000000E+000  0.000000000000000E+000  0.100000000000000E+001  0.000000000000000E+000  0.000000000000000E+000  0.000000000000000E+000  0.100000000000000E+001  0.590000000000000E+001  0.000000000000000E+000 -0.500000000000000E+000
  0.116562500000000E+001 -0.672797763351519E+004  0.195471846039345E+001  0.128642492317779E+005  0.384262194894200E+001  0.170736843850252E+005 -0.142011621842630E+001  0.100000000000000E+001  0.000000000000000E+000  0.000000000000000E+000  0.000000000000000E+000  0.100000000000000E+001  0.000000000000000E+000  0.000000000000000E+000  0.000000000000000E+000  0.100000000000000E+001  0.590000000000000E+001  0.000000000000000E+000 -0.500000000000000E+000
  0.116875000000000E+001 -0.672948126072431E+004  0.477367427769423E+000  0.128661767686763E+005 -0.154926903553132E+000  0.170760070970626E+005 -0.263639026260535E+000  0.100000000000000E+001  0.000000000000000E+000  0.000000000000000E+000  0.000000000000000E+000  0.100000000000000E+001  0.000000000000000E+000  0.000000000000000E+000  0.000000000000000E+000  0.100000000000000E+001  0.590000000000000E+001  0.000000000000000E+000 -0.500000000000000E+000
  0.117187500000000E+001 -0.673040367939764E+004 -0.257763583517954E+001  0.128666511993676E+005 -0.398507476374834E+001  0.170761697212673E+005  0.180386805424132E+001  0.100000000000000E+001  0.000000000000000E+000  0.000000000000000E+000  0.000000000000000E+000  0.100000000000000E+001  0.000000000000000E+000  0.000000000000000E+000  0.000000000000000E+000  0.100000000000000E+001  0.590000000000000E+001  0.000000000000000E+000 -0.500000000000000E+000
  0.117500000000000E+001 -0.673145932967571E+004 -0.126627947654561E+001  0.128679035534951E+005 -0.726797445267948E-001  0.170775754413257E+005  0.763071602495074E+000  0.100000000000000E+001  0.000000000000000E+000  0.000000000000000E+000  0.000000000000000E+000  0.100000000000000E+001  0.000000000000000E+000  0.000000000000000E+000  0.000000000000000E+000  0.100000000000000E+001  0.590000000000000E+001  0.000000000000000E+000 -0.500000000000000E+000
  0.117812500000000E+001 -0.673245094237856E+004 -0.113910930797192E+001  0.128690725474769E+005 -0.414445926709050E+000  0.170788621793247E+005  0.687267129007523E+000  0.100000000000000E+001  0.000000000000000E+000  0.000000000000000E+000  0.000000000000000E+000  0.100000000000000E+001  0.000000000000000E+000  0.000000000000000E+000  0.000000000000000E+000  0.100000000000000E+001  0.590000000000000E+001  0.000000000000000E+000 -0.500000000000000E+000
  0.118125000000000E+001 -0.673205510913228E+004  0.202296733925323E+000  0.128683822251066E+005  0.266540846316275E+001  0.170778025225038E+005 -0.250943924482272E+000  0.100000000000000E+001  0.000000000000000E+000  0.000000000000000E+000  0.000000000000000E+000  0.100000000000000E+001  0.000000000000000E+000  0.000000000000000E+000  0.000000000000000E+000  0.100000000000000E+001  0.590000000000000E+001  0.000000000000000E+000 -0.500000000000000E+000
  0.118437500000000E+001 -0.673397322622743E+004  0.727297450604965E+000  0.128705898437312E+005  0.516225871594543E+000  0.170805343094295E+005 -0.501597856067747E+000  0.100000000000000E+001  0.000000000000000E+000  0.000000000000000E+000  0.000000000000000E+000  0.100000000000000E+001  0.000000000000000E+000  0.000000000000000E+000  0.000000000000000E+000  0.100000000000000E+001  0.590000000000000E+001  0.000000000000000E+000 -0.500000000000000E+000
  0.118750000000000E+001 -0.673304649929540E+004 -0.924477682394354E+000  0.128689034493437E+005 -0.310140460226467E+001  0.170780042376293E+005  0.698221176281550E+000  0.100000000000000E+001  0.000000000000000E+000  0.000000000000000E+000  0.000000000000000E+000  0.100000000000000E+001  0.000000000000000E+000  0.000000000000000E+000  0.000000000000000E+000  0.100000000000000E+001  0.590000000000000E+001  0.000000000000000E+000 -0.500000000000000E+000
  0.119062500000000E+001 -0.673503146689679E+004 -0.148242252308410E+001  0.128715285937852E+005 -0.802453156524280E+000  0.170814330469975E+005  0.972015709239713E+000  0.100000000000000E+001  0.000000000000000E+000  0.000000000000000E+000  0.000000000000000E+000  0.100000000000000E+001  0.000000000000000E+000  0.000000000000000E+000  0.000000000000000E+000  0.100000000000000E+001  0.590000000000000E+001  0.000000000000000E+000 -0.500000000000000E+000
  0.119375000000000E+001 -0.673546635926696E+004 -0.124036206395522E+001  0.128716299075650E+005 -0.552064670178879E+000  0.170811529536533E+005  0.766517921881132E+000  0.100000000000000E+001  0.000000000000000E+000  0.000000000000000E+000  0.000000000000000E+000  0.100000000000000E+001  0.000000000000000E+000  0.000000000000000E+000  0.000000000000000E+000  0.100000000000000E+001  0.590000000000000E+001  0.000000000000000E+000 -0.500000000000000E+000
  0.119687500000000E+001 -0.673475471050980E+004  0.221315502526522E+000  0.128708293864770E+005  0.278233948263914E+001  0.170801212826384E+005 -0.266365956797017E+000  0.100000000000000E+001  0.000000000000000E+000  0.000000000000000E+000  0.000000000000000E+000  0.100000000000000E+001  0.000000000000000E+000  0.000000000000000E+000  0.000000000000000E+000  0.100000000000000E+001  0.590000000000000E+001  0.000000000000000E+000 -0.500000000000000E+000
  0.120000000000000E+001 -0.673593716779486E+004 -0.988405509345284E+000  0.128727190224298E+005 -0.583544004844953E+000  0.170826998340250E+005  0.642554865327838E+000  0.100000000000000E+001  0.000000000000000E+000  0.000000000000000E+000  0.000000000000000E+000  0.100000000000000E+001  0.000000000000000E+000  0.000000000000000E+000  0.000000000000000E+000  0.100000000000000E+001  0.590000000000000E+001  0.000000000000000E+000 -0.500000000000000E+000
  0.120312500000000E+001 -0.673552581598128E+004 -0.717772489364506E+000  0.128713604306932E+005 -0.248341666795477E+001  0.170805745718648E+005  0.492253540898673E+000  0.100000000000000E+001  0.000000000000000E+000  0.000000000000000E+000  0.000000000000000E+000  0.100000000000000E+001  0.000000000000000E+000  0.000000000000000E+000  0.000000000000000E+000  0.100000000000000E+001  0.590000000000000E+001  0.000000000000000E+000 -0.500000000000000E+000
  0.120625000000000E+001 -0.673613937611040E+004  0.341862989839683E+000  0.128724538890050E+005  0.393182771668762E+000  0.170820917459030E+005 -0.256688447549095E+000  0.100000000000000E+001  0.000000000000000E+000  0.000000000000000E+000  0.000000000000000E+000  0.100000000000000E+001  0.000000000000000E+000  0.000000000000000E+000  0.000000000000000E+000  0.100000000000000E+001  0.590000000000000E+001  0.000000000000000E+000 -0.500000000000000E+000
  0.120937500000000E+001 -0.673720235047691E+004 -0.142253450557746E+001  0.128733114706085E+005 -0.123555601139833E+001  0.170829215186435E+005  0.957871182267809E+000  0.100000000000000E+001  0.000000000000000E+000  0.000000000000000E+000  0.000000000000000E+000  0.100000000000000E+001  0.000000000000000E+000  0.000000000000000E+000  0.000000000000000E+000  0.100000000000000E+001  0.590000000000000E+001  0.000000000000000E+000 -0.500000000000000E+000
  0.121250000000000E+001 -0.673589152055626E+004  0.208200457713247E+000  0.128715077683501E+005  0.287965588549923E+001  0.170804782924079E+005 -0.246438971082171E+000  0.100000000000000E+001  0.000000000000000E+000  0.000000000000000E+000  0.000000000000000E+000  0.100000000000000E+001  0.000000000000000E+000  0.000000000000000E+000  0.000000000000000E+000  0.100000000000000E+001  0.590000000000000E+001  0.000000000000000E+000 -0.500000000000000E+000
  0.121562500000000E+001 -0.673696194803049E+004 -0.996695832594014E+000  0.128735661879897E+005 -0.540944798492092E+000  0.170834453103793E+005  0.650285197230005E+000  0.100000000000000E+001  0.000000000000000E+000  0.000000000000000E+000  0.000000000000000E+000  0.100000000000000E+001  0.000000000000000E+000  0.000000000000000E+000  0.000000000000000E+000  0.100000000000000E+001  0.590000000000000E+001  0.000000000000000E+000 -0.500000000000000E+000
  0.121875000000000E+001 -0.673595060634040E+004 -0.249846182757574E+001  0.128720224078057E+005 -0.374150785862912E+001  0.170812946013522E+005  0.168224733974967E+001  0.100000000000000E+001  0.000000000000000E+000  0.000000000000000E+000  0.000000000000000E+000  0.100000000000000E+001  0.000000000000000E+000  0.000000000000000E+000  0.000000000000000E+000  0.100000000000000E+001  0.590000000000000E+001  0.000000000000000E+000 -0.500000000000000E+000
  0.122187500000000E+001 -0.673742603689615E+004  0.587178829835466E+000  0.128738672188843E+005  0.113329021675690E+001  0.170837237880089E+005 -0.492266670406934E+000  0.100000000000000E+001  0.000000000000000E+000  0.000000000000000E+000  0.000000000000000E+000  0.100000000000000E+001  0.000000000000000E+000  0.000000000000000E+000  0.000000000000000E+000  0.100000000000000E+001  0.590000000000000E+001  0.000000000000000E+000 -0.500000000000000E+000
  0.122500000000000E+001 -0.673742874154321E+004  0.417663545918003E+000  0.128735033982824E+005 -0.834942987330578E-002  0.170829578465994E+005 -0.281545533640383E+000  0.100000000000000E+001  0.000000000000000E+000  0.000000000000000E+000  0.000000000000000E+000  0.100000000000000E+001  0.000000000000000E+000  0.000000000000000E+000  0.000000000000000E+000  0.100000000000000E+001  0.590000000000000E+001  0.000000000000000E+000 -0.500000000000000E+000
  0.122812500000000E+001 -0.673833179158463E+004 -0.136741424103093E+001  0.128743922543639E+005 -0.122152761703819E+001  0.170839804620108E+005  0.930380754663929E+000  0.100000000000000E+001  0.000000000000000E+000  0.000000000000000E+000  0.000000000000000E+000  0.100000000000000E+001  0.000000000000000E+000  0.000000000000000E+000  0.000000000000000E+000  0.100000000000000E+001  0.590000000000000E+001  0.000000000000000E+000 -0.500000000000000E+000
  0.123125000000000E+001 -0.673698727998474E+004  0.240611033769710E+000  0.128726033543684E+005  0.292540493741308E+001  0.170815956587048E+005 -0.263249646102850E+000  0.100000000000000E+001  0.000000000000000E+000  0.000000000000000E+000  0.000000000000000E+000  0.100000000000000E+001  0.000000000000000E+000  0.000000000000000E+000  0.000000000000000E+000  0.100000000000000E+001  0.590000000000000E+001  0.000000000000000E+000 -0.500000000000000E+000
  0.123437500000000E+001 -0.673795975476519E+004 -0.989996739904200E+000  0.128745356417034E+005 -0.529561003429990E+000  0.170844094467077E+005  0.648874243025602E+000  0.100000000000000E+001  0.000000000000000E+000  0.000000000000000E+000  0.000000000000000E+000  0.100000000000000E+001  0.000000000000000E+000  0.000000000000000E+000  0.000000000000000E+000  0.100000000000000E+001  0.590000000000000E+001  0.000000000000000E+000 -0.500000000000000E+000
  0.123750000000000E+001 -0.673684503352915E+004 -0.250374958881184E+001  0.128728878772071E+005 -0.375178426978891E+001  0.170821508266399E+005  0.168737534059073E+001  0.100000000000000E+001  0.000000000000000E+000  0.000000000000000E+000  0.000000000000000E+000  0.100000000000000E+001  0.000000000000000E+000  0.000000000000000E+000  0.000000000000000E+000  0.100000000000000E+001  0.590000000000000E+001  0.000000000000000E+000 -0.500000000000000E+000
  0.124062500000000E+001 -0.673819686840640E+004  0.573105416991893E+000  0.128745964086195E+005  0.111362177738283E+001  0.170844300199864E+005 -0.481949966486354E+000  0.100000000000000E+001  0.000000000000000E+000  0.000000000000000E+000  0.000000000000000E+000  0.100000000000000E+001  0.000000000000000E+000  0.000000000000000E+000  0.000000000000000E+000  0.100000000000000E+001  0.590000000000000E+001  0.000000000000000E+000 -0.500000000000000E+000
  0.124375000000000E+001 -0.673815170556630E+004  0.414510031981990E+000  0.128742146541688E+005 -0.852365229729912E-002  0.170836724946083E+005 -0.279730956848653E+000  0.100000000000000E+001  0.000000000000000E+000  0.000000000000000E+000  0.000000000000000E+000  0.100000000000000E+001  0.000000000000000E+000  0.000000000000000E+000  0.000000000000000E+000  0.100000000000000E+001  0.590000000000000E+001  0.000000000000000E+000 -0.500000000000000E+000
  0.124687500000000E+001 -0.673899446431620E+004 -0.136793810881591E+001  0.128750383612472E+005 -0.122164681797858E+001  0.170846244360219E+005  0.930546953164594E+000  0.100000000000000E+001  0.000000000000000E+000  0.000000000000000E+000  0.000000000000000E+000  0.100000000000000E+001  0.000000000000000E+000  0.000000000000000E+000  0.000000000000000E+000  0.100000000000000E+001  0.590000000000000E+001  0.000000000000000E+000 -0.500000000000000E+000
  0.125000000000000E+001 -0.673758147855087E+004  0.244213610030783E+000  0.128731783522207E+005  0.293519039505099E+001  0.170821642989615E+005 -0.265830707377063E+000  0.100000000000000E+001  0.000000000000000E+000  0.000000000000000E+000  0.000000000000000E+000  0.100000000000000E+001  0.000000000000000E+000  0.000000000000000E+000  0.000000000000000E+000  0.100000000000000E+001  0.590000000000000E+001  0.000000000000000E+000 -0.500000000000000E+000
  0.125312500000000E+001 -0.673849836169894E+004 -0.989474782238176E+000  0.128750591916128E+005 -0.531188598964036E+000  0.170849293567076E+005  0.648625671338777E+000  0.100000000000000E+001  0.000000000000000E+000  0.000000000000000E+000  0.000000000000000E+000  0.100000000000000E+001  0.000000000000000E+000  0.000000000000000E+000  0.000000000000000E+000  0.100000000000000E+001  0.590000000000000E+001  0.000000000000000E+000 -0.500000000000000E+000
  0.125625000000000E+001 -0.673733007458536E+004 -0.250544893331698E+001  0.128733589640606E+005 -0.376017987981413E+001  0.170826179329258E+005  0.168863570594294E+001  0.100000000000000E+001  0.000000000000000E+000  0.000000000000000E+000  0.000000000000000E+000  0.100000000000000E+001  0.000000000000000E+000  0.000000000000000E+000  0.000000000000000E+000  0.100000000000000E+001  0.590000000000000E+001  0.000000000000000E+000 -0.500000000000000E+000
  0.125937500000000E+001 -0.673863371451922E+004  0.574309454242211E+000  0.128750203853541E+005  0.111380652909156E+001  0.170848501867715E+005 -0.482799464538402E+000  0.100000000000000E+001  0.000000000000000E+000  0.000000000000000E+000  0.000000000000000E+000  0.100000000000000E+001  0.000000000000000E+000  0.000000000000000E+000  0.000000000000000E+000  0.100000000000000E+001  0.590000000000000E+001  0.000000000000000E+000 -0.500000000000000E+000
  0.126250000000000E+001 -0.673854784517688E+004  0.415859999519853E+000  0.128746003531384E+005 -0.857522158912616E-002  0.170840558581197E+005 -0.280605443210334E+000  0.100000000000000E+001  0.000000000000000E+000  0.000000000000000E+000  0.000000000000000E+000  0.100000000000000E+001  0.000000000000000E+000  0.000000000000000E+000  0.000000000000000E+000  0.100000000000000E+001  0.590000000000000E+001  0.000000000000000E+000 -0.500000000000000E+000
  0.126562500000000E+001 -0.673935537378662E+004 -0.136555528882218E+001  0.128753907527403E+005 -0.121924669339660E+001  0.170849755626330E+005  0.928970917425431E+000  0.100000000000000E+001  0.000000000000000E+000  0.000000000000000E+000  0.000000000000000E+000  0.100000000000000E+001  0.000000000000000E+000  0.000000000000000E+000  0.000000000000000E+000  0.100000000000000E+001  0.590000000000000E+001  0.000000000000000E+000 -0.500000000000000E+000
  0.126875000000000E+001 -0.673790673355758E+004  0.246404931326651E+000  0.128734949566821E+005  0.293806098443292E+001  0.170824787033092E+005 -0.267225872432391E+000  0.100000000000000E+001  0.000000000000000E+000  0.000000000000000E+000  0.000000000000000E+000  0.100000000000000E+001  0.000000000000000E+000  0.000000000000000E+000  0.000000000000000E+000  0.100000000000000E+001  0.590000000000000E+001  0.000000000000000E+000 -0.500000000000000E+000
  0.127187500000000E+001 -0.673878817119668E+004 -0.988877146184677E+000  0.128753396991813E+005 -0.532266746426103E+000  0.170852064167382E+005  0.648341549894212E+000  0.100000000000000E+001  0.000000000000000E+000  0.000000000000000E+000  0.000000000000000E+000  0.100000000000000E+001  0.000000000000000E+000  0.000000000000000E+000  0.000000000000000E+000  0.100000000000000E+001  0.590000000000000E+001  0.000000000000000E+000 -0.500000000000000E+000
  0.127500000000000E+001 -0.673759147011311E+004 -0.250549465941549E+001  0.128736138275979E+005 -0.376360728204781E+001  0.170828712215392E+005  0.168874407007388E+001  0.100000000000000E+001  0.000000000000000E+000  0.000000000000000E+000  0.000000000000000E+000  0.100000000000000E+001  0.000000000000000E+000  0.000000000000000E+000  0.000000000000000E+000  0.100000000000000E+001  0.590000000000000E+001  0.000000000000000E+000 -0.500000000000000E+000
  0.127812500000000E+001 -0.673823595969527E+004 -0.118064235866677E+001  0.128749036271058E+005 -0.157557846750024E+000  0.170847946373841E+005  0.690009398674192E+000  0.100000000000000E+001  0.000000000000000E+000  0.000000000000000E+000  0.000000000000000E+000  0.100000000000000E+001  0.000000000000000E+000  0.000000000000000E+000  0.000000000000000E+000  0.100000000000000E+001  0.590000000000000E+001  0.000000000000000E+000 -0.500000000000000E+000
  0.128125000000000E+001 -0.673892453592890E+004  0.667829700394577E+000  0.128750849601491E+005  0.631482258197138E+000  0.170847162860414E+005 -0.518252036878948E+000  0.100000000000000E+001  0.000000000000000E+000  0.000000000000000E+000  0.000000000000000E+000  0.100000000000000E+001  0.000000000000000E+000  0.000000000000000E+000  0.000000000000000E+000  0.100000000000000E+001  0.590000000000000E+001  0.000000000000000E+000 -0.500000000000000E+000
  0.128437500000000E+001 -0.673860783358599E+004  0.501813140604099E+000  0.128745643324162E+005 -0.386977431535342E-001  0.170839349355476E+005 -0.326992555849756E+000  0.100000000000000E+001  0.000000000000000E+000  0.000000000000000E+000  0.000000000000000E+000  0.100000000000000E+001  0.000000000000000E+000  0.000000000000000E+000  0.000000000000000E+000  0.100000000000000E+001  0.590000000000000E+001  0.000000000000000E+000 -0.500000000000000E+000
  0.128750000000000E+001 -0.673795110608616E+004  0.963551534377984E-001  0.128735391606059E+005  0.223577358356852E+001  0.170826264663146E+005 -0.947257644302226E-001  0.100000000000000E+001  0.000000000000000E+000  0.000000000000000E+000  0.000000000000000E+000  0.100000000000000E+001  0.000000000000000E+000  0.000000000000000E+000  0.000000000000000E+000  0.100000000000000E+001  0.590000000000000E+001  0.000000000000000E+000 -0.500000000000000E+000
  0.129062500000000E+001 -0.673839450621711E+004 -0.984556496352525E+000  0.128745262455095E+005 -0.484110290646640E+000  0.170840820098315E+005  0.659312973248234E+000  0.100000000000000E+001  0.000000000000000E+000  0.000000000000000E+000  0.000000000000000E+000  0.100000000000000E+001  0.000000000000000E+000  0.000000000000000E+000  0.000000000000000E+000  0.100000000000000E+001  0.590000000000000E+001  0.000000000000000E+000 -0.500000000000000E+000
  0.129375000000000E+001 -0.673722622039585E+004 -0.249514208930941E+001  0.128730950720883E+005 -0.374151382432046E+001  0.170822529388610E+005  0.168600259153664E+001  0.100000000000000E+001  0.000000000000000E+000  0.000000000000000E+000  0.000000000000000E+000  0.100000000000000E+001  0.000000000000000E+000  0.000000000000000E+000  0.000000000000000E+000  0.100000000000000E+001  0.590000000000000E+001  0.000000000000000E+000 -0.500000000000000E+000
  0.129687500000000E+001 -0.673797252501166E+004 -0.117887102659097E+001  0.128745754926174E+005 -0.130365642377910E+000  0.170844323189168E+005  0.690170567407222E+000  0.100000000000000E+001  0.000000000000000E+000  0.000000000000000E+000  0.000000000000000E+000  0.100000000000000E+001  0.000000000000000E+000  0.000000000000000E+000  0.000000000000000E+000  0.100000000000000E+001  0.590000000000000E+001  0.000000000000000E+000 -0.500000000000000E+000
  0.130000000000000E+001 -0.673878565819777E+004  0.653883941069580E+000  0.128749341771244E+005  0.669703732329253E+000  0.170845705709906E+005 -0.508562968541810E+000  0.100000000000000E+001  0.000000000000000E+000  0.000000000000000E+000  0.000000000000000E+000  0.100000000000000E+001  0.000000000000000E+000  0.000000000000000E+000  0.000000000000000E+000  0.100000000000000E+001  0.590000000000000E+001  0.000000000000000E+000 -0.500000000000000E+000
  0.130312500000000E+001 -0.673853711366698E+004  0.477820200151655E+000  0.128744876151323E+005 -0.139016208740941E-001  0.170838621688508E+005 -0.311631480769393E+000  0.100000000000000E+001  0.000000000000000E+000  0.000000000000000E+000  0.000000000000000E+000  0.100000000000000E+001  0.000000000000000E+000  0.000000000000000E+000  0.000000000000000E+000  0.100000000000000E+001  0.590000000000000E+001  0.000000000000000E+000 -0.500000000000000E+000
  0.130625000000000E+001 -0.673792532504512E+004  0.715697807518154E-001  0.128735147241576E+005  0.224859550356177E+001  0.170826083709656E+005 -0.795590898505907E-001  0.100000000000000E+001  0.000000000000000E+000  0.000000000000000E+000  0.000000000000000E+000  0.100000000000000E+001  0.000000000000000E+000  0.000000000000000E+000  0.000000000000000E+000  0.100000000000000E+001  0.590000000000000E+001  0.000000000000000E+000 -0.500000000000000E+000
  0.130937500000000E+001 -0.673839307445177E+004 -0.100859895830581E+001  0.128745272754074E+005 -0.479107905100136E+000  0.170840877565130E+005  0.673847021698748E+000  0.100000000000000E+001  0.000000000000000E+000  0.000000000000000E+000  0.000000000000000E+000  0.100000000000000E+001  0.000000000000000E+000  0.000000000000000E+000  0.000000000000000E+000  0.100000000000000E+001  0.590000000000000E+001  0.000000000000000E+000 -0.500000000000000E+000
  0.131250000000000E+001 -0.673723354529554E+004 -0.251782484469641E+001  0.128731044369387E+005 -0.373926474739164E+001  0.170822646878453E+005  0.169967360911323E+001  0.100000000000000E+001  0.000000000000000E+000  0.000000000000000E+000  0.000000000000000E+000  0.100000000000000E+001  0.000000000000000E+000  0.000000000000000E+000  0.000000000000000E+000  0.100000000000000E+001  0.590000000000000E+001  0.000000000000000E+000 -0.500000000000000E+000
  0.131562500000000E+001 -0.673797953262189E+004 -0.119931280975834E+001  0.128745842454819E+005 -0.127190286449149E+000  0.170844418355905E+005  0.702419992639079E+000  0.100000000000000E+001  0.000000000000000E+000  0.000000000000000E+000  0.000000000000000E+000  0.100000000000000E+001  0.000000000000000E+000  0.000000000000000E+000  0.000000000000000E+000  0.100000000000000E+001  0.590000000000000E+001  0.000000000000000E+000 -0.500000000000000E+000
  0.131875000000000E+001 -0.673878476654000E+004  0.635969007767926E+000  0.128749341354582E+005  0.674455971158750E+000  0.170845693644172E+005 -0.497890582078071E+000  0.100000000000000E+001  0.000000000000000E+000  0.000000000000000E+000  0.000000000000000E+000  0.100000000000000E+001  0.000000000000000E+000  0.000000000000000E+000  0.000000000000000E+000  0.100000000000000E+001  0.590000000000000E+001  0.000000000000000E+000 -0.500000000000000E+000
  0.132187500000000E+001 -0.673852641461239E+004  0.462997154249933E+000  0.128744788031630E+005 -0.677033203555766E-002  0.170838521434232E+005 -0.302918145027434E+000  0.100000000000000E+001  0.000000000000000E+000  0.000000000000000E+000  0.000000000000000E+000  0.100000000000000E+001  0.000000000000000E+000  0.000000000000000E+000  0.000000000000000E+000  0.100000000000000E+001  0.590000000000000E+001  0.000000000000000E+000 -0.500000000000000E+000
  0.132500000000000E+001 -0.673790337195102E+004  0.600054437472863E-001  0.128734957718016E+005  0.225979959331835E+001  0.170825882929894E+005 -0.729023810581566E-001  0.100000000000000E+001  0.000000000000000E+000  0.000000000000000E+000  0.000000000000000E+000  0.100000000000000E+001  0.000000000000000E+000  0.000000000000000E+000  0.000000000000000E+000  0.100000000000000E+001  0.590000000000000E+001  0.000000000000000E+000 -0.500000000000000E+000
  0.132812500000000E+001 -0.673837111110157E+004 -0.101564922385114E+001  0.128745149553525E+005 -0.463885021716123E+000  0.170840797217175E+005  0.677562111060979E+000  0.100000000000000E+001  0.000000000000000E+000  0.000000000000000E+000  0.000000000000000E+000  0.100000000000000E+001  0.000000000000000E+000  0.000000000000000E+000  0.000000000000000E+000  0.100000000000000E+001  0.590000000000000E+001  0.000000000000000E+000 -0.500000000000000E+000
  0.133125000000000E+001 -0.673721286106131E+004 -0.251989776990467E+001  0.128730966156390E+005 -0.371994001934218E+001  0.170822633952588E+005  0.170017350944545E+001  0.100000000000000E+001  0.000000000000000E+000  0.000000000000000E+000  0.000000000000000E+000  0.100000000000000E+001  0.000000000000000E+000  0.000000000000000E+000  0.000000000000000E+000  0.100000000000000E+001  0.590000000000000E+001  0.000000000000000E+000 -0.500000000000000E+000
  0.133437500000000E+001 -0.673791761449438E+004 -0.121785885676127E+001  0.128745172965725E+005 -0.142013582251820E+000  0.170843640527808E+005  0.714880616854316E+000  0.100000000000000E+001  0.000000000000000E+000  0.000000000000000E+000  0.000000000000000E+000  0.100000000000000E+001  0.000000000000000E+000  0.000000000000000E+000  0.000000000000000E+000  0.100000000000000E+001  0.590000000000000E+001  0.000000000000000E+000 -0.500000000000000E+000
  0.133750000000000E+001 -0.673884222539995E+004  0.646771088709102E+000  0.128750597447326E+005  0.716433393346961E+000  0.170847520320622E+005 -0.506726600207912E+000  0.100000000000000E+001  0.000000000000000E+000  0.000000000000000E+000  0.000000000000000E+000  0.100000000000000E+001  0.000000000000000E+000  0.000000000000000E+000  0.000000000000000E+000  0.100000000000000E+001  0.590000000000000E+001  0.000000000000000E+000 -0.500000000000000E+000
  0.134062500000000E+001 -0.673872187511312E+004  0.469316926623833E+000  0.128747573946245E+005  0.569147187616181E-002  0.170842045361020E+005 -0.307564613928662E+000  0.100000000000000E+001  0.000000000000000E+000  0.000000000000000E+000  0.000000000000000E+000  0.100000000000000E+001  0.000000000000000E+000  0.000000000000000E+000  0.000000000000000E+000  0.100000000000000E+001  0.590000000000000E+001  0.000000000000000E+000 -0.500000000000000E+000
  0.134375000000000E+001 -0.673958011979091E+004 -0.134938823341236E+001  0.128756294715273E+005 -0.121664224400865E+001  0.170852356442907E+005  0.923261216984429E+000  0.100000000000000E+001  0.000000000000000E+000  0.000000000000000E+000  0.000000000000000E+000  0.100000000000000E+001  0.000000000000000E+000  0.000000000000000E+000  0.000000000000000E+000  0.100000000000000E+001  0.590000000000000E+001  0.000000000000000E+000 -0.500000000000000E+000
  0.134687500000000E+001 -0.673819482955487E+004  0.328179371738770E+000  0.128737917831840E+005  0.313637502045094E+001  0.170827973129048E+005 -0.322397879243908E+000  0.100000000000000E+001  0.000000000000000E+000  0.000000000000000E+000  0.000000000000000E+000  0.100000000000000E+001  0.000000000000000E+000  0.000000000000000E+000  0.000000000000000E+000  0.100000000000000E+001  0.590000000000000E+001  0.000000000000000E+000 -0.500000000000000E+000
  0.135000000000000E+001 -0.673901350407814E+004 -0.981651820747174E+000  0.128755375889573E+005 -0.537298761468264E+000  0.170853865563668E+005  0.647121823396446E+000  0.100000000000000E+001  0.000000000000000E+000  0.000000000000000E+000  0.000000000000000E+000  0.100000000000000E+001  0.000000000000000E+000  0.000000000000000E+000  0.000000000000000E+000  0.100000000000000E+001  0.590000000000000E+001  0.000000000000000E+000 -0.500000000000000E+000
  0.135312500000000E+001 -0.673778003645120E+004 -0.250680543990347E+001  0.128737854573320E+005 -0.376600657086783E+001  0.170830328750083E+005  0.169115451637754E+001  0.100000000000000E+001  0.000000000000000E+000  0.000000000000000E+000  0.000000000000000E+000  0.100000000000000E+001  0.000000000000000E+000  0.000000000000000E+000  0.000000000000000E+000  0.100000000000000E+001  0.590000000000000E+001  0.000000000000000E+000 -0.500000000000000E+000
  0.135625000000000E+001 -0.673839431423918E+004 -0.118156797289976E+001  0.128750463462220E+005 -0.155913551949197E+000  0.170849278521032E+005  0.691118536417889E+000  0.100000000000000E+001  0.000000000000000E+000  0.000000000000000E+000  0.000000000000000E+000  0.100000000000000E+001  0.000000000000000E+000  0.000000000000000E+000  0.000000000000000E+000  0.100000000000000E+001  0.590000000000000E+001  0.000000000000000E+000 -0.500000000000000E+000
  0.135937500000000E+001 -0.673906280958013E+004  0.666809422065853E+000  0.128752115000967E+005  0.631821820149526E+000  0.170848363249568E+005 -0.517391263474565E+000  0.100000000000000E+001  0.000000000000000E+000  0.000000000000000E+000  0.000000000000000E+000  0.100000000000000E+001  0.000000000000000E+000  0.000000000000000E+000  0.000000000000000E+000  0.100000000000000E+001  0.590000000000000E+001  0.000000000000000E+000 -0.500000000000000E+000
  0.136250000000000E+001 -0.673873291060179E+004  0.500732956457796E+000  0.128746812193747E+005 -0.403385284171236E-001  0.170840480269822E+005 -0.326200967091609E+000  0.100000000000000E+001  0.000000000000000E+000  0.000000000000000E+000  0.000000000000000E+000  0.100000000000000E+001  0.000000000000000E+000  0.000000000000000E+000  0.000000000000000E+000  0.100000000000000E+001  0.590000000000000E+001  0.000000000000000E+000 -0.500000000000000E+000
  0.136562500000000E+001 -0.673806136368271E+004  0.960427840300326E-001  0.128736416881813E+005  0.223472102147298E+001  0.170827249568046E+005 -0.945182205468882E-001  0.100000000000000E+001  0.000000000000000E+000  0.000000000000000E+000  0.000000000000000E+000  0.100000000000000E+001  0.000000000000000E+000  0.000000000000000E+000  0.000000000000000E+000  0.100000000000000E+001  0.590000000000000E+001  0.000000000000000E+000 -0.500000000000000E+000
  0.136875000000000E+001 -0.673849014837582E+004 -0.984808580765275E+000  0.128746145389805E+005 -0.484354935872943E+000  0.170841661568658E+005  0.659497794558774E+000  0.100000000000000E+001  0.000000000000000E+000  0.000000000000000E+000  0.000000000000000E+000  0.100000000000000E+001  0.000000000000000E+000  0.000000000000000E+000  0.000000000000000E+000  0.100000000000000E+001  0.590000000000000E+001  0.000000000000000E+000 -0.500000000000000E+000
  0.137187500000000E+001 -0.673730964333270E+004 -0.249543455428829E+001  0.128731728446711E+005 -0.374209219594923E+001  0.170823275807426E+005  0.168621039208301E+001  0.100000000000000E+001  0.000000000000000E+000  0.000000000000000E+000  0.000000000000000E+000  0.100000000000000E+001  0.000000000000000E+000  0.000000000000000E+000  0.000000000000000E+000  0.100000000000000E+001  0.590000000000000E+001  0.000000000000000E+000 -0.500000000000000E+000
  0.137500000000000E+001 -0.673804818115355E+004 -0.117832556629673E+001  0.128746475343756E+005 -0.129820248203941E+000  0.170845028583443E+005  0.689779338435073E+000  0.100000000000000E+001  0.000000000000000E+000  0.000000000000000E+000  0.000000000000000E+000  0.100000000000000E+001  0.000000000000000E+000  0.000000000000000E+000  0.000000000000000E+000  0.100000000000000E+001  0.590000000000000E+001  0.000000000000000E+000 -0.500000000000000E+000
  0.137812500000000E+001 -0.673885317395402E+004  0.654196243207480E+000  0.128749981106229E+005  0.670197715156064E+000  0.170846328130315E+005 -0.508753182882174E+000  0.100000000000000E+001  0.000000000000000E+000  0.000000000000000E+000  0.000000000000000E+000  0.100000000000000E+001  0.000000000000000E+000  0.000000000000000E+000  0.000000000000000E+000  0.100000000000000E+001  0.590000000000000E+001  0.000000000000000E+000 -0.500000000000000E+000
  0.138125000000000E+001 -0.673860395445885E+004  0.477822878449842E+000  0.128745544888135E+005 -0.154816478034263E-001  0.170839305160069E+005 -0.311612982199222E+000  0.100000000000000E+001  0.000000000000000E+000  0.000000000000000E+000  0.000000000000000E+000  0.100000000000000E+001  0.000000000000000E+000  0.000000000000000E+000  0.000000000000000E+000  0.100000000000000E+001  0.590000000000000E+001  0.000000000000000E+000 -0.500000000000000E+000
  0.138437500000000E+001 -0.673798101075169E+004  0.712482663993796E-001  0.128735665850805E+005  0.224602749782116E+001  0.170826578158964E+005 -0.793211359559791E-001  0.100000000000000E+001  0.000000000000000E+000  0.000000000000000E+000  0.000000000000000E+000  0.100000000000000E+001  0.000000000000000E+000  0.000000000000000E+000  0.000000000000000E+000  0.100000000000000E+001  0.590000000000000E+001  0.000000000000000E+000 -0.500000000000000E+000
  0.138750000000000E+001 -0.673844006180256E+004 -0.100866865465832E+001  0.128745712482494E+005 -0.478933048017097E+000  0.170841298350180E+005  0.673903859849815E+000  0.100000000000000E+001  0.000000000000000E+000  0.000000000000000E+000  0.000000000000000E+000  0.100000000000000E+001  0.000000000000000E+000  0.000000000000000E+000  0.000000000000000E+000  0.100000000000000E+001  0.590000000000000E+001  0.000000000000000E+000 -0.500000000000000E+000
  0.139062500000000E+001 -0.673727459648121E+004 -0.251773837326073E+001  0.128731436015193E+005 -0.373831830578547E+001  0.170823028290232E+005  0.169961598074042E+001  0.100000000000000E+001  0.000000000000000E+000  0.000000000000000E+000  0.000000000000000E+000  0.100000000000000E+001  0.000000000000000E+000  0.000000000000000E+000  0.000000000000000E+000  0.100000000000000E+001  0.590000000000000E+001  0.000000000000000E+000 -0.500000000000000E+000
  0.139375000000000E+001 -0.673801689283187E+004 -0.119884521942367E+001  0.128746205619490E+005 -0.126464786932956E+000  0.170844778556521E+005  0.702089701654586E+000  0.100000000000000E+001  0.000000000000000E+000  0.000000000000000E+000  0.000000000000000E+000  0.100000000000000E+001  0.000000000000000E+000  0.000000000000000E+000  0.000000000000000E+000  0.100000000000000E+001  0.590000000000000E+001  0.000000000000000E+000 -0.500000000000000E+000
  0.139687500000000E+001 -0.673881757848589E+004  0.635813134317686E+000  0.128749654300970E+005  0.673569114184829E+000  0.170845998804733E+005 -0.497760485955951E+000  0.100000000000000E+001  0.000000000000000E+000  0.000000000000000E+000  0.000000000000000E+000  0.100000000000000E+001  0.000000000000000E+000  0.000000000000000E+000  0.000000000000000E+000  0.100000000000000E+001  0.590000000000000E+001  0.000000000000000E+000 -0.500000000000000E+000
  0.140000000000000E+001 -0.673855996289529E+004  0.463262837682123E+000  0.128745132286786E+005 -0.684432474918140E-002  0.170838879549729E+005 -0.303101864633391E+000  0.100000000000000E+001  0.000000000000000E+000  0.000000000000000E+000  0.000000000000000E+000  0.100000000000000E+001  0.000000000000000E+000  0.000000000000000E+000  0.000000000000000E+000  0.100000000000000E+001  0.590000000000000E+001  0.000000000000000E+000 -0.500000000000000E+000

