 # Integral loads: N.components: 2
 #                 Ref.sys     : Stability
 #                 Components  : lerx_right , lerx_left
 #  t , Fx , Fy , Fz , Mx , My , Mz , ref_mat(9) , ref_off(3) 
  0.100000000000000E+001  0.662763751316690E+000  0.177992287575535E-009 -0.260660740190240E+002  0.419495549408566E-008 -0.433727611067879E+002 -0.232549757228639E-009  0.100000000000000E+001  0.000000000000000E+000  0.000000000000000E+000  0.000000000000000E+000  0.100000000000000E+001  0.000000000000000E+000  0.000000000000000E+000  0.000000000000000E+000  0.100000000000000E+001  0.590000000000000E+001  0.000000000000000E+000 -0.500000000000000E+000
  0.100312500000000E+001  0.903460744455409E+000  0.285841794678277E-009 -0.195726839662449E+002  0.360409124766647E-008 -0.320223239720708E+002 -0.352105011813819E-009  0.100000000000000E+001  0.000000000000000E+000  0.000000000000000E+000  0.000000000000000E+000  0.100000000000000E+001  0.000000000000000E+000  0.000000000000000E+000  0.000000000000000E+000  0.100000000000000E+001  0.590000000000000E+001  0.000000000000000E+000 -0.500000000000000E+000
  0.100625000000000E+001  0.988090022412263E+000 -0.173448465252690E-004 -0.191925146395781E+002 -0.286544121360421E-003 -0.313905971676315E+002  0.194235509705099E-004  0.100000000000000E+001  0.000000000000000E+000  0.000000000000000E+000  0.000000000000000E+000  0.100000000000000E+001  0.000000000000000E+000  0.000000000000000E+000  0.000000000000000E+000  0.100000000000000E+001  0.590000000000000E+001  0.000000000000000E+000 -0.500000000000000E+000
  0.100937500000000E+001  0.101834884535240E+001 -0.132477029544109E-004 -0.190695466360265E+002 -0.781411196708603E-004 -0.311790246475586E+002  0.141711237562347E-004  0.100000000000000E+001  0.000000000000000E+000  0.000000000000000E+000  0.000000000000000E+000  0.100000000000000E+001  0.000000000000000E+000  0.000000000000000E+000  0.000000000000000E+000  0.100000000000000E+001  0.590000000000000E+001  0.000000000000000E+000 -0.500000000000000E+000
  0.101250000000000E+001  0.102891455788909E+001 -0.876221229129115E-005 -0.190208375282520E+002 -0.374095013704334E-004 -0.310945842914257E+002  0.930644776797607E-005  0.100000000000000E+001  0.000000000000000E+000  0.000000000000000E+000  0.000000000000000E+000  0.100000000000000E+001  0.000000000000000E+000  0.000000000000000E+000  0.000000000000000E+000  0.100000000000000E+001  0.590000000000000E+001  0.000000000000000E+000 -0.500000000000000E+000
  0.101562500000000E+001  0.103243670212215E+001 -0.576505794880333E-005 -0.190017116816830E+002 -0.243940324686776E-004 -0.310614370358715E+002  0.615895781441722E-005  0.100000000000000E+001  0.000000000000000E+000  0.000000000000000E+000  0.000000000000000E+000  0.100000000000000E+001  0.000000000000000E+000  0.000000000000000E+000  0.000000000000000E+000  0.100000000000000E+001  0.590000000000000E+001  0.000000000000000E+000 -0.500000000000000E+000
  0.101875000000000E+001  0.103350230754168E+001 -0.385962615712110E-005 -0.189939883158708E+002 -0.167931033256963E-004 -0.310481380747456E+002  0.415447379031875E-005  0.100000000000000E+001  0.000000000000000E+000  0.000000000000000E+000  0.000000000000000E+000  0.100000000000000E+001  0.000000000000000E+000  0.000000000000000E+000  0.000000000000000E+000  0.100000000000000E+001  0.590000000000000E+001  0.000000000000000E+000 -0.500000000000000E+000
  0.102187500000000E+001  0.103373082315655E+001 -0.267277829202328E-005 -0.189900724376664E+002 -0.124658230244989E-004 -0.310414378992343E+002  0.290018957449512E-005  0.100000000000000E+001  0.000000000000000E+000  0.000000000000000E+000  0.000000000000000E+000  0.100000000000000E+001  0.000000000000000E+000  0.000000000000000E+000  0.000000000000000E+000  0.100000000000000E+001  0.590000000000000E+001  0.000000000000000E+000 -0.500000000000000E+000
  0.102500000000000E+001  0.103368223509998E+001 -0.193401205716981E-005 -0.189873584578670E+002 -0.986857271811914E-005 -0.310368120166739E+002  0.211535516880801E-005  0.100000000000000E+001  0.000000000000000E+000  0.000000000000000E+000  0.000000000000000E+000  0.100000000000000E+001  0.000000000000000E+000  0.000000000000000E+000  0.000000000000000E+000  0.100000000000000E+001  0.590000000000000E+001  0.000000000000000E+000 -0.500000000000000E+000
  0.102812500000000E+001  0.103354939106213E+001 -0.151121519453845E-005 -0.189851435082295E+002 -0.887041085029239E-005 -0.310330523287866E+002  0.166847159355221E-005  0.100000000000000E+001  0.000000000000000E+000  0.000000000000000E+000  0.000000000000000E+000  0.100000000000000E+001  0.000000000000000E+000  0.000000000000000E+000  0.000000000000000E+000  0.100000000000000E+001  0.590000000000000E+001  0.000000000000000E+000 -0.500000000000000E+000
  0.103125000000000E+001  0.103344539386822E+001 -0.111071366304394E-005 -0.189847631730389E+002 -0.564454377283141E-005 -0.310324809517420E+002  0.122324930029727E-005  0.100000000000000E+001  0.000000000000000E+000  0.000000000000000E+000  0.000000000000000E+000  0.100000000000000E+001  0.000000000000000E+000  0.000000000000000E+000  0.000000000000000E+000  0.100000000000000E+001  0.590000000000000E+001  0.000000000000000E+000 -0.500000000000000E+000
  0.103437500000000E+001  0.103347253748315E+001 -0.846912629359764E-006 -0.189878813928084E+002 -0.471496509746316E-005 -0.310379422754258E+002  0.936402819062820E-006  0.100000000000000E+001  0.000000000000000E+000  0.000000000000000E+000  0.000000000000000E+000  0.100000000000000E+001  0.000000000000000E+000  0.000000000000000E+000  0.000000000000000E+000  0.100000000000000E+001  0.590000000000000E+001  0.000000000000000E+000 -0.500000000000000E+000
  0.103750000000000E+001  0.103360374266347E+001 -0.657250584401581E-006 -0.189916916734067E+002 -0.377056849565349E-005 -0.310444764785861E+002  0.728849502973361E-006  0.100000000000000E+001  0.000000000000000E+000  0.000000000000000E+000  0.000000000000000E+000  0.100000000000000E+001  0.000000000000000E+000  0.000000000000000E+000  0.000000000000000E+000  0.100000000000000E+001  0.590000000000000E+001  0.000000000000000E+000 -0.500000000000000E+000
  0.104062500000000E+001  0.103377782962420E+001 -0.515132113410033E-006 -0.189949994546824E+002 -0.299993275554300E-005 -0.310500741916467E+002  0.572398341169844E-006  0.100000000000000E+001  0.000000000000000E+000  0.000000000000000E+000  0.000000000000000E+000  0.100000000000000E+001  0.000000000000000E+000  0.000000000000000E+000  0.000000000000000E+000  0.100000000000000E+001  0.590000000000000E+001  0.000000000000000E+000 -0.500000000000000E+000
  0.104375000000000E+001  0.103396162086093E+001 -0.407707906102672E-006 -0.189979305210043E+002 -0.241034735282142E-005 -0.310550115371029E+002  0.453813459033725E-006  0.100000000000000E+001  0.000000000000000E+000  0.000000000000000E+000  0.000000000000000E+000  0.100000000000000E+001  0.000000000000000E+000  0.000000000000000E+000  0.000000000000000E+000  0.100000000000000E+001  0.590000000000000E+001  0.000000000000000E+000 -0.500000000000000E+000
  0.104687500000000E+001  0.103414058209054E+001 -0.325222110797441E-006 -0.190005773732442E+002 -0.194531327224468E-005 -0.310594635810062E+002  0.362539692266850E-006  0.100000000000000E+001  0.000000000000000E+000  0.000000000000000E+000  0.000000000000000E+000  0.100000000000000E+001  0.000000000000000E+000  0.000000000000000E+000  0.000000000000000E+000  0.100000000000000E+001  0.590000000000000E+001  0.000000000000000E+000 -0.500000000000000E+000
  0.105000000000000E+001  0.103430668926261E+001 -0.261459017325549E-006 -0.190029041177337E+002 -0.158304063369030E-005 -0.310633693664482E+002  0.291898480275776E-006  0.100000000000000E+001  0.000000000000000E+000  0.000000000000000E+000  0.000000000000000E+000  0.100000000000000E+001  0.000000000000000E+000  0.000000000000000E+000  0.000000000000000E+000  0.100000000000000E+001  0.590000000000000E+001  0.000000000000000E+000 -0.500000000000000E+000
  0.105312500000000E+001  0.103445455431175E+001 -0.212080888184474E-006 -0.190048641953098E+002 -0.130278491639046E-005 -0.310666497855178E+002  0.237173055417372E-006  0.100000000000000E+001  0.000000000000000E+000  0.000000000000000E+000  0.000000000000000E+000  0.100000000000000E+001  0.000000000000000E+000  0.000000000000000E+000  0.000000000000000E+000  0.100000000000000E+001  0.590000000000000E+001  0.000000000000000E+000 -0.500000000000000E+000
  0.105625000000000E+001  0.103458194457195E+001 -0.173558918126204E-006 -0.190064791202359E+002 -0.108122099007346E-005 -0.310693450821699E+002  0.194441232670428E-006  0.100000000000000E+001  0.000000000000000E+000  0.000000000000000E+000  0.000000000000000E+000  0.100000000000000E+001  0.000000000000000E+000  0.000000000000000E+000  0.000000000000000E+000  0.100000000000000E+001  0.590000000000000E+001  0.000000000000000E+000 -0.500000000000000E+000
  0.105937500000000E+001  0.103468995198093E+001 -0.143103555672042E-006 -0.190078250457340E+002 -0.901449041634805E-006 -0.310715887955586E+002  0.160598454979066E-006  0.100000000000000E+001  0.000000000000000E+000  0.000000000000000E+000  0.000000000000000E+000  0.100000000000000E+001  0.000000000000000E+000  0.000000000000000E+000  0.000000000000000E+000  0.100000000000000E+001  0.590000000000000E+001  0.000000000000000E+000 -0.500000000000000E+000
  0.106250000000000E+001  0.103478140218761E+001 -0.118631440226835E-006 -0.190089718112980E+002 -0.752656598379531E-006 -0.310735007432523E+002  0.133338939001248E-006  0.100000000000000E+001  0.000000000000000E+000  0.000000000000000E+000  0.000000000000000E+000  0.100000000000000E+001  0.000000000000000E+000  0.000000000000000E+000  0.000000000000000E+000  0.100000000000000E+001  0.590000000000000E+001  0.000000000000000E+000 -0.500000000000000E+000
  0.106562500000000E+001  0.103485924527056E+001 -0.987328439006063E-007 -0.190099614348237E+002 -0.629482840963647E-006 -0.310751512224992E+002  0.111125249668831E-006  0.100000000000000E+001  0.000000000000000E+000  0.000000000000000E+000  0.000000000000000E+000  0.100000000000000E+001  0.000000000000000E+000  0.000000000000000E+000  0.000000000000000E+000  0.100000000000000E+001  0.590000000000000E+001  0.000000000000000E+000 -0.500000000000000E+000
  0.106875000000000E+001  0.103492592301355E+001 -0.823933128391019E-007 -0.190108194712375E+002 -0.527072540279505E-006 -0.310765823313783E+002  0.928472172478934E-007  0.100000000000000E+001  0.000000000000000E+000  0.000000000000000E+000  0.000000000000000E+000  0.100000000000000E+001  0.000000000000000E+000  0.000000000000000E+000  0.000000000000000E+000  0.100000000000000E+001  0.590000000000000E+001  0.000000000000000E+000 -0.500000000000000E+000
  0.107187500000000E+001  0.103498362667461E+001 -0.687573666890984E-007 -0.190115744790911E+002 -0.439830412091169E-006 -0.310778422185423E+002  0.775505308858726E-007  0.100000000000000E+001  0.000000000000000E+000  0.000000000000000E+000  0.000000000000000E+000  0.100000000000000E+001  0.000000000000000E+000  0.000000000000000E+000  0.000000000000000E+000  0.100000000000000E+001  0.590000000000000E+001  0.000000000000000E+000 -0.500000000000000E+000
  0.107500000000000E+001  0.103503466451183E+001 -0.573215521715298E-007 -0.190122638231043E+002 -0.366866952816736E-006 -0.310789946930479E+002  0.646985489627383E-007  0.100000000000000E+001  0.000000000000000E+000  0.000000000000000E+000  0.000000000000000E+000  0.100000000000000E+001  0.000000000000000E+000  0.000000000000000E+000  0.000000000000000E+000  0.100000000000000E+001  0.590000000000000E+001  0.000000000000000E+000 -0.500000000000000E+000
  0.107812500000000E+001  0.103508026416114E+001 -0.478893731337138E-007 -0.190128848696080E+002 -0.308432841933381E-006 -0.310800331245578E+002  0.541007492138590E-007  0.100000000000000E+001  0.000000000000000E+000  0.000000000000000E+000  0.000000000000000E+000  0.100000000000000E+001  0.000000000000000E+000  0.000000000000000E+000  0.000000000000000E+000  0.100000000000000E+001  0.590000000000000E+001  0.000000000000000E+000 -0.500000000000000E+000
  0.108125000000000E+001  0.103512061206073E+001 -0.401472510791478E-007 -0.190134228038028E+002 -0.260504082305602E-006 -0.310809307542279E+002  0.453993198590297E-007  0.100000000000000E+001  0.000000000000000E+000  0.000000000000000E+000  0.000000000000000E+000  0.100000000000000E+001  0.000000000000000E+000  0.000000000000000E+000  0.000000000000000E+000  0.100000000000000E+001  0.590000000000000E+001  0.000000000000000E+000 -0.500000000000000E+000
  0.108437500000000E+001  0.103515572856594E+001 -0.337658403459784E-007 -0.190138777052871E+002 -0.220575854470439E-006 -0.310816878502286E+002  0.382213640737206E-007  0.100000000000000E+001  0.000000000000000E+000  0.000000000000000E+000  0.000000000000000E+000  0.100000000000000E+001  0.000000000000000E+000  0.000000000000000E+000  0.000000000000000E+000  0.100000000000000E+001  0.590000000000000E+001  0.000000000000000E+000 -0.500000000000000E+000
  0.108750000000000E+001  0.103518581032876E+001 -0.284809957840082E-007 -0.190142572599842E+002 -0.187219168168440E-006 -0.310823178705199E+002  0.322716082745700E-007  0.100000000000000E+001  0.000000000000000E+000  0.000000000000000E+000  0.000000000000000E+000  0.100000000000000E+001  0.000000000000000E+000  0.000000000000000E+000  0.000000000000000E+000  0.100000000000000E+001  0.590000000000000E+001  0.000000000000000E+000 -0.500000000000000E+000
  0.109062500000000E+001  0.103487735288659E+001 -0.240855253519356E-007 -0.190009720537970E+002 -0.159199375460162E-006 -0.310588738784276E+002  0.273180738030732E-007  0.100000000000000E+001  0.000000000000000E+000  0.000000000000000E+000  0.000000000000000E+000  0.100000000000000E+001  0.000000000000000E+000  0.000000000000000E+000  0.000000000000000E+000  0.100000000000000E+001  0.590000000000000E+001  0.000000000000000E+000 -0.500000000000000E+000
  0.109375000000000E+001  0.103446086945669E+001 -0.203585961422448E-007 -0.189930273902136E+002 -0.134117362549091E-006 -0.310453056986543E+002  0.230997194705651E-007  0.100000000000000E+001  0.000000000000000E+000  0.000000000000000E+000  0.000000000000000E+000  0.100000000000000E+001  0.000000000000000E+000  0.000000000000000E+000  0.000000000000000E+000  0.100000000000000E+001  0.590000000000000E+001  0.000000000000000E+000 -0.500000000000000E+000
  0.109687500000000E+001  0.103423488612583E+001 -0.172569325496141E-007 -0.189946597831937E+002 -0.114755003721712E-006 -0.310486050283986E+002  0.196004990016263E-007  0.100000000000000E+001  0.000000000000000E+000  0.000000000000000E+000  0.000000000000000E+000  0.100000000000000E+001  0.000000000000000E+000  0.000000000000000E+000  0.000000000000000E+000  0.100000000000000E+001  0.590000000000000E+001  0.000000000000000E+000 -0.500000000000000E+000
  0.110000000000000E+001  0.103411850305724E+001 -0.146624203889445E-007 -0.189947916764392E+002 -0.980996279764668E-007 -0.310489451150581E+002  0.166706302096031E-007  0.100000000000000E+001  0.000000000000000E+000  0.000000000000000E+000  0.000000000000000E+000  0.100000000000000E+001  0.000000000000000E+000  0.000000000000000E+000  0.000000000000000E+000  0.100000000000000E+001  0.590000000000000E+001  0.000000000000000E+000 -0.500000000000000E+000
  0.110312500000000E+001  0.103405553031079E+001 -0.124794159450659E-007 -0.189946413447652E+002 -0.839076896852475E-007 -0.310487270257463E+002  0.142024783045258E-007  0.100000000000000E+001  0.000000000000000E+000  0.000000000000000E+000  0.000000000000000E+000  0.100000000000000E+001  0.000000000000000E+000  0.000000000000000E+000  0.000000000000000E+000  0.100000000000000E+001  0.590000000000000E+001  0.000000000000000E+000 -0.500000000000000E+000
  0.110625000000000E+001  0.103402011472785E+001 -0.106338053917909E-007 -0.189945155270185E+002 -0.717929413696083E-007 -0.310485320224800E+002  0.121134575703508E-007  0.100000000000000E+001  0.000000000000000E+000  0.000000000000000E+000  0.000000000000000E+000  0.100000000000000E+001  0.000000000000000E+000  0.000000000000000E+000  0.000000000000000E+000  0.100000000000000E+001  0.590000000000000E+001  0.000000000000000E+000 -0.500000000000000E+000
  0.110937500000000E+001  0.103399992589519E+001 -0.906595265526278E-008 -0.189944419455363E+002 -0.614182109615058E-007 -0.310484176641547E+002  0.103368247295066E-007  0.100000000000000E+001  0.000000000000000E+000  0.000000000000000E+000  0.000000000000000E+000  0.100000000000000E+001  0.000000000000000E+000  0.000000000000000E+000  0.000000000000000E+000  0.100000000000000E+001  0.590000000000000E+001  0.000000000000000E+000 -0.500000000000000E+000
  0.111250000000000E+001  0.103398839080946E+001 -0.772911712410007E-008 -0.189944005794897E+002 -0.525115098071183E-007 -0.310483527845513E+002  0.882042927585758E-008  0.100000000000000E+001  0.000000000000000E+000  0.000000000000000E+000  0.000000000000000E+000  0.100000000000000E+001  0.000000000000000E+000  0.000000000000000E+000  0.000000000000000E+000  0.100000000000000E+001  0.590000000000000E+001  0.000000000000000E+000 -0.500000000000000E+000
  0.111562500000000E+001  0.103398160028105E+001 -0.658554299981517E-008 -0.189943685616548E+002 -0.448448638223908E-007 -0.310482999612210E+002  0.752201123610519E-008  0.100000000000000E+001  0.000000000000000E+000  0.000000000000000E+000  0.000000000000000E+000  0.100000000000000E+001  0.000000000000000E+000  0.000000000000000E+000  0.000000000000000E+000  0.100000000000000E+001  0.590000000000000E+001  0.000000000000000E+000 -0.500000000000000E+000
  0.111875000000000E+001  0.103397698007491E+001 -0.560365598367696E-008 -0.189943254058265E+002 -0.382038400914553E-007 -0.310482252319102E+002  0.640590247513728E-008  0.100000000000000E+001  0.000000000000000E+000  0.000000000000000E+000  0.000000000000000E+000  0.100000000000000E+001  0.000000000000000E+000  0.000000000000000E+000  0.000000000000000E+000  0.100000000000000E+001  0.590000000000000E+001  0.000000000000000E+000 -0.500000000000000E+000
  0.112187500000000E+001  0.103397259492274E+001 -0.475600692162459E-008 -0.189942499647674E+002 -0.324100177806486E-007 -0.310480929941415E+002  0.544098543997507E-008  0.100000000000000E+001  0.000000000000000E+000  0.000000000000000E+000  0.000000000000000E+000  0.100000000000000E+001  0.000000000000000E+000  0.000000000000000E+000  0.000000000000000E+000  0.100000000000000E+001  0.590000000000000E+001  0.000000000000000E+000 -0.500000000000000E+000
  0.112500000000000E+001  0.103462233926373E+001 -0.402826483281160E-008 -0.190208202832170E+002 -0.274720708404175E-007 -0.310949322824303E+002  0.461230298398618E-008  0.100000000000000E+001  0.000000000000000E+000  0.000000000000000E+000  0.000000000000000E+000  0.100000000000000E+001  0.000000000000000E+000  0.000000000000000E+000  0.000000000000000E+000  0.100000000000000E+001  0.590000000000000E+001  0.000000000000000E+000 -0.500000000000000E+000
  0.112812500000000E+001  0.103586691372755E+001 -0.339541506022556E-008 -0.190527229622610E+002 -0.230761347808084E-007 -0.311502589165595E+002  0.389025678337873E-008  0.100000000000000E+001  0.000000000000000E+000  0.000000000000000E+000  0.000000000000000E+000  0.100000000000000E+001  0.000000000000000E+000  0.000000000000000E+000  0.000000000000000E+000  0.100000000000000E+001  0.590000000000000E+001  0.000000000000000E+000 -0.500000000000000E+000
  0.113125000000000E+001  0.103703978858762E+001 -0.284705015118902E-008 -0.190670743038602E+002 -0.192824476386022E-007 -0.311741369102200E+002  0.326428484243024E-008  0.100000000000000E+001  0.000000000000000E+000  0.000000000000000E+000  0.000000000000000E+000  0.100000000000000E+001  0.000000000000000E+000  0.000000000000000E+000  0.000000000000000E+000  0.100000000000000E+001  0.590000000000000E+001  0.000000000000000E+000 -0.500000000000000E+000
  0.113437500000000E+001  0.103772795273281E+001 -0.236672237363678E-008 -0.190661553701393E+002 -0.158378057335540E-007 -0.311714822598473E+002  0.271433031606705E-008  0.100000000000000E+001  0.000000000000000E+000  0.000000000000000E+000  0.000000000000000E+000  0.100000000000000E+001  0.000000000000000E+000  0.000000000000000E+000  0.000000000000000E+000  0.100000000000000E+001  0.590000000000000E+001  0.000000000000000E+000 -0.500000000000000E+000
  0.113750000000000E+001  0.103740812693379E+001 -0.196554861275899E-008 -0.190380453251445E+002 -0.131162583016931E-007 -0.311215508416372E+002  0.225604468440110E-008  0.100000000000000E+001  0.000000000000000E+000  0.000000000000000E+000  0.000000000000000E+000  0.100000000000000E+001  0.000000000000000E+000  0.000000000000000E+000  0.000000000000000E+000  0.100000000000000E+001  0.590000000000000E+001  0.000000000000000E+000 -0.500000000000000E+000
  0.114062500000000E+001  0.103721633929967E+001 -0.165229341320128E-008 -0.190423220992449E+002 -0.112945048869051E-007 -0.311298544368088E+002  0.190167681601849E-008  0.100000000000000E+001  0.000000000000000E+000  0.000000000000000E+000  0.000000000000000E+000  0.100000000000000E+001  0.000000000000000E+000  0.000000000000000E+000  0.000000000000000E+000  0.100000000000000E+001  0.590000000000000E+001  0.000000000000000E+000 -0.500000000000000E+000
  0.114375000000000E+001  0.103715795511300E+001 -0.142560918625634E-008 -0.190444086279692E+002 -0.102558299630573E-007 -0.311336417651453E+002  0.164957603132621E-008  0.100000000000000E+001  0.000000000000000E+000  0.000000000000000E+000  0.000000000000000E+000  0.100000000000000E+001  0.000000000000000E+000  0.000000000000000E+000  0.000000000000000E+000  0.100000000000000E+001  0.590000000000000E+001  0.000000000000000E+000 -0.500000000000000E+000
  0.114687500000000E+001  0.103715771905220E+001 -0.122348708941900E-008 -0.190453424286319E+002 -0.872027072773562E-008 -0.311352692879599E+002  0.141999056957332E-008  0.100000000000000E+001  0.000000000000000E+000  0.000000000000000E+000  0.000000000000000E+000  0.100000000000000E+001  0.000000000000000E+000  0.000000000000000E+000  0.000000000000000E+000  0.100000000000000E+001  0.590000000000000E+001  0.000000000000000E+000 -0.500000000000000E+000
  0.115000000000000E+001  0.103717962656226E+001 -0.106020570100895E-008 -0.190459915305758E+002 -0.788796761241883E-008 -0.311363787248813E+002  0.123829901887973E-008  0.100000000000000E+001  0.000000000000000E+000  0.000000000000000E+000  0.000000000000000E+000  0.100000000000000E+001  0.000000000000000E+000  0.000000000000000E+000  0.000000000000000E+000  0.100000000000000E+001  0.590000000000000E+001  0.000000000000000E+000 -0.500000000000000E+000
  0.115312500000000E+001  0.103720882293651E+001 -0.988324977413413E-009 -0.190465373955583E+002 -0.856802095938747E-008 -0.311373053046354E+002  0.117201182092685E-008  0.100000000000000E+001  0.000000000000000E+000  0.000000000000000E+000  0.000000000000000E+000  0.100000000000000E+001  0.000000000000000E+000  0.000000000000000E+000  0.000000000000000E+000  0.100000000000000E+001  0.590000000000000E+001  0.000000000000000E+000 -0.500000000000000E+000
  0.115625000000000E+001  0.103723806564608E+001 -0.110379905216007E-008 -0.190469716047590E+002 -0.117087761708490E-007 -0.311380369045148E+002  0.133604238783391E-008  0.100000000000000E+001  0.000000000000000E+000  0.000000000000000E+000  0.000000000000000E+000  0.100000000000000E+001  0.000000000000000E+000  0.000000000000000E+000  0.000000000000000E+000  0.100000000000000E+001  0.590000000000000E+001  0.000000000000000E+000 -0.500000000000000E+000
  0.115937500000000E+001  0.103726025434933E+001 -0.169825264961787E-008 -0.190471501257727E+002 -0.188868174433310E-007 -0.311383219955941E+002  0.205755967819243E-008  0.100000000000000E+001  0.000000000000000E+000  0.000000000000000E+000  0.000000000000000E+000  0.100000000000000E+001  0.000000000000000E+000  0.000000000000000E+000  0.000000000000000E+000  0.100000000000000E+001  0.590000000000000E+001  0.000000000000000E+000 -0.500000000000000E+000
  0.116250000000000E+001  0.103731481493380E+001  0.239385178346652E-009 -0.190488481952320E+002  0.218783817729218E-007 -0.311412945879513E+002 -0.433859836945771E-009  0.100000000000000E+001  0.000000000000000E+000  0.000000000000000E+000  0.000000000000000E+000  0.100000000000000E+001  0.000000000000000E+000  0.000000000000000E+000  0.000000000000000E+000  0.100000000000000E+001  0.590000000000000E+001  0.000000000000000E+000 -0.500000000000000E+000
  0.116562500000000E+001  0.103736890378676E+001  0.562950575044852E-009 -0.190495705547053E+002  0.511334796726715E-008 -0.311425006025550E+002 -0.691612767056426E-009  0.100000000000000E+001  0.000000000000000E+000  0.000000000000000E+000  0.000000000000000E+000  0.100000000000000E+001  0.000000000000000E+000  0.000000000000000E+000  0.000000000000000E+000  0.100000000000000E+001  0.590000000000000E+001  0.000000000000000E+000 -0.500000000000000E+000
  0.116875000000000E+001  0.103739779011427E+001  0.704423630537576E-009 -0.190494045442387E+002  0.836454461250469E-008 -0.311421572418461E+002 -0.859605275849162E-009  0.100000000000000E+001  0.000000000000000E+000  0.000000000000000E+000  0.000000000000000E+000  0.100000000000000E+001  0.000000000000000E+000  0.000000000000000E+000  0.000000000000000E+000  0.100000000000000E+001  0.590000000000000E+001  0.000000000000000E+000 -0.500000000000000E+000
  0.117187500000000E+001  0.103741928647764E+001  0.872940164597935E-009 -0.190496661625663E+002  0.104077155782534E-007 -0.311426023606211E+002 -0.106433173385767E-008  0.100000000000000E+001  0.000000000000000E+000  0.000000000000000E+000  0.000000000000000E+000  0.100000000000000E+001  0.000000000000000E+000  0.000000000000000E+000  0.000000000000000E+000  0.100000000000000E+001  0.590000000000000E+001  0.000000000000000E+000 -0.500000000000000E+000
  0.117500000000000E+001  0.103743811828709E+001  0.104476671758391E-008 -0.190499365094317E+002  0.116692344676039E-007 -0.311430613691822E+002 -0.126577637260539E-008  0.100000000000000E+001  0.000000000000000E+000  0.000000000000000E+000  0.000000000000000E+000  0.100000000000000E+001  0.000000000000000E+000  0.000000000000000E+000  0.000000000000000E+000  0.100000000000000E+001  0.590000000000000E+001  0.000000000000000E+000 -0.500000000000000E+000
  0.117812500000000E+001  0.103745498569693E+001  0.118250431668798E-008 -0.190501713829148E+002  0.123506698201936E-007 -0.311434580713384E+002 -0.142304612538169E-008  0.100000000000000E+001  0.000000000000000E+000  0.000000000000000E+000  0.000000000000000E+000  0.100000000000000E+001  0.000000000000000E+000  0.000000000000000E+000  0.000000000000000E+000  0.100000000000000E+001  0.590000000000000E+001  0.000000000000000E+000 -0.500000000000000E+000
  0.118125000000000E+001  0.103746972307741E+001  0.128813115729542E-008 -0.190503637002230E+002  0.129024293471502E-007 -0.311437813164649E+002 -0.154303747557094E-008  0.100000000000000E+001  0.000000000000000E+000  0.000000000000000E+000  0.000000000000000E+000  0.100000000000000E+001  0.000000000000000E+000  0.000000000000000E+000  0.000000000000000E+000  0.100000000000000E+001  0.590000000000000E+001  0.000000000000000E+000 -0.500000000000000E+000
  0.118437500000000E+001  0.103748249890814E+001  0.137171474179354E-008 -0.190505290061497E+002  0.134137856377947E-007 -0.311440591014051E+002 -0.163849334100519E-008  0.100000000000000E+001  0.000000000000000E+000  0.000000000000000E+000  0.000000000000000E+000  0.100000000000000E+001  0.000000000000000E+000  0.000000000000000E+000  0.000000000000000E+000  0.100000000000000E+001  0.590000000000000E+001  0.000000000000000E+000 -0.500000000000000E+000
  0.118750000000000E+001  0.103749382988075E+001  0.144105061217203E-008 -0.190506832309994E+002  0.138776616864789E-007 -0.311443191846741E+002 -0.171814851235297E-008  0.100000000000000E+001  0.000000000000000E+000  0.000000000000000E+000  0.000000000000000E+000  0.100000000000000E+001  0.000000000000000E+000  0.000000000000000E+000  0.000000000000000E+000  0.100000000000000E+001  0.590000000000000E+001  0.000000000000000E+000 -0.500000000000000E+000
  0.119062500000000E+001  0.103750401458270E+001  0.149995793563562E-008 -0.190508243419112E+002  0.142832039529139E-007 -0.311445573336098E+002 -0.178601156086700E-008  0.100000000000000E+001  0.000000000000000E+000  0.000000000000000E+000  0.000000000000000E+000  0.100000000000000E+001  0.000000000000000E+000  0.000000000000000E+000  0.000000000000000E+000  0.100000000000000E+001  0.590000000000000E+001  0.000000000000000E+000 -0.500000000000000E+000
  0.119375000000000E+001  0.103751318407237E+001  0.155028256898504E-008 -0.190509510883305E+002  0.146263232636556E-007 -0.311447711614928E+002 -0.184400983371802E-008  0.100000000000000E+001  0.000000000000000E+000  0.000000000000000E+000  0.000000000000000E+000  0.100000000000000E+001  0.000000000000000E+000  0.000000000000000E+000  0.000000000000000E+000  0.100000000000000E+001  0.590000000000000E+001  0.000000000000000E+000 -0.500000000000000E+000
  0.119687500000000E+001  0.103752145258242E+001  0.159421698064932E-008 -0.190510655714111E+002  0.149354839606985E-007 -0.311449643197173E+002 -0.189469884226412E-008  0.100000000000000E+001  0.000000000000000E+000  0.000000000000000E+000  0.000000000000000E+000  0.100000000000000E+001  0.000000000000000E+000  0.000000000000000E+000  0.000000000000000E+000  0.100000000000000E+001  0.590000000000000E+001  0.000000000000000E+000 -0.500000000000000E+000
  0.120000000000000E+001  0.103752892677980E+001  0.163228452976227E-008 -0.190511694421867E+002  0.151994736796723E-007 -0.311451396157092E+002 -0.193859905905924E-008  0.100000000000000E+001  0.000000000000000E+000  0.000000000000000E+000  0.000000000000000E+000  0.100000000000000E+001  0.000000000000000E+000  0.000000000000000E+000  0.000000000000000E+000  0.100000000000000E+001  0.590000000000000E+001  0.000000000000000E+000 -0.500000000000000E+000
  0.120312500000000E+001  0.103753569518521E+001  0.166518066002652E-008 -0.190512637387633E+002  0.154244634842371E-007 -0.311452987800812E+002 -0.197647875843643E-008  0.100000000000000E+001  0.000000000000000E+000  0.000000000000000E+000  0.000000000000000E+000  0.100000000000000E+001  0.000000000000000E+000  0.000000000000000E+000  0.000000000000000E+000  0.100000000000000E+001  0.590000000000000E+001  0.000000000000000E+000 -0.500000000000000E+000
  0.120625000000000E+001  0.103754183507889E+001  0.169409974937196E-008 -0.190513494951286E+002  0.156233994630384E-007 -0.311454435551267E+002 -0.200985472709192E-008  0.100000000000000E+001  0.000000000000000E+000  0.000000000000000E+000  0.000000000000000E+000  0.100000000000000E+001  0.000000000000000E+000  0.000000000000000E+000  0.000000000000000E+000  0.100000000000000E+001  0.590000000000000E+001  0.000000000000000E+000 -0.500000000000000E+000
  0.120937500000000E+001  0.103754741463234E+001  0.171868763665373E-008 -0.190514276269813E+002  0.157904089803651E-007 -0.311455754822801E+002 -0.203813743659964E-008  0.100000000000000E+001  0.000000000000000E+000  0.000000000000000E+000  0.000000000000000E+000  0.100000000000000E+001  0.000000000000000E+000  0.000000000000000E+000  0.000000000000000E+000  0.100000000000000E+001  0.590000000000000E+001  0.000000000000000E+000 -0.500000000000000E+000
  0.121250000000000E+001  0.103755248727533E+001  0.174045955425584E-008 -0.190514986731551E+002  0.159404400790208E-007 -0.311456954475275E+002 -0.206323202966985E-008  0.100000000000000E+001  0.000000000000000E+000  0.000000000000000E+000  0.000000000000000E+000  0.100000000000000E+001  0.000000000000000E+000  0.000000000000000E+000  0.000000000000000E+000  0.100000000000000E+001  0.590000000000000E+001  0.000000000000000E+000 -0.500000000000000E+000
  0.121562500000000E+001  0.103755732614943E+001  0.175901893051389E-008 -0.190515724978115E+002  0.160656021819250E-007 -0.311458207836227E+002 -0.208456962802472E-008  0.100000000000000E+001  0.000000000000000E+000  0.000000000000000E+000  0.000000000000000E+000  0.100000000000000E+001  0.000000000000000E+000  0.000000000000000E+000  0.000000000000000E+000  0.100000000000000E+001  0.590000000000000E+001  0.000000000000000E+000 -0.500000000000000E+000
  0.121875000000000E+001  0.103756208214939E+001  0.177528880485056E-008 -0.190516475924509E+002  0.161769442286186E-007 -0.311459484768568E+002 -0.210332506966893E-008  0.100000000000000E+001  0.000000000000000E+000  0.000000000000000E+000  0.000000000000000E+000  0.100000000000000E+001  0.000000000000000E+000  0.000000000000000E+000  0.000000000000000E+000  0.100000000000000E+001  0.590000000000000E+001  0.000000000000000E+000 -0.500000000000000E+000
  0.122187500000000E+001  0.103756646643044E+001  0.178926096161547E-008 -0.190517089121348E+002  0.162721924823472E-007 -0.311460519340142E+002 -0.211936823646397E-008  0.100000000000000E+001  0.000000000000000E+000  0.000000000000000E+000  0.000000000000000E+000  0.100000000000000E+001  0.000000000000000E+000  0.000000000000000E+000  0.000000000000000E+000  0.100000000000000E+001  0.590000000000000E+001  0.000000000000000E+000 -0.500000000000000E+000
  0.122500000000000E+001  0.103756987226488E+001  0.180167769592288E-008 -0.190517407130150E+002  0.163576903133844E-007 -0.311461038791389E+002 -0.213369211188308E-008  0.100000000000000E+001  0.000000000000000E+000  0.000000000000000E+000  0.000000000000000E+000  0.100000000000000E+001  0.000000000000000E+000  0.000000000000000E+000  0.000000000000000E+000  0.100000000000000E+001  0.590000000000000E+001  0.000000000000000E+000 -0.500000000000000E+000
  0.122812500000000E+001  0.103757171522104E+001  0.181224035777916E-008 -0.190517356095909E+002  0.164293592064269E-007 -0.311460919955676E+002 -0.214587347890927E-008  0.100000000000000E+001  0.000000000000000E+000  0.000000000000000E+000  0.000000000000000E+000  0.100000000000000E+001  0.000000000000000E+000  0.000000000000000E+000  0.000000000000000E+000  0.100000000000000E+001  0.590000000000000E+001  0.000000000000000E+000 -0.500000000000000E+000
  0.123125000000000E+001  0.103757298609099E+001  0.182156045802628E-008 -0.190517484035508E+002  0.164934270685535E-007 -0.311461133701403E+002 -0.215657514068823E-008  0.100000000000000E+001  0.000000000000000E+000  0.000000000000000E+000  0.000000000000000E+000  0.100000000000000E+001  0.000000000000000E+000  0.000000000000000E+000  0.000000000000000E+000  0.100000000000000E+001  0.590000000000000E+001  0.000000000000000E+000 -0.500000000000000E+000
  0.123437500000000E+001  0.103757446271442E+001  0.182972992313069E-008 -0.190517798759588E+002  0.165488831527227E-007 -0.311461677313443E+002 -0.216601159230834E-008  0.100000000000000E+001  0.000000000000000E+000  0.000000000000000E+000  0.000000000000000E+000  0.100000000000000E+001  0.000000000000000E+000  0.000000000000000E+000  0.000000000000000E+000  0.100000000000000E+001  0.590000000000000E+001  0.000000000000000E+000 -0.500000000000000E+000
  0.123750000000000E+001  0.103757614863254E+001  0.183665282982304E-008 -0.190518114463579E+002  0.165945071017859E-007 -0.311462217259717E+002 -0.217395257351427E-008  0.100000000000000E+001  0.000000000000000E+000  0.000000000000000E+000  0.000000000000000E+000  0.100000000000000E+001  0.000000000000000E+000  0.000000000000000E+000  0.000000000000000E+000  0.100000000000000E+001  0.590000000000000E+001  0.000000000000000E+000 -0.500000000000000E+000
  0.124062500000000E+001  0.103757791878172E+001  0.184257009649968E-008 -0.190518410322668E+002  0.166346474372858E-007 -0.311462720499993E+002 -0.218075135727247E-008  0.100000000000000E+001  0.000000000000000E+000  0.000000000000000E+000  0.000000000000000E+000  0.100000000000000E+001  0.000000000000000E+000  0.000000000000000E+000  0.000000000000000E+000  0.100000000000000E+001  0.590000000000000E+001  0.000000000000000E+000 -0.500000000000000E+000
  0.124375000000000E+001  0.103757968587403E+001  0.184783011114575E-008 -0.190518688475837E+002  0.166678848501078E-007 -0.311463192571248E+002 -0.218678453123289E-008  0.100000000000000E+001  0.000000000000000E+000  0.000000000000000E+000  0.000000000000000E+000  0.100000000000000E+001  0.000000000000000E+000  0.000000000000000E+000  0.000000000000000E+000  0.100000000000000E+001  0.590000000000000E+001  0.000000000000000E+000 -0.500000000000000E+000
  0.124687500000000E+001  0.103758139619902E+001  0.185210180525530E-008 -0.190518947802254E+002  0.166932689893429E-007 -0.311463632091704E+002 -0.219162887837854E-008  0.100000000000000E+001  0.000000000000000E+000  0.000000000000000E+000  0.000000000000000E+000  0.100000000000000E+001  0.000000000000000E+000  0.000000000000000E+000  0.000000000000000E+000  0.100000000000000E+001  0.590000000000000E+001  0.000000000000000E+000 -0.500000000000000E+000
  0.125000000000000E+001  0.103758333563371E+001  0.185562187837718E-008 -0.190519316633494E+002  0.167181077870282E-007 -0.311464265558663E+002 -0.219565476911043E-008  0.100000000000000E+001  0.000000000000000E+000  0.000000000000000E+000  0.000000000000000E+000  0.100000000000000E+001  0.000000000000000E+000  0.000000000000000E+000  0.000000000000000E+000  0.100000000000000E+001  0.590000000000000E+001  0.000000000000000E+000 -0.500000000000000E+000
  0.125312500000000E+001  0.103758597577481E+001  0.185990511880618E-008 -0.190519902284845E+002  0.167658971150786E-007 -0.311465277871279E+002 -0.220082219115625E-008  0.100000000000000E+001  0.000000000000000E+000  0.000000000000000E+000  0.000000000000000E+000  0.100000000000000E+001  0.000000000000000E+000  0.000000000000000E+000  0.000000000000000E+000  0.100000000000000E+001  0.590000000000000E+001  0.000000000000000E+000 -0.500000000000000E+000
  0.125625000000000E+001  0.103758956250351E+001  0.186331616802704E-008 -0.190520679732353E+002  0.167869487199823E-007 -0.311466619703019E+002 -0.220477724965917E-008  0.100000000000000E+001  0.000000000000000E+000  0.000000000000000E+000  0.000000000000000E+000  0.100000000000000E+001  0.000000000000000E+000  0.000000000000000E+000  0.000000000000000E+000  0.100000000000000E+001  0.590000000000000E+001  0.000000000000000E+000 -0.500000000000000E+000
  0.125937500000000E+001  0.103759441664104E+001  0.186677406865954E-008 -0.190521727185850E+002  0.168128746480534E-007 -0.311468427648679E+002 -0.220879092793780E-008  0.100000000000000E+001  0.000000000000000E+000  0.000000000000000E+000  0.000000000000000E+000  0.100000000000000E+001  0.000000000000000E+000  0.000000000000000E+000  0.000000000000000E+000  0.100000000000000E+001  0.590000000000000E+001  0.000000000000000E+000 -0.500000000000000E+000
  0.126250000000000E+001  0.103760037513520E+001  0.186952497926995E-008 -0.190522896438677E+002  0.168369957975756E-007 -0.311470437220248E+002 -0.221201346128908E-008  0.100000000000000E+001  0.000000000000000E+000  0.000000000000000E+000  0.000000000000000E+000  0.100000000000000E+001  0.000000000000000E+000  0.000000000000000E+000  0.000000000000000E+000  0.100000000000000E+001  0.590000000000000E+001  0.000000000000000E+000 -0.500000000000000E+000
  0.126562500000000E+001  0.103760643217258E+001  0.187219262315352E-008 -0.190523838295046E+002  0.168560134738982E-007 -0.311472036888176E+002 -0.221512252984724E-008  0.100000000000000E+001  0.000000000000000E+000  0.000000000000000E+000  0.000000000000000E+000  0.100000000000000E+001  0.000000000000000E+000  0.000000000000000E+000  0.000000000000000E+000  0.100000000000000E+001  0.590000000000000E+001  0.000000000000000E+000 -0.500000000000000E+000
  0.126875000000000E+001  0.103761129804912E+001  0.187454940459020E-008 -0.190524312049581E+002  0.168708673697893E-007 -0.311472815597428E+002 -0.221786455867345E-008  0.100000000000000E+001  0.000000000000000E+000  0.000000000000000E+000  0.000000000000000E+000  0.100000000000000E+001  0.000000000000000E+000  0.000000000000000E+000  0.000000000000000E+000  0.100000000000000E+001  0.590000000000000E+001  0.000000000000000E+000 -0.500000000000000E+000
  0.127187500000000E+001  0.103761411735849E+001  0.187623028224948E-008 -0.190524302218870E+002  0.168799729749480E-007 -0.311472759101098E+002 -0.221976104164412E-008  0.100000000000000E+001  0.000000000000000E+000  0.000000000000000E+000  0.000000000000000E+000  0.100000000000000E+001  0.000000000000000E+000  0.000000000000000E+000  0.000000000000000E+000  0.100000000000000E+001  0.590000000000000E+001  0.000000000000000E+000 -0.500000000000000E+000
  0.127500000000000E+001  0.103761539901969E+001  0.187758542047334E-008 -0.190524211025307E+002  0.168886664653201E-007 -0.311472581847111E+002 -0.222128626603535E-008  0.100000000000000E+001  0.000000000000000E+000  0.000000000000000E+000  0.000000000000000E+000  0.100000000000000E+001  0.000000000000000E+000  0.000000000000000E+000  0.000000000000000E+000  0.100000000000000E+001  0.590000000000000E+001  0.000000000000000E+000 -0.500000000000000E+000
  0.127812500000000E+001  0.103761642406524E+001  0.187893367531444E-008 -0.190524378095504E+002  0.168975713421560E-007 -0.311472871223227E+002 -0.222285900797203E-008  0.100000000000000E+001  0.000000000000000E+000  0.000000000000000E+000  0.000000000000000E+000  0.100000000000000E+001  0.000000000000000E+000  0.000000000000000E+000  0.000000000000000E+000  0.100000000000000E+001  0.590000000000000E+001  0.000000000000000E+000 -0.500000000000000E+000
  0.128125000000000E+001  0.103761746947702E+001  0.187992088562794E-008 -0.190524564922968E+002  0.169034688468628E-007 -0.311473191629602E+002 -0.222398721660966E-008  0.100000000000000E+001  0.000000000000000E+000  0.000000000000000E+000  0.000000000000000E+000  0.100000000000000E+001  0.000000000000000E+000  0.000000000000000E+000  0.000000000000000E+000  0.100000000000000E+001  0.590000000000000E+001  0.000000000000000E+000 -0.500000000000000E+000
  0.128437500000000E+001  0.103761849710418E+001  0.188080462315554E-008 -0.190524725627403E+002  0.169070659694626E-007 -0.311473464490980E+002 -0.222501883584414E-008  0.100000000000000E+001  0.000000000000000E+000  0.000000000000000E+000  0.000000000000000E+000  0.100000000000000E+001  0.000000000000000E+000  0.000000000000000E+000  0.000000000000000E+000  0.100000000000000E+001  0.590000000000000E+001  0.000000000000000E+000 -0.500000000000000E+000
  0.128750000000000E+001  0.103761949890521E+001  0.188175186544015E-008 -0.190524880499557E+002  0.169162763796749E-007 -0.311473727475819E+002 -0.222611262756800E-008  0.100000000000000E+001  0.000000000000000E+000  0.000000000000000E+000  0.000000000000000E+000  0.100000000000000E+001  0.000000000000000E+000  0.000000000000000E+000  0.000000000000000E+000  0.100000000000000E+001  0.590000000000000E+001  0.000000000000000E+000 -0.500000000000000E+000
  0.129062500000000E+001  0.103762049537727E+001  0.188238735709945E-008 -0.190525039634508E+002  0.169209979361540E-007 -0.311473998328683E+002 -0.222684026773834E-008  0.100000000000000E+001  0.000000000000000E+000  0.000000000000000E+000  0.000000000000000E+000  0.100000000000000E+001  0.000000000000000E+000  0.000000000000000E+000  0.000000000000000E+000  0.100000000000000E+001  0.590000000000000E+001  0.000000000000000E+000 -0.500000000000000E+000
  0.129375000000000E+001  0.103762145171617E+001  0.188321647165424E-008 -0.190525182827660E+002  0.169253198123442E-007 -0.311474241114356E+002 -0.222779306113807E-008  0.100000000000000E+001  0.000000000000000E+000  0.000000000000000E+000  0.000000000000000E+000  0.100000000000000E+001  0.000000000000000E+000  0.000000000000000E+000  0.000000000000000E+000  0.100000000000000E+001  0.590000000000000E+001  0.000000000000000E+000 -0.500000000000000E+000
  0.129687500000000E+001  0.103762234445384E+001  0.188360149699918E-008 -0.190525311363072E+002  0.169287623918990E-007 -0.311474458658055E+002 -0.222821983086874E-008  0.100000000000000E+001  0.000000000000000E+000  0.000000000000000E+000  0.000000000000000E+000  0.100000000000000E+001  0.000000000000000E+000  0.000000000000000E+000  0.000000000000000E+000  0.100000000000000E+001  0.590000000000000E+001  0.000000000000000E+000 -0.500000000000000E+000
  0.130000000000000E+001  0.103762314125842E+001  0.188434534642568E-008 -0.190525417574772E+002  0.169360419022269E-007 -0.311474637604403E+002 -0.222911467062659E-008  0.100000000000000E+001  0.000000000000000E+000  0.000000000000000E+000  0.000000000000000E+000  0.100000000000000E+001  0.000000000000000E+000  0.000000000000000E+000  0.000000000000000E+000  0.100000000000000E+001  0.590000000000000E+001  0.000000000000000E+000 -0.500000000000000E+000
  0.130312500000000E+001  0.103762381208952E+001  0.188481719121114E-008 -0.190525497591707E+002  0.169363563173874E-007 -0.311474771449381E+002 -0.222964446905394E-008  0.100000000000000E+001  0.000000000000000E+000  0.000000000000000E+000  0.000000000000000E+000  0.100000000000000E+001  0.000000000000000E+000  0.000000000000000E+000  0.000000000000000E+000  0.100000000000000E+001  0.590000000000000E+001  0.000000000000000E+000 -0.500000000000000E+000
  0.130625000000000E+001  0.103762440024942E+001  0.188504034603909E-008 -0.190525576423922E+002  0.169377454284358E-007 -0.311474904528230E+002 -0.222988805198554E-008  0.100000000000000E+001  0.000000000000000E+000  0.000000000000000E+000  0.000000000000000E+000  0.100000000000000E+001  0.000000000000000E+000  0.000000000000000E+000  0.000000000000000E+000  0.100000000000000E+001  0.590000000000000E+001  0.000000000000000E+000 -0.500000000000000E+000
  0.130937500000000E+001  0.103762492617046E+001  0.188541826595667E-008 -0.190525648723242E+002  0.169402873950730E-007 -0.311475026673069E+002 -0.223034146706880E-008  0.100000000000000E+001  0.000000000000000E+000  0.000000000000000E+000  0.000000000000000E+000  0.100000000000000E+001  0.000000000000000E+000  0.000000000000000E+000  0.000000000000000E+000  0.100000000000000E+001  0.590000000000000E+001  0.000000000000000E+000 -0.500000000000000E+000
  0.131250000000000E+001  0.103762539847721E+001  0.188574111881223E-008 -0.190525713702515E+002  0.169420655282693E-007 -0.311475136413177E+002 -0.223070495408706E-008  0.100000000000000E+001  0.000000000000000E+000  0.000000000000000E+000  0.000000000000000E+000  0.100000000000000E+001  0.000000000000000E+000  0.000000000000000E+000  0.000000000000000E+000  0.100000000000000E+001  0.590000000000000E+001  0.000000000000000E+000 -0.500000000000000E+000
  0.131562500000000E+001  0.103762582226003E+001  0.188586302130034E-008 -0.190525771780165E+002  0.169427316620840E-007 -0.311475234462128E+002 -0.223083218564568E-008  0.100000000000000E+001  0.000000000000000E+000  0.000000000000000E+000  0.000000000000000E+000  0.100000000000000E+001  0.000000000000000E+000  0.000000000000000E+000  0.000000000000000E+000  0.100000000000000E+001  0.590000000000000E+001  0.000000000000000E+000 -0.500000000000000E+000
  0.131875000000000E+001  0.103762620151816E+001  0.188596360750637E-008 -0.190525823495244E+002  0.169435718788691E-007 -0.311475321739346E+002 -0.223094964724169E-008  0.100000000000000E+001  0.000000000000000E+000  0.000000000000000E+000  0.000000000000000E+000  0.100000000000000E+001  0.000000000000000E+000  0.000000000000000E+000  0.000000000000000E+000  0.100000000000000E+001  0.590000000000000E+001  0.000000000000000E+000 -0.500000000000000E+000
  0.132187500000000E+001  0.103762654117825E+001  0.188615434382200E-008 -0.190525869922469E+002  0.169457319287858E-007 -0.311475400105698E+002 -0.223116214392860E-008  0.100000000000000E+001  0.000000000000000E+000  0.000000000000000E+000  0.000000000000000E+000  0.100000000000000E+001  0.000000000000000E+000  0.000000000000000E+000  0.000000000000000E+000  0.100000000000000E+001  0.590000000000000E+001  0.000000000000000E+000 -0.500000000000000E+000
  0.132500000000000E+001  0.103762684820764E+001  0.188627069519498E-008 -0.190525912645280E+002  0.169468385990967E-007 -0.311475472299980E+002 -0.223128449050591E-008  0.100000000000000E+001  0.000000000000000E+000  0.000000000000000E+000  0.000000000000000E+000  0.100000000000000E+001  0.000000000000000E+000  0.000000000000000E+000  0.000000000000000E+000  0.100000000000000E+001  0.590000000000000E+001  0.000000000000000E+000 -0.500000000000000E+000
  0.132812500000000E+001  0.103762712788317E+001  0.188655002730798E-008 -0.190525952005688E+002  0.169480181000381E-007 -0.311475538850488E+002 -0.223163687529393E-008  0.100000000000000E+001  0.000000000000000E+000  0.000000000000000E+000  0.000000000000000E+000  0.100000000000000E+001  0.000000000000000E+000  0.000000000000000E+000  0.000000000000000E+000  0.100000000000000E+001  0.590000000000000E+001  0.000000000000000E+000 -0.500000000000000E+000
  0.133125000000000E+001  0.103762738097572E+001  0.188664750488954E-008 -0.190525987077293E+002  0.169471956468215E-007 -0.311475598083160E+002 -0.223171614521789E-008  0.100000000000000E+001  0.000000000000000E+000  0.000000000000000E+000  0.000000000000000E+000  0.100000000000000E+001  0.000000000000000E+000  0.000000000000000E+000  0.000000000000000E+000  0.100000000000000E+001  0.590000000000000E+001  0.000000000000000E+000 -0.500000000000000E+000
  0.133437500000000E+001  0.103762760961379E+001  0.188652116150934E-008 -0.190526018720063E+002  0.169486362722182E-007 -0.311475651526073E+002 -0.223157647916139E-008  0.100000000000000E+001  0.000000000000000E+000  0.000000000000000E+000  0.000000000000000E+000  0.100000000000000E+001  0.000000000000000E+000  0.000000000000000E+000  0.000000000000000E+000  0.100000000000000E+001  0.590000000000000E+001  0.000000000000000E+000 -0.500000000000000E+000
  0.133750000000000E+001  0.103762781721943E+001  0.188661908318011E-008 -0.190526047755954E+002  0.169485705470152E-007 -0.311475700600720E+002 -0.223168639124083E-008  0.100000000000000E+001  0.000000000000000E+000  0.000000000000000E+000  0.000000000000000E+000  0.100000000000000E+001  0.000000000000000E+000  0.000000000000000E+000  0.000000000000000E+000  0.100000000000000E+001  0.590000000000000E+001  0.000000000000000E+000 -0.500000000000000E+000
  0.134062500000000E+001  0.103762800639538E+001  0.188693771718818E-008 -0.190526074345796E+002  0.169508940217611E-007 -0.311475745552001E+002 -0.223208762584193E-008  0.100000000000000E+001  0.000000000000000E+000  0.000000000000000E+000  0.000000000000000E+000  0.100000000000000E+001  0.000000000000000E+000  0.000000000000000E+000  0.000000000000000E+000  0.100000000000000E+001  0.590000000000000E+001  0.000000000000000E+000 -0.500000000000000E+000
  0.134375000000000E+001  0.103762817959068E+001  0.188688686897365E-008 -0.190526098873058E+002  0.169500680158308E-007 -0.311475787034676E+002 -0.223200813387336E-008  0.100000000000000E+001  0.000000000000000E+000  0.000000000000000E+000  0.000000000000000E+000  0.100000000000000E+001  0.000000000000000E+000  0.000000000000000E+000  0.000000000000000E+000  0.100000000000000E+001  0.590000000000000E+001  0.000000000000000E+000 -0.500000000000000E+000
  0.134687500000000E+001  0.103762833894432E+001  0.188696658298682E-008 -0.190526121610007E+002  0.169499383417815E-007 -0.311475825505988E+002 -0.223210672167795E-008  0.100000000000000E+001  0.000000000000000E+000  0.000000000000000E+000  0.000000000000000E+000  0.100000000000000E+001  0.000000000000000E+000  0.000000000000000E+000  0.000000000000000E+000  0.100000000000000E+001  0.590000000000000E+001  0.000000000000000E+000 -0.500000000000000E+000
  0.135000000000000E+001  0.103762848630315E+001  0.188686333224553E-008 -0.190526142792529E+002  0.169502989422199E-007 -0.311475861362673E+002 -0.223197327287039E-008  0.100000000000000E+001  0.000000000000000E+000  0.000000000000000E+000  0.000000000000000E+000  0.100000000000000E+001  0.000000000000000E+000  0.000000000000000E+000  0.000000000000000E+000  0.100000000000000E+001  0.590000000000000E+001  0.000000000000000E+000 -0.500000000000000E+000
  0.135312500000000E+001  0.103762862271145E+001  0.188703608294816E-008 -0.190526162401639E+002  0.169512404113448E-007 -0.311475894554955E+002 -0.223217577755008E-008  0.100000000000000E+001  0.000000000000000E+000  0.000000000000000E+000  0.000000000000000E+000  0.100000000000000E+001  0.000000000000000E+000  0.000000000000000E+000  0.000000000000000E+000  0.100000000000000E+001  0.590000000000000E+001  0.000000000000000E+000 -0.500000000000000E+000
  0.135625000000000E+001  0.103762874793031E+001  0.188696791525444E-008 -0.190526180115489E+002  0.169511835679259E-007 -0.311475924509262E+002 -0.223209095651100E-008  0.100000000000000E+001  0.000000000000000E+000  0.000000000000000E+000  0.000000000000000E+000  0.100000000000000E+001  0.000000000000000E+000  0.000000000000000E+000  0.000000000000000E+000  0.100000000000000E+001  0.590000000000000E+001  0.000000000000000E+000 -0.500000000000000E+000
  0.135937500000000E+001  0.103762886069768E+001  0.188711379855988E-008 -0.190526195533996E+002  0.169514748904476E-007 -0.311475950528162E+002 -0.223227836215756E-008  0.100000000000000E+001  0.000000000000000E+000  0.000000000000000E+000  0.000000000000000E+000  0.100000000000000E+001  0.000000000000000E+000  0.000000000000000E+000  0.000000000000000E+000  0.100000000000000E+001  0.590000000000000E+001  0.000000000000000E+000 -0.500000000000000E+000
  0.136250000000000E+001  0.103762895981050E+001  0.188740401085852E-008 -0.190526208524937E+002  0.169538232341893E-007 -0.311475972394307E+002 -0.223264895460318E-008  0.100000000000000E+001  0.000000000000000E+000  0.000000000000000E+000  0.000000000000000E+000  0.100000000000000E+001  0.000000000000000E+000  0.000000000000000E+000  0.000000000000000E+000  0.100000000000000E+001  0.590000000000000E+001  0.000000000000000E+000 -0.500000000000000E+000
  0.136562500000000E+001  0.103762904649163E+001  0.188709603499149E-008 -0.190526219884674E+002  0.169505476321774E-007 -0.311475991521064E+002 -0.223224350115458E-008  0.100000000000000E+001  0.000000000000000E+000  0.000000000000000E+000  0.000000000000000E+000  0.100000000000000E+001  0.000000000000000E+000  0.000000000000000E+000  0.000000000000000E+000  0.100000000000000E+001  0.590000000000000E+001  0.000000000000000E+000 -0.500000000000000E+000
  0.136875000000000E+001  0.103762912444978E+001  0.188712312443329E-008 -0.190526230722721E+002  0.169514180470287E-007 -0.311476009840463E+002 -0.223228413531729E-008  0.100000000000000E+001  0.000000000000000E+000  0.000000000000000E+000  0.000000000000000E+000  0.100000000000000E+001  0.000000000000000E+000  0.000000000000000E+000  0.000000000000000E+000  0.100000000000000E+001  0.590000000000000E+001  0.000000000000000E+000 -0.500000000000000E+000
  0.137187500000000E+001  0.103762919639064E+001  0.188719018190397E-008 -0.190526241117012E+002  0.169524021487177E-007 -0.311476027443909E+002 -0.223234852825271E-008  0.100000000000000E+001  0.000000000000000E+000  0.000000000000000E+000  0.000000000000000E+000  0.100000000000000E+001  0.000000000000000E+000  0.000000000000000E+000  0.000000000000000E+000  0.100000000000000E+001  0.590000000000000E+001  0.000000000000000E+000 -0.500000000000000E+000
  0.137500000000000E+001  0.103762926343657E+001  0.188724569305521E-008 -0.190526250888808E+002  0.169523666215809E-007 -0.311476043996270E+002 -0.223240292918092E-008  0.100000000000000E+001  0.000000000000000E+000  0.000000000000000E+000  0.000000000000000E+000  0.100000000000000E+001  0.000000000000000E+000  0.000000000000000E+000  0.000000000000000E+000  0.100000000000000E+001  0.590000000000000E+001  0.000000000000000E+000 -0.500000000000000E+000
  0.137812500000000E+001  0.103762932639824E+001  0.188718307647662E-008 -0.190526260154715E+002  0.169527005766668E-007 -0.311476059700166E+002 -0.223231588769579E-008  0.100000000000000E+001  0.000000000000000E+000  0.000000000000000E+000  0.000000000000000E+000  0.100000000000000E+001  0.000000000000000E+000  0.000000000000000E+000  0.000000000000000E+000  0.100000000000000E+001  0.590000000000000E+001  0.000000000000000E+000 -0.500000000000000E+000
  0.138125000000000E+001  0.103762938631560E+001  0.188740134632326E-008 -0.190526269153207E+002  0.169538338923303E-007 -0.311476074969751E+002 -0.223261764631388E-008  0.100000000000000E+001  0.000000000000000E+000  0.000000000000000E+000  0.000000000000000E+000  0.100000000000000E+001  0.000000000000000E+000  0.000000000000000E+000  0.000000000000000E+000  0.100000000000000E+001  0.590000000000000E+001  0.000000000000000E+000 -0.500000000000000E+000
  0.138437500000000E+001  0.103762944472082E+001  0.188737647732751E-008 -0.190526278242473E+002  0.169532956562080E-007 -0.311476090425431E+002 -0.223259011278287E-008  0.100000000000000E+001  0.000000000000000E+000  0.000000000000000E+000  0.000000000000000E+000  0.100000000000000E+001  0.000000000000000E+000  0.000000000000000E+000  0.000000000000000E+000  0.100000000000000E+001  0.590000000000000E+001  0.000000000000000E+000 -0.500000000000000E+000
  0.138750000000000E+001  0.103762950353480E+001  0.188732451888995E-008 -0.190526287804869E+002  0.169527449855877E-007 -0.311476106724435E+002 -0.223250506969919E-008  0.100000000000000E+001  0.000000000000000E+000  0.000000000000000E+000  0.000000000000000E+000  0.100000000000000E+001  0.000000000000000E+000  0.000000000000000E+000  0.000000000000000E+000  0.100000000000000E+001  0.590000000000000E+001  0.000000000000000E+000 -0.500000000000000E+000
  0.139062500000000E+001  0.103762956409438E+001  0.188721860361341E-008 -0.190526297892243E+002  0.169516400916336E-007 -0.311476123938490E+002 -0.223235230301100E-008  0.100000000000000E+001  0.000000000000000E+000  0.000000000000000E+000  0.000000000000000E+000  0.100000000000000E+001  0.000000000000000E+000  0.000000000000000E+000  0.000000000000000E+000  0.100000000000000E+001  0.590000000000000E+001  0.000000000000000E+000 -0.500000000000000E+000
  0.139375000000000E+001  0.103762962651891E+001  0.188720084004501E-008 -0.190526308245079E+002  0.169530096627568E-007 -0.311476141600509E+002 -0.223233809215628E-008  0.100000000000000E+001  0.000000000000000E+000  0.000000000000000E+000  0.000000000000000E+000  0.100000000000000E+001  0.000000000000000E+000  0.000000000000000E+000  0.000000000000000E+000  0.100000000000000E+001  0.590000000000000E+001  0.000000000000000E+000 -0.500000000000000E+000
  0.139687500000000E+001  0.103762968950229E+001  0.188718174420899E-008 -0.190526318353109E+002  0.169531571003745E-007 -0.311476158815636E+002 -0.223232943241669E-008  0.100000000000000E+001  0.000000000000000E+000  0.000000000000000E+000  0.000000000000000E+000  0.100000000000000E+001  0.000000000000000E+000  0.000000000000000E+000  0.000000000000000E+000  0.100000000000000E+001  0.590000000000000E+001  0.000000000000000E+000 -0.500000000000000E+000
  0.140000000000000E+001  0.103762975017792E+001  0.188718041194136E-008 -0.190526327434347E+002  0.169518656889522E-007 -0.311476174224222E+002 -0.223234430940522E-008  0.100000000000000E+001  0.000000000000000E+000  0.000000000000000E+000  0.000000000000000E+000  0.100000000000000E+001  0.000000000000000E+000  0.000000000000000E+000  0.000000000000000E+000  0.100000000000000E+001  0.590000000000000E+001  0.000000000000000E+000 -0.500000000000000E+000

