 # Integral loads: N.components: 2
 #                 Ref.sys     : Stability
 #                 Components  : wing_right , wing_left
 #  t , Fx , Fy , Fz , Mx , My , Mz , ref_mat(9) , ref_off(3) 
  0.100000000000000E+001  0.216683117249799E+004 -0.229170836973935E-006 -0.590629490687875E+004  0.402789009967819E-005  0.490553331788546E+004  0.203052877623122E-006  0.100000000000000E+001  0.000000000000000E+000  0.000000000000000E+000  0.000000000000000E+000  0.100000000000000E+001  0.000000000000000E+000  0.000000000000000E+000  0.000000000000000E+000  0.100000000000000E+001  0.590000000000000E+001  0.000000000000000E+000 -0.500000000000000E+000
  0.100312500000000E+001 -0.435923374667999E+002 -0.910136463971867E-007 -0.380255470088878E+003  0.189316278920160E-005 -0.701659198073143E+003  0.120662111413594E-006  0.100000000000000E+001  0.000000000000000E+000  0.000000000000000E+000  0.000000000000000E+000  0.100000000000000E+001  0.000000000000000E+000  0.000000000000000E+000  0.000000000000000E+000  0.100000000000000E+001  0.590000000000000E+001  0.000000000000000E+000 -0.500000000000000E+000
  0.100625000000000E+001 -0.450609480629664E+002 -0.360110948349757E-005 -0.381996078375287E+003 -0.139493569940896E-001 -0.740743766496126E+003 -0.153766571064473E-003  0.100000000000000E+001  0.000000000000000E+000  0.000000000000000E+000  0.000000000000000E+000  0.100000000000000E+001  0.000000000000000E+000  0.000000000000000E+000  0.000000000000000E+000  0.100000000000000E+001  0.590000000000000E+001  0.000000000000000E+000 -0.500000000000000E+000
  0.100937500000000E+001 -0.454360762745320E+002  0.808182081470932E-004 -0.383749744602910E+003 -0.123879811258121E-002 -0.742792100179079E+003 -0.166147471654110E-004  0.100000000000000E+001  0.000000000000000E+000  0.000000000000000E+000  0.000000000000000E+000  0.100000000000000E+001  0.000000000000000E+000  0.000000000000000E+000  0.000000000000000E+000  0.100000000000000E+001  0.590000000000000E+001  0.000000000000000E+000 -0.500000000000000E+000
  0.101250000000000E+001 -0.456325269041446E+002  0.603725420091905E-004 -0.385197659740982E+003  0.155249786030254E-002 -0.739353820392562E+003 -0.129745151390415E-004  0.100000000000000E+001  0.000000000000000E+000  0.000000000000000E+000  0.000000000000000E+000  0.100000000000000E+001  0.000000000000000E+000  0.000000000000000E+000  0.000000000000000E+000  0.100000000000000E+001  0.590000000000000E+001  0.000000000000000E+000 -0.500000000000000E+000
  0.101562500000000E+001 -0.458029148773651E+002  0.584269128864889E-004 -0.386903323245085E+003  0.196603321433031E-002 -0.736768351194197E+003 -0.150681713093626E-004  0.100000000000000E+001  0.000000000000000E+000  0.000000000000000E+000  0.000000000000000E+000  0.100000000000000E+001  0.000000000000000E+000  0.000000000000000E+000  0.000000000000000E+000  0.100000000000000E+001  0.590000000000000E+001  0.000000000000000E+000 -0.500000000000000E+000
  0.101875000000000E+001 -0.459464496521490E+002  0.580250263624293E-004 -0.388898235334348E+003  0.220679259541612E-002 -0.735331618434008E+003 -0.256131886784416E-004  0.100000000000000E+001  0.000000000000000E+000  0.000000000000000E+000  0.000000000000000E+000  0.100000000000000E+001  0.000000000000000E+000  0.000000000000000E+000  0.000000000000000E+000  0.100000000000000E+001  0.590000000000000E+001  0.000000000000000E+000 -0.500000000000000E+000
  0.102187500000000E+001 -0.460341245938859E+002  0.681374170596882E-004 -0.390687569819519E+003  0.199649385012890E-002 -0.734480645700289E+003 -0.566643458821403E-004  0.100000000000000E+001  0.000000000000000E+000  0.000000000000000E+000  0.000000000000000E+000  0.100000000000000E+001  0.000000000000000E+000  0.000000000000000E+000  0.000000000000000E+000  0.100000000000000E+001  0.590000000000000E+001  0.000000000000000E+000 -0.500000000000000E+000
  0.102500000000000E+001 -0.460548868918486E+002  0.102637640935654E-003 -0.392115492372406E+003  0.111243166770691E-002 -0.733965015257735E+003 -0.836013499586619E-004  0.100000000000000E+001  0.000000000000000E+000  0.000000000000000E+000  0.000000000000000E+000  0.100000000000000E+001  0.000000000000000E+000  0.000000000000000E+000  0.000000000000000E+000  0.100000000000000E+001  0.590000000000000E+001  0.000000000000000E+000 -0.500000000000000E+000
  0.102812500000000E+001 -0.460089051155599E+002  0.108393386540229E-003 -0.392642777103210E+003 -0.476097761975325E-002 -0.734493776325492E+003 -0.409622916067720E-004  0.100000000000000E+001  0.000000000000000E+000  0.000000000000000E+000  0.000000000000000E+000  0.100000000000000E+001  0.000000000000000E+000  0.000000000000000E+000  0.000000000000000E+000  0.100000000000000E+001  0.590000000000000E+001  0.000000000000000E+000 -0.500000000000000E+000
  0.103125000000000E+001 -0.458641561549452E+002  0.474705025510502E-004 -0.393335118067989E+003  0.106131971574541E-002 -0.735424871625933E+003 -0.200469161615868E-004  0.100000000000000E+001  0.000000000000000E+000  0.000000000000000E+000  0.000000000000000E+000  0.100000000000000E+001  0.000000000000000E+000  0.000000000000000E+000  0.000000000000000E+000  0.100000000000000E+001  0.590000000000000E+001  0.000000000000000E+000 -0.500000000000000E+000
  0.103437500000000E+001 -0.457032991213004E+002  0.234790659305872E-004 -0.397564320035644E+003  0.103251723203357E-002 -0.731873064802193E+003 -0.409007522447769E-005  0.100000000000000E+001  0.000000000000000E+000  0.000000000000000E+000  0.000000000000000E+000  0.100000000000000E+001  0.000000000000000E+000  0.000000000000000E+000  0.000000000000000E+000  0.100000000000000E+001  0.590000000000000E+001  0.000000000000000E+000 -0.500000000000000E+000
  0.103750000000000E+001 -0.456151136973674E+002  0.125297118529488E-004 -0.400954134830619E+003  0.609116401847132E-003 -0.728720054597206E+003  0.174840411990007E-005  0.100000000000000E+001  0.000000000000000E+000  0.000000000000000E+000  0.000000000000000E+000  0.100000000000000E+001  0.000000000000000E+000  0.000000000000000E+000  0.000000000000000E+000  0.100000000000000E+001  0.590000000000000E+001  0.000000000000000E+000 -0.500000000000000E+000
  0.104062500000000E+001 -0.455766969298440E+002  0.907783586967525E-005 -0.402413663057397E+003  0.219488550328606E-003 -0.727502073716769E+003  0.181770928500691E-005  0.100000000000000E+001  0.000000000000000E+000  0.000000000000000E+000  0.000000000000000E+000  0.100000000000000E+001  0.000000000000000E+000  0.000000000000000E+000  0.000000000000000E+000  0.100000000000000E+001  0.590000000000000E+001  0.000000000000000E+000 -0.500000000000000E+000
  0.104375000000000E+001 -0.455582392484545E+002  0.684921232618763E-005 -0.403078284514975E+003  0.197245969957294E-004 -0.727076391733207E+003  0.100053856366689E-005  0.100000000000000E+001  0.000000000000000E+000  0.000000000000000E+000  0.000000000000000E+000  0.100000000000000E+001  0.000000000000000E+000  0.000000000000000E+000  0.000000000000000E+000  0.100000000000000E+001  0.590000000000000E+001  0.000000000000000E+000 -0.500000000000000E+000
  0.104687500000000E+001 -0.455475628861841E+002  0.498420229178009E-005 -0.403486461631341E+003 -0.609094367973739E-004 -0.726880605293530E+003  0.379273072614872E-006  0.100000000000000E+001  0.000000000000000E+000  0.000000000000000E+000  0.000000000000000E+000  0.100000000000000E+001  0.000000000000000E+000  0.000000000000000E+000  0.000000000000000E+000  0.100000000000000E+001  0.590000000000000E+001  0.000000000000000E+000 -0.500000000000000E+000
  0.105000000000000E+001 -0.455409723382206E+002  0.405169052442034E-005 -0.403788495935913E+003 -0.964979942637001E-004 -0.726758058637137E+003 -0.832992808119659E-006  0.100000000000000E+001  0.000000000000000E+000  0.000000000000000E+000  0.000000000000000E+000  0.100000000000000E+001  0.000000000000000E+000  0.000000000000000E+000  0.000000000000000E+000  0.100000000000000E+001  0.590000000000000E+001  0.000000000000000E+000 -0.500000000000000E+000
  0.105312500000000E+001 -0.455368789318699E+002  0.380038579805841E-005 -0.404022874512215E+003 -0.111865885401130E-003 -0.726669163815586E+003 -0.225667175529631E-005  0.100000000000000E+001  0.000000000000000E+000  0.000000000000000E+000  0.000000000000000E+000  0.100000000000000E+001  0.000000000000000E+000  0.000000000000000E+000  0.000000000000000E+000  0.100000000000000E+001  0.590000000000000E+001  0.000000000000000E+000 -0.500000000000000E+000
  0.105625000000000E+001 -0.455340251939901E+002  0.346341178669718E-005 -0.404212805584762E+003 -0.115434244889911E-003 -0.726596676560730E+003 -0.296201356955739E-005  0.100000000000000E+001  0.000000000000000E+000  0.000000000000000E+000  0.000000000000000E+000  0.100000000000000E+001  0.000000000000000E+000  0.000000000000000E+000  0.000000000000000E+000  0.100000000000000E+001  0.590000000000000E+001  0.000000000000000E+000 -0.500000000000000E+000
  0.105937500000000E+001 -0.455316620285502E+002  0.294933326472346E-005 -0.404376464473352E+003 -0.112696916630739E-003 -0.726531646668870E+003 -0.304184175928257E-005  0.100000000000000E+001  0.000000000000000E+000  0.000000000000000E+000  0.000000000000000E+000  0.100000000000000E+001  0.000000000000000E+000  0.000000000000000E+000  0.000000000000000E+000  0.100000000000000E+001  0.590000000000000E+001  0.000000000000000E+000 -0.500000000000000E+000
  0.106250000000000E+001 -0.455293808028956E+002  0.230110643428816E-005 -0.404522689423878E+003 -0.106744603044717E-003 -0.726471473390318E+003 -0.270489288262121E-005  0.100000000000000E+001  0.000000000000000E+000  0.000000000000000E+000  0.000000000000000E+000  0.100000000000000E+001  0.000000000000000E+000  0.000000000000000E+000  0.000000000000000E+000  0.100000000000000E+001  0.590000000000000E+001  0.000000000000000E+000 -0.500000000000000E+000
  0.106562500000000E+001 -0.455272043427936E+002  0.171198786347304E-005 -0.404653930963561E+003 -0.992910104287148E-004 -0.726416435661699E+003 -0.229240894998595E-005  0.100000000000000E+001  0.000000000000000E+000  0.000000000000000E+000  0.000000000000000E+000  0.100000000000000E+001  0.000000000000000E+000  0.000000000000000E+000  0.000000000000000E+000  0.100000000000000E+001  0.590000000000000E+001  0.000000000000000E+000 -0.500000000000000E+000
  0.106875000000000E+001 -0.455252249889234E+002  0.118395581694131E-005 -0.404771090151359E+003 -0.913736696475098E-004 -0.726366784289322E+003 -0.184708327297112E-005  0.100000000000000E+001  0.000000000000000E+000  0.000000000000000E+000  0.000000000000000E+000  0.100000000000000E+001  0.000000000000000E+000  0.000000000000000E+000  0.000000000000000E+000  0.100000000000000E+001  0.590000000000000E+001  0.000000000000000E+000 -0.500000000000000E+000
  0.107187500000000E+001 -0.455235166898816E+002  0.600283073026731E-006 -0.404876573126418E+003 -0.831228139759332E-004 -0.726321896344250E+003 -0.122729074408801E-005  0.100000000000000E+001  0.000000000000000E+000  0.000000000000000E+000  0.000000000000000E+000  0.100000000000000E+001  0.000000000000000E+000  0.000000000000000E+000  0.000000000000000E+000  0.100000000000000E+001  0.590000000000000E+001  0.000000000000000E+000 -0.500000000000000E+000
  0.107500000000000E+001 -0.455219650103923E+002  0.178851394139201E-006 -0.404974170359742E+003 -0.751821478388592E-004 -0.726280493537074E+003 -0.730735079404465E-006  0.100000000000000E+001  0.000000000000000E+000  0.000000000000000E+000  0.000000000000000E+000  0.100000000000000E+001  0.000000000000000E+000  0.000000000000000E+000  0.000000000000000E+000  0.100000000000000E+001  0.590000000000000E+001  0.000000000000000E+000 -0.500000000000000E+000
  0.107812500000000E+001 -0.455205662525384E+002  0.121037345479635E-006 -0.405061280744766E+003 -0.679146278343978E-004 -0.726243848610646E+003 -0.672550937684535E-006  0.100000000000000E+001  0.000000000000000E+000  0.000000000000000E+000  0.000000000000000E+000  0.100000000000000E+001  0.000000000000000E+000  0.000000000000000E+000  0.000000000000000E+000  0.100000000000000E+001  0.590000000000000E+001  0.000000000000000E+000 -0.500000000000000E+000
  0.108125000000000E+001 -0.455193764421223E+002  0.179599396687991E-006 -0.405135835803170E+003 -0.606169314778526E-004 -0.726212667446016E+003 -0.742302067688327E-006  0.100000000000000E+001  0.000000000000000E+000  0.000000000000000E+000  0.000000000000000E+000  0.100000000000000E+001  0.000000000000000E+000  0.000000000000000E+000  0.000000000000000E+000  0.100000000000000E+001  0.590000000000000E+001  0.000000000000000E+000 -0.500000000000000E+000
  0.108437500000000E+001 -0.455183491622842E+002  0.215343959553138E-006 -0.405199029445983E+003 -0.535945221145084E-004 -0.726186285955964E+003 -0.760359435580948E-006  0.100000000000000E+001  0.000000000000000E+000  0.000000000000000E+000  0.000000000000000E+000  0.100000000000000E+001  0.000000000000000E+000  0.000000000000000E+000  0.000000000000000E+000  0.100000000000000E+001  0.590000000000000E+001  0.000000000000000E+000 -0.500000000000000E+000
  0.108750000000000E+001 -0.455174464295364E+002  0.216814356690520E-006 -0.405252782139805E+003 -0.471693185772892E-004 -0.726163817663012E+003 -0.721876962796186E-006  0.100000000000000E+001  0.000000000000000E+000  0.000000000000000E+000  0.000000000000000E+000  0.100000000000000E+001  0.000000000000000E+000  0.000000000000000E+000  0.000000000000000E+000  0.100000000000000E+001  0.590000000000000E+001  0.000000000000000E+000 -0.500000000000000E+000
  0.109062500000000E+001 -0.455321571835083E+002  0.195312537698555E-006 -0.403323056087136E+003 -0.414257349348190E-004 -0.726973498656400E+003 -0.656498097773017E-006  0.100000000000000E+001  0.000000000000000E+000  0.000000000000000E+000  0.000000000000000E+000  0.100000000000000E+001  0.000000000000000E+000  0.000000000000000E+000  0.000000000000000E+000  0.100000000000000E+001  0.590000000000000E+001  0.000000000000000E+000 -0.500000000000000E+000
  0.109375000000000E+001 -0.455328636176461E+002  0.143480036740584E-006 -0.402783440763537E+003 -0.358110614797624E-004 -0.727172542051925E+003 -0.572115784316929E-006  0.100000000000000E+001  0.000000000000000E+000  0.000000000000000E+000  0.000000000000000E+000  0.100000000000000E+001  0.000000000000000E+000  0.000000000000000E+000  0.000000000000000E+000  0.100000000000000E+001  0.590000000000000E+001  0.000000000000000E+000 -0.500000000000000E+000
  0.109687500000000E+001 -0.455230743553588E+002  0.143519031325923E-006 -0.403657034344978E+003 -0.313859923153359E-004 -0.726732985465666E+003 -0.502073569566552E-006  0.100000000000000E+001  0.000000000000000E+000  0.000000000000000E+000  0.000000000000000E+000  0.100000000000000E+001  0.000000000000000E+000  0.000000000000000E+000  0.000000000000000E+000  0.100000000000000E+001  0.590000000000000E+001  0.000000000000000E+000 -0.500000000000000E+000
  0.110000000000000E+001 -0.455204179052441E+002  0.124356716924012E-006 -0.403895333364720E+003 -0.272680440502882E-004 -0.726567829080220E+003 -0.429041292118737E-006  0.100000000000000E+001  0.000000000000000E+000  0.000000000000000E+000  0.000000000000000E+000  0.100000000000000E+001  0.000000000000000E+000  0.000000000000000E+000  0.000000000000000E+000  0.100000000000000E+001  0.590000000000000E+001  0.000000000000000E+000 -0.500000000000000E+000
  0.110312500000000E+001 -0.455191681852622E+002  0.103318285482601E-006 -0.403975878267032E+003 -0.235732547935186E-004 -0.726499862878716E+003 -0.359912624314784E-006  0.100000000000000E+001  0.000000000000000E+000  0.000000000000000E+000  0.000000000000000E+000  0.100000000000000E+001  0.000000000000000E+000  0.000000000000000E+000  0.000000000000000E+000  0.100000000000000E+001  0.590000000000000E+001  0.000000000000000E+000 -0.500000000000000E+000
  0.110625000000000E+001 -0.455182457049468E+002  0.828523241125367E-007 -0.404018081516571E+003 -0.202818328034482E-004 -0.726463200358266E+003 -0.296085984521910E-006  0.100000000000000E+001  0.000000000000000E+000  0.000000000000000E+000  0.000000000000000E+000  0.100000000000000E+001  0.000000000000000E+000  0.000000000000000E+000  0.000000000000000E+000  0.100000000000000E+001  0.590000000000000E+001  0.000000000000000E+000 -0.500000000000000E+000
  0.110937500000000E+001 -0.455174939287966E+002  0.637533901226561E-007 -0.404047119822812E+003 -0.173635803548677E-004 -0.726438505781197E+003 -0.237969803876248E-006  0.100000000000000E+001  0.000000000000000E+000  0.000000000000000E+000  0.000000000000000E+000  0.100000000000000E+001  0.000000000000000E+000  0.000000000000000E+000  0.000000000000000E+000  0.100000000000000E+001  0.590000000000000E+001  0.000000000000000E+000 -0.500000000000000E+000
  0.111250000000000E+001 -0.455168965895224E+002  0.462029277059628E-007 -0.404068256792213E+003 -0.147847222251585E-004 -0.726420431640567E+003 -0.185645832845305E-006  0.100000000000000E+001  0.000000000000000E+000  0.000000000000000E+000  0.000000000000000E+000  0.100000000000000E+001  0.000000000000000E+000  0.000000000000000E+000  0.000000000000000E+000  0.100000000000000E+001  0.590000000000000E+001  0.000000000000000E+000 -0.500000000000000E+000
  0.111562500000000E+001 -0.455164543390260E+002  0.302869125334837E-007 -0.404082970536394E+003 -0.125105987081042E-004 -0.726407232486664E+003 -0.138792618550876E-006  0.100000000000000E+001  0.000000000000000E+000  0.000000000000000E+000  0.000000000000000E+000  0.100000000000000E+001  0.000000000000000E+000  0.000000000000000E+000  0.000000000000000E+000  0.100000000000000E+001  0.590000000000000E+001  0.000000000000000E+000 -0.500000000000000E+000
  0.111875000000000E+001 -0.455161605316200E+002  0.152977008838207E-007 -0.404091884509853E+003 -0.105034969237749E-004 -0.726397883399553E+003 -0.970306941183718E-007  0.100000000000000E+001  0.000000000000000E+000  0.000000000000000E+000  0.000000000000000E+000  0.100000000000000E+001  0.000000000000000E+000  0.000000000000000E+000  0.000000000000000E+000  0.100000000000000E+001  0.590000000000000E+001  0.000000000000000E+000 -0.500000000000000E+000
  0.112187500000000E+001 -0.455160102386868E+002  0.101917407846486E-008 -0.404094512588106E+003 -0.873089425112994E-005 -0.726391794564711E+003 -0.598703459170347E-007  0.100000000000000E+001  0.000000000000000E+000  0.000000000000000E+000  0.000000000000000E+000  0.100000000000000E+001  0.000000000000000E+000  0.000000000000000E+000  0.000000000000000E+000  0.100000000000000E+001  0.590000000000000E+001  0.000000000000000E+000 -0.500000000000000E+000
  0.112500000000000E+001 -0.454815618965640E+002 -0.106722950476978E-007 -0.407941688684379E+003 -0.722314803169866E-005 -0.724737209081169E+003 -0.283360333391824E-007  0.100000000000000E+001  0.000000000000000E+000  0.000000000000000E+000  0.000000000000000E+000  0.100000000000000E+001  0.000000000000000E+000  0.000000000000000E+000  0.000000000000000E+000  0.100000000000000E+001  0.590000000000000E+001  0.000000000000000E+000 -0.500000000000000E+000
  0.112812500000000E+001 -0.454568159762097E+002 -0.213989608255361E-007 -0.411388605487017E+003 -0.583060045755701E-005 -0.723318787271299E+003  0.115086888630156E-008  0.100000000000000E+001  0.000000000000000E+000  0.000000000000000E+000  0.000000000000000E+000  0.100000000000000E+001  0.000000000000000E+000  0.000000000000000E+000  0.000000000000000E+000  0.100000000000000E+001  0.590000000000000E+001  0.000000000000000E+000 -0.500000000000000E+000
  0.113125000000000E+001 -0.454639725793201E+002 -0.320534070397116E-007 -0.411541221897428E+003 -0.465777839053771E-005 -0.723426195864123E+003  0.260120367329142E-007  0.100000000000000E+001  0.000000000000000E+000  0.000000000000000E+000  0.000000000000000E+000  0.100000000000000E+001  0.000000000000000E+000  0.000000000000000E+000  0.000000000000000E+000  0.100000000000000E+001  0.590000000000000E+001  0.000000000000000E+000 -0.500000000000000E+000
  0.113437500000000E+001 -0.454839154980632E+002 -0.449048513928574E-007 -0.409927455842844E+003 -0.361489992428687E-005 -0.724344457027236E+003  0.482460622286407E-007  0.100000000000000E+001  0.000000000000000E+000  0.000000000000000E+000  0.000000000000000E+000  0.100000000000000E+001  0.000000000000000E+000  0.000000000000000E+000  0.000000000000000E+000  0.100000000000000E+001  0.590000000000000E+001  0.000000000000000E+000 -0.500000000000000E+000
  0.113750000000000E+001 -0.455252700271143E+002 -0.592200422033784E-007 -0.405238401263740E+003 -0.298339364235289E-005 -0.726501820594299E+003  0.614246108351924E-007  0.100000000000000E+001  0.000000000000000E+000  0.000000000000000E+000  0.000000000000000E+000  0.100000000000000E+001  0.000000000000000E+000  0.000000000000000E+000  0.000000000000000E+000  0.100000000000000E+001  0.590000000000000E+001  0.000000000000000E+000 -0.500000000000000E+000
  0.114062500000000E+001 -0.455063686214717E+002 -0.649107789740810E-007 -0.406857210835822E+003 -0.267517680185847E-005 -0.725849980372558E+003  0.682303830587538E-007  0.100000000000000E+001  0.000000000000000E+000  0.000000000000000E+000  0.000000000000000E+000  0.100000000000000E+001  0.000000000000000E+000  0.000000000000000E+000  0.000000000000000E+000  0.100000000000000E+001  0.590000000000000E+001  0.000000000000000E+000 -0.500000000000000E+000
  0.114375000000000E+001 -0.455019258308071E+002 -0.643595683413878E-007 -0.407410721187190E+003 -0.255323175224476E-005 -0.725561934821814E+003  0.725902650818705E-007  0.100000000000000E+001  0.000000000000000E+000  0.000000000000000E+000  0.000000000000000E+000  0.100000000000000E+001  0.000000000000000E+000  0.000000000000000E+000  0.000000000000000E+000  0.100000000000000E+001  0.590000000000000E+001  0.000000000000000E+000 -0.500000000000000E+000
  0.114687500000000E+001 -0.455012399609722E+002 -0.676997728987772E-007 -0.407576595655153E+003 -0.192943821275549E-005 -0.725471376977291E+003  0.887220165078639E-007  0.100000000000000E+001  0.000000000000000E+000  0.000000000000000E+000  0.000000000000000E+000  0.100000000000000E+001  0.000000000000000E+000  0.000000000000000E+000  0.000000000000000E+000  0.100000000000000E+001  0.590000000000000E+001  0.000000000000000E+000 -0.500000000000000E+000
  0.115000000000000E+001 -0.455010120280902E+002 -0.610701249570411E-007 -0.407651134129319E+003 -0.155322368300403E-005 -0.725441294178815E+003  0.982214847806279E-007  0.100000000000000E+001  0.000000000000000E+000  0.000000000000000E+000  0.000000000000000E+000  0.100000000000000E+001  0.000000000000000E+000  0.000000000000000E+000  0.000000000000000E+000  0.100000000000000E+001  0.590000000000000E+001  0.000000000000000E+000 -0.500000000000000E+000
  0.115312500000000E+001 -0.455006955794516E+002 -0.423418100581330E-007 -0.407699983531210E+003 -0.176875050783565E-005 -0.725428540466694E+003  0.952479000081163E-007  0.100000000000000E+001  0.000000000000000E+000  0.000000000000000E+000  0.000000000000000E+000  0.100000000000000E+001  0.000000000000000E+000  0.000000000000000E+000  0.000000000000000E+000  0.100000000000000E+001  0.590000000000000E+001  0.000000000000000E+000 -0.500000000000000E+000
  0.115625000000000E+001 -0.455002748448057E+002 -0.242348789925018E-007 -0.407731129267318E+003 -0.325761493513710E-005 -0.725424874246001E+003  0.663644892876653E-007  0.100000000000000E+001  0.000000000000000E+000  0.000000000000000E+000  0.000000000000000E+000  0.100000000000000E+001  0.000000000000000E+000  0.000000000000000E+000  0.000000000000000E+000  0.100000000000000E+001  0.590000000000000E+001  0.000000000000000E+000 -0.500000000000000E+000
  0.115937500000000E+001 -0.454999726004273E+002 -0.149798438542348E-006 -0.407730549398533E+003 -0.969853886090277E-005 -0.725432565636020E+003 -0.706467720486964E-007  0.100000000000000E+001  0.000000000000000E+000  0.000000000000000E+000  0.000000000000000E+000  0.100000000000000E+001  0.000000000000000E+000  0.000000000000000E+000  0.000000000000000E+000  0.100000000000000E+001  0.590000000000000E+001  0.000000000000000E+000 -0.500000000000000E+000
  0.116250000000000E+001 -0.454976193723955E+002 -0.116361803748077E-006 -0.407966965853426E+003  0.185588030490180E-004 -0.725335810218206E+003  0.599139683072833E-006  0.100000000000000E+001  0.000000000000000E+000  0.000000000000000E+000  0.000000000000000E+000  0.100000000000000E+001  0.000000000000000E+000  0.000000000000000E+000  0.000000000000000E+000  0.100000000000000E+001  0.590000000000000E+001  0.000000000000000E+000 -0.500000000000000E+000
  0.116562500000000E+001 -0.454975013554968E+002 -0.809946811841655E-007 -0.407998440469678E+003  0.306124547932995E-005 -0.725324979031203E+003  0.164116834875522E-006  0.100000000000000E+001  0.000000000000000E+000  0.000000000000000E+000  0.000000000000000E+000  0.100000000000000E+001  0.000000000000000E+000  0.000000000000000E+000  0.000000000000000E+000  0.100000000000000E+001  0.590000000000000E+001  0.000000000000000E+000 -0.500000000000000E+000
  0.116875000000000E+001 -0.454984660798816E+002 -0.242619194068538E-006 -0.407915307698659E+003  0.222092944568431E-005 -0.725366305576238E+003  0.159116698436948E-006  0.100000000000000E+001  0.000000000000000E+000  0.000000000000000E+000  0.000000000000000E+000  0.100000000000000E+001  0.000000000000000E+000  0.000000000000000E+000  0.000000000000000E+000  0.100000000000000E+001  0.590000000000000E+001  0.000000000000000E+000 -0.500000000000000E+000
  0.117187500000000E+001 -0.454984090481867E+002 -0.223214129846383E-006 -0.407935239748673E+003  0.264247137238272E-005 -0.725365478553784E+003  0.173310262453763E-006  0.100000000000000E+001  0.000000000000000E+000  0.000000000000000E+000  0.000000000000000E+000  0.100000000000000E+001  0.000000000000000E+000  0.000000000000000E+000  0.000000000000000E+000  0.100000000000000E+001  0.590000000000000E+001  0.000000000000000E+000 -0.500000000000000E+000
  0.117500000000000E+001 -0.454983682588871E+002 -0.189017782759038E-006 -0.407955528230898E+003  0.313541818286467E-005 -0.725362625848626E+003  0.183918803357136E-006  0.100000000000000E+001  0.000000000000000E+000  0.000000000000000E+000  0.000000000000000E+000  0.100000000000000E+001  0.000000000000000E+000  0.000000000000000E+000  0.000000000000000E+000  0.100000000000000E+001  0.590000000000000E+001  0.000000000000000E+000 -0.500000000000000E+000
  0.117812500000000E+001 -0.454983486030303E+002 -0.169839836416941E-006 -0.407971401854383E+003  0.332074910147639E-005 -0.725360292645690E+003  0.186236805184078E-006  0.100000000000000E+001  0.000000000000000E+000  0.000000000000000E+000  0.000000000000000E+000  0.100000000000000E+001  0.000000000000000E+000  0.000000000000000E+000  0.000000000000000E+000  0.100000000000000E+001  0.590000000000000E+001  0.000000000000000E+000 -0.500000000000000E+000
  0.118125000000000E+001 -0.454983437618571E+002 -0.162373993362053E-006 -0.407983056577012E+003  0.343797410096158E-005 -0.725358982561389E+003  0.187490139223062E-006  0.100000000000000E+001  0.000000000000000E+000  0.000000000000000E+000  0.000000000000000E+000  0.100000000000000E+001  0.000000000000000E+000  0.000000000000000E+000  0.000000000000000E+000  0.100000000000000E+001  0.590000000000000E+001  0.000000000000000E+000 -0.500000000000000E+000
  0.118437500000000E+001 -0.454983314995341E+002 -0.159696810442256E-006 -0.407993340054914E+003  0.355957672582008E-005 -0.725357729176121E+003  0.189143219701121E-006  0.100000000000000E+001  0.000000000000000E+000  0.000000000000000E+000  0.000000000000000E+000  0.100000000000000E+001  0.000000000000000E+000  0.000000000000000E+000  0.000000000000000E+000  0.100000000000000E+001  0.590000000000000E+001  0.000000000000000E+000 -0.500000000000000E+000
  0.118750000000000E+001 -0.454983001081512E+002 -0.158488433044113E-006 -0.408004129475702E+003  0.367831103176286E-005 -0.725355802485967E+003  0.190860111902447E-006  0.100000000000000E+001  0.000000000000000E+000  0.000000000000000E+000  0.000000000000000E+000  0.100000000000000E+001  0.000000000000000E+000  0.000000000000000E+000  0.000000000000000E+000  0.100000000000000E+001  0.590000000000000E+001  0.000000000000000E+000 -0.500000000000000E+000
  0.119062500000000E+001 -0.454982636936493E+002 -0.157794346478113E-006 -0.408014226967920E+003  0.378652498511656E-005 -0.725353814619548E+003  0.192509813314382E-006  0.100000000000000E+001  0.000000000000000E+000  0.000000000000000E+000  0.000000000000000E+000  0.100000000000000E+001  0.000000000000000E+000  0.000000000000000E+000  0.000000000000000E+000  0.100000000000000E+001  0.590000000000000E+001  0.000000000000000E+000 -0.500000000000000E+000
  0.119375000000000E+001 -0.454982268252154E+002 -0.157400421585407E-006 -0.408023157196925E+003  0.387632485399081E-005 -0.725352115656159E+003  0.193873946261608E-006  0.100000000000000E+001  0.000000000000000E+000  0.000000000000000E+000  0.000000000000000E+000  0.100000000000000E+001  0.000000000000000E+000  0.000000000000000E+000  0.000000000000000E+000  0.100000000000000E+001  0.590000000000000E+001  0.000000000000000E+000 -0.500000000000000E+000
  0.119687500000000E+001 -0.454981899668387E+002 -0.157155398028408E-006 -0.408031344011692E+003  0.396943664782157E-005 -0.725350424045097E+003  0.195254920749149E-006  0.100000000000000E+001  0.000000000000000E+000  0.000000000000000E+000  0.000000000000000E+000  0.100000000000000E+001  0.000000000000000E+000  0.000000000000000E+000  0.000000000000000E+000  0.100000000000000E+001  0.590000000000000E+001  0.000000000000000E+000 -0.500000000000000E+000
  0.120000000000000E+001 -0.454981578406153E+002 -0.156999107048250E-006 -0.408038883524313E+003  0.404833986067388E-005 -0.725348728580507E+003  0.196364254996875E-006  0.100000000000000E+001  0.000000000000000E+000  0.000000000000000E+000  0.000000000000000E+000  0.100000000000000E+001  0.000000000000000E+000  0.000000000000000E+000  0.000000000000000E+000  0.100000000000000E+001  0.590000000000000E+001  0.000000000000000E+000 -0.500000000000000E+000
  0.120312500000000E+001 -0.454981316870592E+002 -0.156904320647300E-006 -0.408045657569656E+003  0.411607675232517E-005 -0.725347244159119E+003  0.197335214230029E-006  0.100000000000000E+001  0.000000000000000E+000  0.000000000000000E+000  0.000000000000000E+000  0.100000000000000E+001  0.000000000000000E+000  0.000000000000000E+000  0.000000000000000E+000  0.100000000000000E+001  0.590000000000000E+001  0.000000000000000E+000 -0.500000000000000E+000
  0.120625000000000E+001 -0.454981091922443E+002 -0.156861261757513E-006 -0.408051754283357E+003  0.417548471887130E-005 -0.725345955648310E+003  0.198171699470479E-006  0.100000000000000E+001  0.000000000000000E+000  0.000000000000000E+000  0.000000000000000E+000  0.100000000000000E+001  0.000000000000000E+000  0.000000000000000E+000  0.000000000000000E+000  0.100000000000000E+001  0.590000000000000E+001  0.000000000000000E+000 -0.500000000000000E+000
  0.120937500000000E+001 -0.454980889283391E+002 -0.156834119025007E-006 -0.408057296155497E+003  0.422685502599052E-005 -0.725344787198272E+003  0.198963595024818E-006  0.100000000000000E+001  0.000000000000000E+000  0.000000000000000E+000  0.000000000000000E+000  0.100000000000000E+001  0.000000000000000E+000  0.000000000000000E+000  0.000000000000000E+000  0.100000000000000E+001  0.590000000000000E+001  0.000000000000000E+000 -0.500000000000000E+000
  0.121250000000000E+001 -0.454980708841591E+002 -0.156851683641435E-006 -0.408062318153968E+003  0.427231225330615E-005 -0.725343725740823E+003  0.199576438483090E-006  0.100000000000000E+001  0.000000000000000E+000  0.000000000000000E+000  0.000000000000000E+000  0.100000000000000E+001  0.000000000000000E+000  0.000000000000000E+000  0.000000000000000E+000  0.100000000000000E+001  0.590000000000000E+001  0.000000000000000E+000 -0.500000000000000E+000
  0.121562500000000E+001 -0.454980450799288E+002 -0.156866377665210E-006 -0.408068214808630E+003  0.431163948633184E-005 -0.725342205096139E+003  0.200158071089751E-006  0.100000000000000E+001  0.000000000000000E+000  0.000000000000000E+000  0.000000000000000E+000  0.100000000000000E+001  0.000000000000000E+000  0.000000000000000E+000  0.000000000000000E+000  0.100000000000000E+001  0.590000000000000E+001  0.000000000000000E+000 -0.500000000000000E+000
  0.121875000000000E+001 -0.454980188790865E+002 -0.156898664727123E-006 -0.408074307560201E+003  0.434789785686007E-005 -0.725340538927006E+003  0.200648291780181E-006  0.100000000000000E+001  0.000000000000000E+000  0.000000000000000E+000  0.000000000000000E+000  0.100000000000000E+001  0.000000000000000E+000  0.000000000000000E+000  0.000000000000000E+000  0.100000000000000E+001  0.590000000000000E+001  0.000000000000000E+000 -0.500000000000000E+000
  0.122187500000000E+001 -0.454980101201510E+002 -0.156915518800815E-006 -0.408078286853545E+003  0.437714334111661E-005 -0.725339733886525E+003  0.201101913777785E-006  0.100000000000000E+001  0.000000000000000E+000  0.000000000000000E+000  0.000000000000000E+000  0.100000000000000E+001  0.000000000000000E+000  0.000000000000000E+000  0.000000000000000E+000  0.100000000000000E+001  0.590000000000000E+001  0.000000000000000E+000 -0.500000000000000E+000
  0.122500000000000E+001 -0.454980287079428E+002 -0.156962130404281E-006 -0.408078496085686E+003  0.440483518104884E-005 -0.725340475893000E+003  0.201478341030001E-006  0.100000000000000E+001  0.000000000000000E+000  0.000000000000000E+000  0.000000000000000E+000  0.100000000000000E+001  0.000000000000000E+000  0.000000000000000E+000  0.000000000000000E+000  0.100000000000000E+001  0.590000000000000E+001  0.000000000000000E+000 -0.500000000000000E+000
  0.122812500000000E+001 -0.454980704058139E+002 -0.157002659761929E-006 -0.408074849582493E+003  0.442815553469700E-005 -0.725342715183752E+003  0.201834134443829E-006  0.100000000000000E+001  0.000000000000000E+000  0.000000000000000E+000  0.000000000000000E+000  0.100000000000000E+001  0.000000000000000E+000  0.000000000000000E+000  0.000000000000000E+000  0.100000000000000E+001  0.590000000000000E+001  0.000000000000000E+000 -0.500000000000000E+000
  0.123125000000000E+001 -0.454980617165402E+002 -0.157045064952399E-006 -0.408076072765888E+003  0.444786360276339E-005 -0.725342667238558E+003  0.202092422438988E-006  0.100000000000000E+001  0.000000000000000E+000  0.000000000000000E+000  0.000000000000000E+000  0.100000000000000E+001  0.000000000000000E+000  0.000000000000000E+000  0.000000000000000E+000  0.100000000000000E+001  0.590000000000000E+001  0.000000000000000E+000 -0.500000000000000E+000
  0.123437500000000E+001 -0.454980312560457E+002 -0.157055183080956E-006 -0.408080160022538E+003  0.446460171588114E-005 -0.725341207421408E+003  0.202348203855868E-006  0.100000000000000E+001  0.000000000000000E+000  0.000000000000000E+000  0.000000000000000E+000  0.100000000000000E+001  0.000000000000000E+000  0.000000000000000E+000  0.000000000000000E+000  0.100000000000000E+001  0.590000000000000E+001  0.000000000000000E+000 -0.500000000000000E+000
  0.123750000000000E+001 -0.454980112240703E+002 -0.157071468720460E-006 -0.408083464335887E+003  0.448007517661608E-005 -0.725340047550536E+003  0.202554322379159E-006  0.100000000000000E+001  0.000000000000000E+000  0.000000000000000E+000  0.000000000000000E+000  0.100000000000000E+001  0.000000000000000E+000  0.000000000000000E+000  0.000000000000000E+000  0.100000000000000E+001  0.590000000000000E+001  0.000000000000000E+000 -0.500000000000000E+000
  0.124062500000000E+001 -0.454979974007419E+002 -0.157071639250717E-006 -0.408086094726994E+003  0.449416347692022E-005 -0.725339217728349E+003  0.202737957382196E-006  0.100000000000000E+001  0.000000000000000E+000  0.000000000000000E+000  0.000000000000000E+000  0.100000000000000E+001  0.000000000000000E+000  0.000000000000000E+000  0.000000000000000E+000  0.100000000000000E+001  0.590000000000000E+001  0.000000000000000E+000 -0.500000000000000E+000
  0.124375000000000E+001 -0.454979862817167E+002 -0.157028637204348E-006 -0.408088354937823E+003  0.450479615210497E-005 -0.725338571167872E+003  0.202908247837544E-006  0.100000000000000E+001  0.000000000000000E+000  0.000000000000000E+000  0.000000000000000E+000  0.100000000000000E+001  0.000000000000000E+000  0.000000000000000E+000  0.000000000000000E+000  0.100000000000000E+001  0.590000000000000E+001  0.000000000000000E+000 -0.500000000000000E+000
  0.124687500000000E+001 -0.454979770402452E+002 -0.156960794583938E-006 -0.408090343872334E+003  0.451440314463980E-005 -0.725338042969691E+003  0.203016780943657E-006  0.100000000000000E+001  0.000000000000000E+000  0.000000000000000E+000  0.000000000000000E+000  0.100000000000000E+001  0.000000000000000E+000  0.000000000000000E+000  0.000000000000000E+000  0.100000000000000E+001  0.590000000000000E+001  0.000000000000000E+000 -0.500000000000000E+000
  0.125000000000000E+001 -0.454979524381050E+002 -0.157023407609813E-006 -0.408093975655911E+003  0.452234257863893E-005 -0.725336800203578E+003  0.203184935109596E-006  0.100000000000000E+001  0.000000000000000E+000  0.000000000000000E+000  0.000000000000000E+000  0.100000000000000E+001  0.000000000000000E+000  0.000000000000000E+000  0.000000000000000E+000  0.100000000000000E+001  0.590000000000000E+001  0.000000000000000E+000 -0.500000000000000E+000
  0.125312500000000E+001 -0.454979068428026E+002 -0.157556513613599E-006 -0.408100266175315E+003  0.453659868071554E-005 -0.725334431976543E+003  0.203413240014091E-006  0.100000000000000E+001  0.000000000000000E+000  0.000000000000000E+000  0.000000000000000E+000  0.100000000000000E+001  0.000000000000000E+000  0.000000000000000E+000  0.000000000000000E+000  0.100000000000000E+001  0.590000000000000E+001  0.000000000000000E+000 -0.500000000000000E+000
  0.125625000000000E+001 -0.454978529038037E+002 -0.157416138790722E-006 -0.408108147190074E+003  0.454226278634451E-005 -0.725331468550150E+003  0.203455644994660E-006  0.100000000000000E+001  0.000000000000000E+000  0.000000000000000E+000  0.000000000000000E+000  0.100000000000000E+001  0.000000000000000E+000  0.000000000000000E+000  0.000000000000000E+000  0.100000000000000E+001  0.590000000000000E+001  0.000000000000000E+000 -0.500000000000000E+000
  0.125937500000000E+001 -0.454977839622012E+002 -0.157461897742905E-006 -0.408118557303740E+003  0.454841165264952E-005 -0.725327594724508E+003  0.203518819222662E-006  0.100000000000000E+001  0.000000000000000E+000  0.000000000000000E+000  0.000000000000000E+000  0.100000000000000E+001  0.000000000000000E+000  0.000000000000000E+000  0.000000000000000E+000  0.100000000000000E+001  0.590000000000000E+001  0.000000000000000E+000 -0.500000000000000E+000
  0.126250000000000E+001 -0.454977259436200E+002 -0.157590704930044E-006 -0.408128905670476E+003  0.455495955975493E-005 -0.725323974754136E+003  0.203611469976051E-006  0.100000000000000E+001  0.000000000000000E+000  0.000000000000000E+000  0.000000000000000E+000  0.100000000000000E+001  0.000000000000000E+000  0.000000000000000E+000  0.000000000000000E+000  0.100000000000000E+001  0.590000000000000E+001  0.000000000000000E+000 -0.500000000000000E+000
  0.126562500000000E+001 -0.454977132883215E+002 -0.157569587599937E-006 -0.408134581857438E+003  0.455956501355104E-005 -0.725322561051202E+003  0.203643504463960E-006  0.100000000000000E+001  0.000000000000000E+000  0.000000000000000E+000  0.000000000000000E+000  0.100000000000000E+001  0.000000000000000E+000  0.000000000000000E+000  0.000000000000000E+000  0.100000000000000E+001  0.590000000000000E+001  0.000000000000000E+000 -0.500000000000000E+000
  0.126875000000000E+001 -0.454977519070713E+002 -0.157512829446205E-006 -0.408133871949691E+003  0.456262500847515E-005 -0.725323968053258E+003  0.203667085977438E-006  0.100000000000000E+001  0.000000000000000E+000  0.000000000000000E+000  0.000000000000000E+000  0.100000000000000E+001  0.000000000000000E+000  0.000000000000000E+000  0.000000000000000E+000  0.100000000000000E+001  0.590000000000000E+001  0.000000000000000E+000 -0.500000000000000E+000
  0.127187500000000E+001 -0.454978194499614E+002 -0.157464455696754E-006 -0.408128411989562E+003  0.456537986792682E-005 -0.725327282418737E+003  0.203715246310798E-006  0.100000000000000E+001  0.000000000000000E+000  0.000000000000000E+000  0.000000000000000E+000  0.100000000000000E+001  0.000000000000000E+000  0.000000000000000E+000  0.000000000000000E+000  0.100000000000000E+001  0.590000000000000E+001  0.000000000000000E+000 -0.500000000000000E+000
  0.127500000000000E+001 -0.454978566859330E+002 -0.157445811055368E-006 -0.408124932162238E+003  0.456884163213545E-005 -0.725329461720541E+003  0.203743687110861E-006  0.100000000000000E+001  0.000000000000000E+000  0.000000000000000E+000  0.000000000000000E+000  0.100000000000000E+001  0.000000000000000E+000  0.000000000000000E+000  0.000000000000000E+000  0.100000000000000E+001  0.590000000000000E+001  0.000000000000000E+000 -0.500000000000000E+000
  0.127812500000000E+001 -0.454978425643365E+002 -0.157430832814498E-006 -0.408126949988580E+003  0.457100031781010E-005 -0.725328985809516E+003  0.203781191761288E-006  0.100000000000000E+001  0.000000000000000E+000  0.000000000000000E+000  0.000000000000000E+000  0.100000000000000E+001  0.000000000000000E+000  0.000000000000000E+000  0.000000000000000E+000  0.100000000000000E+001  0.590000000000000E+001  0.000000000000000E+000 -0.500000000000000E+000
  0.128125000000000E+001 -0.454978327972217E+002 -0.157420629420812E-006 -0.408128864379885E+003  0.457163173450681E-005 -0.725328394726709E+003  0.203786696791747E-006  0.100000000000000E+001  0.000000000000000E+000  0.000000000000000E+000  0.000000000000000E+000  0.100000000000000E+001  0.000000000000000E+000  0.000000000000000E+000  0.000000000000000E+000  0.100000000000000E+001  0.590000000000000E+001  0.000000000000000E+000 -0.500000000000000E+000
  0.128437500000000E+001 -0.454978285642756E+002 -0.157420174673462E-006 -0.408130139356088E+003  0.457205965176399E-005 -0.725328067848143E+003  0.203789244136027E-006  0.100000000000000E+001  0.000000000000000E+000  0.000000000000000E+000  0.000000000000000E+000  0.100000000000000E+001  0.000000000000000E+000  0.000000000000000E+000  0.000000000000000E+000  0.100000000000000E+001  0.590000000000000E+001  0.000000000000000E+000 -0.500000000000000E+000
  0.128750000000000E+001 -0.454978235648188E+002 -0.157415257717730E-006 -0.408131322798609E+003  0.457643182016909E-005 -0.725327784708991E+003  0.203845657360813E-006  0.100000000000000E+001  0.000000000000000E+000  0.000000000000000E+000  0.000000000000000E+000  0.100000000000000E+001  0.000000000000000E+000  0.000000000000000E+000  0.000000000000000E+000  0.100000000000000E+001  0.590000000000000E+001  0.000000000000000E+000 -0.500000000000000E+000
  0.129062500000000E+001 -0.454978166888614E+002 -0.157420856794488E-006 -0.408132582695079E+003  0.457923874819244E-005 -0.725327459259327E+003  0.203887044797693E-006  0.100000000000000E+001  0.000000000000000E+000  0.000000000000000E+000  0.000000000000000E+000  0.100000000000000E+001  0.000000000000000E+000  0.000000000000000E+000  0.000000000000000E+000  0.100000000000000E+001  0.590000000000000E+001  0.000000000000000E+000 -0.500000000000000E+000
  0.129375000000000E+001 -0.454978113995860E+002 -0.157390701360782E-006 -0.408133592160471E+003  0.458009776593826E-005 -0.725327226455129E+003  0.203914320463794E-006  0.100000000000000E+001  0.000000000000000E+000  0.000000000000000E+000  0.000000000000000E+000  0.100000000000000E+001  0.000000000000000E+000  0.000000000000000E+000  0.000000000000000E+000  0.100000000000000E+001  0.590000000000000E+001  0.000000000000000E+000 -0.500000000000000E+000
  0.129687500000000E+001 -0.454978070979834E+002 -0.157403235334641E-006 -0.408134446628039E+003  0.458190152130555E-005 -0.725327044580418E+003  0.203930241445341E-006  0.100000000000000E+001  0.000000000000000E+000  0.000000000000000E+000  0.000000000000000E+000  0.100000000000000E+001  0.000000000000000E+000  0.000000000000000E+000  0.000000000000000E+000  0.100000000000000E+001  0.590000000000000E+001  0.000000000000000E+000 -0.500000000000000E+000
  0.130000000000000E+001 -0.454978049354552E+002 -0.157421737867480E-006 -0.408135059461587E+003  0.458455406260327E-005 -0.725326947001415E+003  0.203965632380315E-006  0.100000000000000E+001  0.000000000000000E+000  0.000000000000000E+000  0.000000000000000E+000  0.100000000000000E+001  0.000000000000000E+000  0.000000000000000E+000  0.000000000000000E+000  0.100000000000000E+001  0.590000000000000E+001  0.000000000000000E+000 -0.500000000000000E+000
  0.130312500000000E+001 -0.454978049415913E+002 -0.157406304879260E-006 -0.408135417359305E+003  0.458461704511137E-005 -0.725326940961138E+003  0.203940341315934E-006  0.100000000000000E+001  0.000000000000000E+000  0.000000000000000E+000  0.000000000000000E+000  0.100000000000000E+001  0.000000000000000E+000  0.000000000000000E+000  0.000000000000000E+000  0.100000000000000E+001  0.590000000000000E+001  0.000000000000000E+000 -0.500000000000000E+000
  0.130625000000000E+001 -0.454978034091331E+002 -0.157402496370196E-006 -0.408135914767874E+003  0.458457043350791E-005 -0.725326859473525E+003  0.203953316393543E-006  0.100000000000000E+001  0.000000000000000E+000  0.000000000000000E+000  0.000000000000000E+000  0.100000000000000E+001  0.000000000000000E+000  0.000000000000000E+000  0.000000000000000E+000  0.100000000000000E+001  0.590000000000000E+001  0.000000000000000E+000 -0.500000000000000E+000
  0.130937500000000E+001 -0.454978021027643E+002 -0.157404599576694E-006 -0.408136380133851E+003  0.458539079772891E-005 -0.725326778175470E+003  0.203949375122622E-006  0.100000000000000E+001  0.000000000000000E+000  0.000000000000000E+000  0.000000000000000E+000  0.100000000000000E+001  0.000000000000000E+000  0.000000000000000E+000  0.000000000000000E+000  0.100000000000000E+001  0.590000000000000E+001  0.000000000000000E+000 -0.500000000000000E+000
  0.131250000000000E+001 -0.454978010375031E+002 -0.157400307898570E-006 -0.408136792306554E+003  0.458590966445627E-005 -0.725326708825362E+003  0.203968806811519E-006  0.100000000000000E+001  0.000000000000000E+000  0.000000000000000E+000  0.000000000000000E+000  0.100000000000000E+001  0.000000000000000E+000  0.000000000000000E+000  0.000000000000000E+000  0.100000000000000E+001  0.590000000000000E+001  0.000000000000000E+000 -0.500000000000000E+000
  0.131562500000000E+001 -0.454978001003202E+002 -0.157395589894804E-006 -0.408137157696806E+003  0.458546696791018E-005 -0.725326648532383E+003  0.203989507807992E-006  0.100000000000000E+001  0.000000000000000E+000  0.000000000000000E+000  0.000000000000000E+000  0.100000000000000E+001  0.000000000000000E+000  0.000000000000000E+000  0.000000000000000E+000  0.100000000000000E+001  0.590000000000000E+001  0.000000000000000E+000 -0.500000000000000E+000
  0.131875000000000E+001 -0.454977992523523E+002 -0.157409971279776E-006 -0.408137481465345E+003  0.458780027656758E-005 -0.725326595795549E+003  0.203965389199839E-006  0.100000000000000E+001  0.000000000000000E+000  0.000000000000000E+000  0.000000000000000E+000  0.100000000000000E+001  0.000000000000000E+000  0.000000000000000E+000  0.000000000000000E+000  0.100000000000000E+001  0.590000000000000E+001  0.000000000000000E+000 -0.500000000000000E+000
  0.132187500000000E+001 -0.454977984164372E+002 -0.157401899514298E-006 -0.408137775494038E+003  0.458780414192006E-005 -0.725326546525690E+003  0.203998666513036E-006  0.100000000000000E+001  0.000000000000000E+000  0.000000000000000E+000  0.000000000000000E+000  0.100000000000000E+001  0.000000000000000E+000  0.000000000000000E+000  0.000000000000000E+000  0.100000000000000E+001  0.590000000000000E+001  0.000000000000000E+000 -0.500000000000000E+000
  0.132500000000000E+001 -0.454977974913209E+002 -0.157392975097537E-006 -0.408138056740067E+003  0.458730119134998E-005 -0.725326494385188E+003  0.204012468882006E-006  0.100000000000000E+001  0.000000000000000E+000  0.000000000000000E+000  0.000000000000000E+000  0.100000000000000E+001  0.000000000000000E+000  0.000000000000000E+000  0.000000000000000E+000  0.100000000000000E+001  0.590000000000000E+001  0.000000000000000E+000 -0.500000000000000E+000
  0.132812500000000E+001 -0.454977965713257E+002 -0.157400421585407E-006 -0.408138320530636E+003  0.458805993730493E-005 -0.725326442474782E+003  0.203999465596058E-006  0.100000000000000E+001  0.000000000000000E+000  0.000000000000000E+000  0.000000000000000E+000  0.100000000000000E+001  0.000000000000000E+000  0.000000000000000E+000  0.000000000000000E+000  0.100000000000000E+001  0.590000000000000E+001  0.000000000000000E+000 -0.500000000000000E+000
  0.133125000000000E+001 -0.454977958531493E+002 -0.157403178491222E-006 -0.408138547904540E+003  0.458897443422757E-005 -0.725326400110702E+003  0.203999084310777E-006  0.100000000000000E+001  0.000000000000000E+000  0.000000000000000E+000  0.000000000000000E+000  0.100000000000000E+001  0.000000000000000E+000  0.000000000000000E+000  0.000000000000000E+000  0.100000000000000E+001  0.590000000000000E+001  0.000000000000000E+000 -0.500000000000000E+000
  0.133437500000000E+001 -0.454977952090249E+002 -0.157391980337707E-006 -0.408138753242851E+003  0.458816043646948E-005 -0.725326361995293E+003  0.204034839143899E-006  0.100000000000000E+001  0.000000000000000E+000  0.000000000000000E+000  0.000000000000000E+000  0.100000000000000E+001  0.000000000000000E+000  0.000000000000000E+000  0.000000000000000E+000  0.100000000000000E+001  0.590000000000000E+001  0.000000000000000E+000 -0.500000000000000E+000
  0.133750000000000E+001 -0.454977945752653E+002 -0.157398801547970E-006 -0.408138945508739E+003  0.458875638287282E-005 -0.725326324793878E+003  0.204014760068344E-006  0.100000000000000E+001  0.000000000000000E+000  0.000000000000000E+000  0.000000000000000E+000  0.100000000000000E+001  0.000000000000000E+000  0.000000000000000E+000  0.000000000000000E+000  0.100000000000000E+001  0.590000000000000E+001  0.000000000000000E+000 -0.500000000000000E+000
  0.134062500000000E+001 -0.454977939881991E+002 -0.157404457468147E-006 -0.408139122500599E+003  0.458958197668835E-005 -0.725326289934438E+003  0.204003987607296E-006  0.100000000000000E+001  0.000000000000000E+000  0.000000000000000E+000  0.000000000000000E+000  0.100000000000000E+001  0.000000000000000E+000  0.000000000000000E+000  0.000000000000000E+000  0.100000000000000E+001  0.590000000000000E+001  0.000000000000000E+000 -0.500000000000000E+000
  0.134375000000000E+001 -0.454977934286078E+002 -0.157404457468147E-006 -0.408139287406844E+003  0.458970157524163E-005 -0.725326256562810E+003  0.204016201370283E-006  0.100000000000000E+001  0.000000000000000E+000  0.000000000000000E+000  0.000000000000000E+000  0.100000000000000E+001  0.000000000000000E+000  0.000000000000000E+000  0.000000000000000E+000  0.100000000000000E+001  0.590000000000000E+001  0.000000000000000E+000 -0.500000000000000E+000
  0.134687500000000E+001 -0.454977928959024E+002 -0.157403604816864E-006 -0.408139441600875E+003  0.458982776763150E-005 -0.725326224541024E+003  0.204019552982673E-006  0.100000000000000E+001  0.000000000000000E+000  0.000000000000000E+000  0.000000000000000E+000  0.100000000000000E+001  0.000000000000000E+000  0.000000000000000E+000  0.000000000000000E+000  0.100000000000000E+001  0.590000000000000E+001  0.000000000000000E+000 -0.500000000000000E+000
  0.135000000000000E+001 -0.454977923896782E+002 -0.157399853151219E-006 -0.408139586326080E+003  0.458899307886895E-005 -0.725326193779529E+003  0.204022296128661E-006  0.100000000000000E+001  0.000000000000000E+000  0.000000000000000E+000  0.000000000000000E+000  0.100000000000000E+001  0.000000000000000E+000  0.000000000000000E+000  0.000000000000000E+000  0.100000000000000E+001  0.590000000000000E+001  0.000000000000000E+000 -0.500000000000000E+000
  0.135312500000000E+001 -0.454977919365403E+002 -0.157405310119429E-006 -0.408139719440641E+003  0.458940962744236E-005 -0.725326165573096E+003  0.204009046154627E-006  0.100000000000000E+001  0.000000000000000E+000  0.000000000000000E+000  0.000000000000000E+000  0.100000000000000E+001  0.000000000000000E+000  0.000000000000000E+000  0.000000000000000E+000  0.100000000000000E+001  0.590000000000000E+001  0.000000000000000E+000 -0.500000000000000E+000
  0.135625000000000E+001 -0.454977915792610E+002 -0.157401927936007E-006 -0.408139835663396E+003  0.458911904388515E-005 -0.725326142415784E+003  0.204013006771184E-006  0.100000000000000E+001  0.000000000000000E+000  0.000000000000000E+000  0.000000000000000E+000  0.100000000000000E+001  0.000000000000000E+000  0.000000000000000E+000  0.000000000000000E+000  0.100000000000000E+001  0.590000000000000E+001  0.000000000000000E+000 -0.500000000000000E+000
  0.135937500000000E+001 -0.454977913455211E+002 -0.157407583856184E-006 -0.408139930502015E+003  0.458943259218358E-005 -0.725326126259483E+003  0.204003743625378E-006  0.100000000000000E+001  0.000000000000000E+000  0.000000000000000E+000  0.000000000000000E+000  0.100000000000000E+001  0.000000000000000E+000  0.000000000000000E+000  0.000000000000000E+000  0.100000000000000E+001  0.590000000000000E+001  0.000000000000000E+000 -0.500000000000000E+000
  0.136250000000000E+001 -0.454977912180637E+002 -0.157402240574811E-006 -0.408140004537095E+003  0.458947374681884E-005 -0.725326116701645E+003  0.204021561417758E-006  0.100000000000000E+001  0.000000000000000E+000  0.000000000000000E+000  0.000000000000000E+000  0.100000000000000E+001  0.000000000000000E+000  0.000000000000000E+000  0.000000000000000E+000  0.100000000000000E+001  0.590000000000000E+001  0.000000000000000E+000 -0.500000000000000E+000
  0.136562500000000E+001 -0.454977910801713E+002 -0.157397636257883E-006 -0.408140071118402E+003  0.459045963907556E-005 -0.725326107884915E+003  0.204042174805491E-006  0.100000000000000E+001  0.000000000000000E+000  0.000000000000000E+000  0.000000000000000E+000  0.100000000000000E+001  0.000000000000000E+000  0.000000000000000E+000  0.000000000000000E+000  0.100000000000000E+001  0.590000000000000E+001  0.000000000000000E+000 -0.500000000000000E+000
  0.136875000000000E+001 -0.454977908379559E+002 -0.157401103706434E-006 -0.408140143654660E+003  0.459052557744144E-005 -0.725326094157859E+003  0.204032852054586E-006  0.100000000000000E+001  0.000000000000000E+000  0.000000000000000E+000  0.000000000000000E+000  0.100000000000000E+001  0.000000000000000E+000  0.000000000000000E+000  0.000000000000000E+000  0.100000000000000E+001  0.590000000000000E+001  0.000000000000000E+000 -0.500000000000000E+000
  0.137187500000000E+001 -0.454977905603616E+002 -0.157402439526777E-006 -0.408140217216178E+003  0.459087686977000E-005 -0.725326078059952E+003  0.204033376268939E-006  0.100000000000000E+001  0.000000000000000E+000  0.000000000000000E+000  0.000000000000000E+000  0.100000000000000E+001  0.000000000000000E+000  0.000000000000000E+000  0.000000000000000E+000  0.100000000000000E+001  0.590000000000000E+001  0.000000000000000E+000 -0.500000000000000E+000
  0.137500000000000E+001 -0.454977903001804E+002 -0.157396613076344E-006 -0.408140286273957E+003  0.458984027318365E-005 -0.725326062528027E+003  0.204042482026753E-006  0.100000000000000E+001  0.000000000000000E+000  0.000000000000000E+000  0.000000000000000E+000  0.100000000000000E+001  0.000000000000000E+000  0.000000000000000E+000  0.000000000000000E+000  0.100000000000000E+001  0.590000000000000E+001  0.000000000000000E+000 -0.500000000000000E+000
  0.137812500000000E+001 -0.454977900444623E+002 -0.157407498591056E-006 -0.408140352082394E+003  0.459065540781012E-005 -0.725326047369062E+003  0.204014088962812E-006  0.100000000000000E+001  0.000000000000000E+000  0.000000000000000E+000  0.000000000000000E+000  0.100000000000000E+001  0.000000000000000E+000  0.000000000000000E+000  0.000000000000000E+000  0.100000000000000E+001  0.590000000000000E+001  0.000000000000000E+000 -0.500000000000000E+000
  0.138125000000000E+001 -0.454977897721242E+002 -0.157404485889856E-006 -0.408140417445505E+003  0.459051557299972E-005 -0.725326031543219E+003  0.204023603482192E-006  0.100000000000000E+001  0.000000000000000E+000  0.000000000000000E+000  0.000000000000000E+000  0.100000000000000E+001  0.000000000000000E+000  0.000000000000000E+000  0.000000000000000E+000  0.100000000000000E+001  0.590000000000000E+001  0.000000000000000E+000 -0.500000000000000E+000
  0.138437500000000E+001 -0.454977894563517E+002 -0.157401615297204E-006 -0.408140486267422E+003  0.459025795862544E-005 -0.725326013547168E+003  0.204028067642137E-006  0.100000000000000E+001  0.000000000000000E+000  0.000000000000000E+000  0.000000000000000E+000  0.100000000000000E+001  0.000000000000000E+000  0.000000000000000E+000  0.000000000000000E+000  0.100000000000000E+001  0.590000000000000E+001  0.000000000000000E+000 -0.500000000000000E+000
  0.138750000000000E+001 -0.454977890791519E+002 -0.157399824729509E-006 -0.408140561986340E+003  0.459007128483790E-005 -0.725325992161888E+003  0.204029316665591E-006  0.100000000000000E+001  0.000000000000000E+000  0.000000000000000E+000  0.000000000000000E+000  0.100000000000000E+001  0.000000000000000E+000  0.000000000000000E+000  0.000000000000000E+000  0.100000000000000E+001  0.590000000000000E+001  0.000000000000000E+000 -0.500000000000000E+000
  0.139062500000000E+001 -0.454977886698079E+002 -0.157400165790023E-006 -0.408140642776029E+003  0.459009720543690E-005 -0.725325968499552E+003  0.204030388886028E-006  0.100000000000000E+001  0.000000000000000E+000  0.000000000000000E+000  0.000000000000000E+000  0.100000000000000E+001  0.000000000000000E+000  0.000000000000000E+000  0.000000000000000E+000  0.100000000000000E+001  0.590000000000000E+001  0.000000000000000E+000 -0.500000000000000E+000
  0.139375000000000E+001 -0.454977882788918E+002 -0.157393230892922E-006 -0.408140723556362E+003  0.459026341559365E-005 -0.725325945052573E+003  0.204042833148663E-006  0.100000000000000E+001  0.000000000000000E+000  0.000000000000000E+000  0.000000000000000E+000  0.100000000000000E+001  0.000000000000000E+000  0.000000000000000E+000  0.000000000000000E+000  0.100000000000000E+001  0.590000000000000E+001  0.000000000000000E+000 -0.500000000000000E+000
  0.139687500000000E+001 -0.454977879627833E+002 -0.157406475409516E-006 -0.408140797534577E+003  0.459081616099866E-005 -0.725325924872406E+003  0.204017955002245E-006  0.100000000000000E+001  0.000000000000000E+000  0.000000000000000E+000  0.000000000000000E+000  0.100000000000000E+001  0.000000000000000E+000  0.000000000000000E+000  0.000000000000000E+000  0.100000000000000E+001  0.590000000000000E+001  0.000000000000000E+000 -0.500000000000000E+000
  0.140000000000000E+001 -0.454977877838319E+002 -0.157397408884208E-006 -0.408140855935935E+003  0.458977638118085E-005 -0.725325911575550E+003  0.204033872680878E-006  0.100000000000000E+001  0.000000000000000E+000  0.000000000000000E+000  0.000000000000000E+000  0.100000000000000E+001  0.000000000000000E+000  0.000000000000000E+000  0.000000000000000E+000  0.100000000000000E+001  0.590000000000000E+001  0.000000000000000E+000 -0.500000000000000E+000

