 # Integral loads: N.components: 1
 #                 Ref.sys     : 0
 #                 Components  : right_wing
 #  t , Fx , Fy , Fz , Mx , My , Mz , ref_mat(9) , ref_off(3) 
  0.000000000000000E+000 -0.114195118066949E+000  0.111899067681624E+000  0.348729997625605E+001  0.594762859284559E+001 -0.784669990494360E+001  0.585969373159807E+000  0.100000000000000E+001  0.000000000000000E+000  0.000000000000000E+000  0.000000000000000E+000  0.100000000000000E+001  0.000000000000000E+000  0.000000000000000E+000  0.000000000000000E+000  0.100000000000000E+001  0.000000000000000E+000  0.000000000000000E+000  0.000000000000000E+000
  0.100000000000000E+001 -0.193051171172696E+000  0.170728307765795E+000  0.208785250829540E+001  0.419965627339077E+001 -0.455546921484886E+001  0.774067627922810E+000  0.100000000000000E+001  0.000000000000000E+000  0.000000000000000E+000  0.000000000000000E+000  0.100000000000000E+001  0.000000000000000E+000  0.000000000000000E+000  0.000000000000000E+000  0.100000000000000E+001  0.000000000000000E+000  0.000000000000000E+000  0.000000000000000E+000
  0.200000000000000E+001 -0.204624052157332E+000  0.182827148070866E+000  0.208705565612427E+001  0.422090179585032E+001 -0.447765245829523E+001  0.833835324694150E+000  0.100000000000000E+001  0.000000000000000E+000  0.000000000000000E+000  0.000000000000000E+000  0.100000000000000E+001  0.000000000000000E+000  0.000000000000000E+000  0.000000000000000E+000  0.100000000000000E+001  0.000000000000000E+000  0.000000000000000E+000  0.000000000000000E+000
  0.300000000000000E+001 -0.212233871452124E+000  0.189937257144711E+000  0.211096822188857E+001  0.429015709574891E+001 -0.451394448992381E+001  0.871040321786958E+000  0.100000000000000E+001  0.000000000000000E+000  0.000000000000000E+000  0.000000000000000E+000  0.100000000000000E+001  0.000000000000000E+000  0.000000000000000E+000  0.000000000000000E+000  0.100000000000000E+001  0.000000000000000E+000  0.000000000000000E+000  0.000000000000000E+000
  0.400000000000000E+001 -0.217086620789813E+000  0.194343138342519E+000  0.212992111793876E+001  0.434278789607040E+001 -0.455065266034744E+001  0.894505937185269E+000  0.100000000000000E+001  0.000000000000000E+000  0.000000000000000E+000  0.000000000000000E+000  0.100000000000000E+001  0.000000000000000E+000  0.000000000000000E+000  0.000000000000000E+000  0.100000000000000E+001  0.000000000000000E+000  0.000000000000000E+000  0.000000000000000E+000
  0.500000000000000E+001 -0.220221360301775E+000  0.197152937303683E+000  0.214323325219416E+001  0.437841622635520E+001 -0.457775029730787E+001  0.909547044620245E+000  0.100000000000000E+001  0.000000000000000E+000  0.000000000000000E+000  0.000000000000000E+000  0.100000000000000E+001  0.000000000000000E+000  0.000000000000000E+000  0.000000000000000E+000  0.100000000000000E+001  0.000000000000000E+000  0.000000000000000E+000  0.000000000000000E+000
  0.600000000000000E+001 -0.222594174719313E+000  0.199196798999698E+000  0.215617697826725E+001  0.440960740369277E+001 -0.460595845516933E+001  0.920601872099685E+000  0.100000000000000E+001  0.000000000000000E+000  0.000000000000000E+000  0.000000000000000E+000  0.100000000000000E+001  0.000000000000000E+000  0.000000000000000E+000  0.000000000000000E+000  0.100000000000000E+001  0.000000000000000E+000  0.000000000000000E+000  0.000000000000000E+000
  0.700000000000000E+001 -0.225360577608639E+000  0.201390086161228E+000  0.217754004508019E+001  0.445569898004101E+001 -0.465573372926390E+001  0.932766897411694E+000  0.100000000000000E+001  0.000000000000000E+000  0.000000000000000E+000  0.000000000000000E+000  0.100000000000000E+001  0.000000000000000E+000  0.000000000000000E+000  0.000000000000000E+000  0.100000000000000E+001  0.000000000000000E+000  0.000000000000000E+000  0.000000000000000E+000
  0.800000000000000E+001 -0.227718916522294E+000  0.203315426350733E+000  0.219254724990785E+001  0.448927800668438E+001 -0.468955697459733E+001  0.943094245340387E+000  0.100000000000000E+001  0.000000000000000E+000  0.000000000000000E+000  0.000000000000000E+000  0.100000000000000E+001  0.000000000000000E+000  0.000000000000000E+000  0.000000000000000E+000  0.100000000000000E+001  0.000000000000000E+000  0.000000000000000E+000  0.000000000000000E+000
  0.900000000000000E+001 -0.228613139482135E+000  0.204199334527721E+000  0.219129478618362E+001  0.449137398023974E+001 -0.468437460249856E+001  0.947431580849966E+000  0.100000000000000E+001  0.000000000000000E+000  0.000000000000000E+000  0.000000000000000E+000  0.100000000000000E+001  0.000000000000000E+000  0.000000000000000E+000  0.000000000000000E+000  0.100000000000000E+001  0.000000000000000E+000  0.000000000000000E+000  0.000000000000000E+000
  0.100000000000000E+002 -0.229155013027561E+000  0.204710661177056E+000  0.219267249316206E+001  0.449581369866031E+001 -0.468650375086609E+001  0.950044484128673E+000  0.100000000000000E+001  0.000000000000000E+000  0.000000000000000E+000  0.000000000000000E+000  0.100000000000000E+001  0.000000000000000E+000  0.000000000000000E+000  0.000000000000000E+000  0.100000000000000E+001  0.000000000000000E+000  0.000000000000000E+000  0.000000000000000E+000
  0.110000000000000E+002 -0.229497260109131E+000  0.205026945114960E+000  0.219391389458114E+001  0.449925708601579E+001 -0.468887927549430E+001  0.951682178447866E+000  0.100000000000000E+001  0.000000000000000E+000  0.000000000000000E+000  0.000000000000000E+000  0.100000000000000E+001  0.000000000000000E+000  0.000000000000000E+000  0.000000000000000E+000  0.100000000000000E+001  0.000000000000000E+000  0.000000000000000E+000  0.000000000000000E+000
  0.120000000000000E+002 -0.229713090909167E+000  0.205225240916615E+000  0.219473710468592E+001  0.450151571102191E+001 -0.469051009635814E+001  0.952712808897722E+000  0.100000000000000E+001  0.000000000000000E+000  0.000000000000000E+000  0.000000000000000E+000  0.100000000000000E+001  0.000000000000000E+000  0.000000000000000E+000  0.000000000000000E+000  0.100000000000000E+001  0.000000000000000E+000  0.000000000000000E+000  0.000000000000000E+000
  0.130000000000000E+002 -0.229854529574300E+000  0.205353717500208E+000  0.219532731440734E+001  0.450307592081248E+001 -0.469171740623700E+001  0.953383712026015E+000  0.100000000000000E+001  0.000000000000000E+000  0.000000000000000E+000  0.000000000000000E+000  0.100000000000000E+001  0.000000000000000E+000  0.000000000000000E+000  0.000000000000000E+000  0.100000000000000E+001  0.000000000000000E+000  0.000000000000000E+000  0.000000000000000E+000
  0.140000000000000E+002 -0.229954295489048E+000  0.205442433014444E+000  0.219580206055349E+001  0.450426692443251E+001 -0.469272636062632E+001  0.953850332304385E+000  0.100000000000000E+001  0.000000000000000E+000  0.000000000000000E+000  0.000000000000000E+000  0.100000000000000E+001  0.000000000000000E+000  0.000000000000000E+000  0.000000000000000E+000  0.100000000000000E+001  0.000000000000000E+000  0.000000000000000E+000  0.000000000000000E+000
  0.150000000000000E+002 -0.230026229360701E+000  0.205505616535960E+000  0.219615929287503E+001  0.450514694919962E+001 -0.469349473850705E+001  0.954183082039810E+000  0.100000000000000E+001  0.000000000000000E+000  0.000000000000000E+000  0.000000000000000E+000  0.100000000000000E+001  0.000000000000000E+000  0.000000000000000E+000  0.000000000000000E+000  0.100000000000000E+001  0.000000000000000E+000  0.000000000000000E+000  0.000000000000000E+000
  0.160000000000000E+002 -0.230072822071361E+000  0.205547240703175E+000  0.219635320160873E+001  0.450565627551075E+001 -0.469389373701560E+001  0.954399850705386E+000  0.100000000000000E+001  0.000000000000000E+000  0.000000000000000E+000  0.000000000000000E+000  0.100000000000000E+001  0.000000000000000E+000  0.000000000000000E+000  0.000000000000000E+000  0.100000000000000E+001  0.000000000000000E+000  0.000000000000000E+000  0.000000000000000E+000
  0.170000000000000E+002 -0.230100767118532E+000  0.205572750129164E+000  0.219644749206463E+001  0.450592712137207E+001 -0.469407433873463E+001  0.954531622099940E+000  0.100000000000000E+001  0.000000000000000E+000  0.000000000000000E+000  0.000000000000000E+000  0.100000000000000E+001  0.000000000000000E+000  0.000000000000000E+000  0.000000000000000E+000  0.100000000000000E+001  0.000000000000000E+000  0.000000000000000E+000  0.000000000000000E+000
  0.180000000000000E+002 -0.230118269778552E+000  0.205588712670531E+000  0.219651148126913E+001  0.450610419212904E+001 -0.469419935816012E+001  0.954614353955663E+000  0.100000000000000E+001  0.000000000000000E+000  0.000000000000000E+000  0.000000000000000E+000  0.100000000000000E+001  0.000000000000000E+000  0.000000000000000E+000  0.000000000000000E+000  0.100000000000000E+001  0.000000000000000E+000  0.000000000000000E+000  0.000000000000000E+000
  0.190000000000000E+002 -0.230129398488642E+000  0.205598837429019E+000  0.219655422928771E+001  0.450622033070986E+001 -0.469428441886851E+001  0.954666957469828E+000  0.100000000000000E+001  0.000000000000000E+000  0.000000000000000E+000  0.000000000000000E+000  0.100000000000000E+001  0.000000000000000E+000  0.000000000000000E+000  0.000000000000000E+000  0.100000000000000E+001  0.000000000000000E+000  0.000000000000000E+000  0.000000000000000E+000
  0.200000000000000E+002 -0.230136541750280E+000  0.205605319634440E+000  0.219658250057973E+001  0.450629631265104E+001 -0.469434132950397E+001  0.954700690583688E+000  0.100000000000000E+001  0.000000000000000E+000  0.000000000000000E+000  0.000000000000000E+000  0.100000000000000E+001  0.000000000000000E+000  0.000000000000000E+000  0.000000000000000E+000  0.100000000000000E+001  0.000000000000000E+000  0.000000000000000E+000  0.000000000000000E+000
  0.210000000000000E+002 -0.230141200720420E+000  0.205609528425223E+000  0.219660162924850E+001  0.450634697405701E+001 -0.469438031800979E+001  0.954722633639003E+000  0.100000000000000E+001  0.000000000000000E+000  0.000000000000000E+000  0.000000000000000E+000  0.100000000000000E+001  0.000000000000000E+000  0.000000000000000E+000  0.000000000000000E+000  0.100000000000000E+001  0.000000000000000E+000  0.000000000000000E+000  0.000000000000000E+000
  0.220000000000000E+002 -0.230144280940353E+000  0.205612297680210E+000  0.219661465616715E+001  0.450638105782696E+001 -0.469440712746746E+001  0.954737091062985E+000  0.100000000000000E+001  0.000000000000000E+000  0.000000000000000E+000  0.000000000000000E+000  0.100000000000000E+001  0.000000000000000E+000  0.000000000000000E+000  0.000000000000000E+000  0.100000000000000E+001  0.000000000000000E+000  0.000000000000000E+000  0.000000000000000E+000
  0.230000000000000E+002 -0.230146305115292E+000  0.205614116269728E+000  0.219662313961720E+001  0.450640331891439E+001 -0.469442455262636E+001  0.954746578157986E+000  0.100000000000000E+001  0.000000000000000E+000  0.000000000000000E+000  0.000000000000000E+000  0.100000000000000E+001  0.000000000000000E+000  0.000000000000000E+000  0.000000000000000E+000  0.100000000000000E+001  0.000000000000000E+000  0.000000000000000E+000  0.000000000000000E+000
  0.240000000000000E+002 -0.230147608283240E+000  0.205615291633468E+000  0.219662837018629E+001  0.450641727817561E+001 -0.469443515891034E+001  0.954752696047810E+000  0.100000000000000E+001  0.000000000000000E+000  0.000000000000000E+000  0.000000000000000E+000  0.100000000000000E+001  0.000000000000000E+000  0.000000000000000E+000  0.000000000000000E+000  0.100000000000000E+001  0.000000000000000E+000  0.000000000000000E+000  0.000000000000000E+000
  0.250000000000000E+002 -0.230148439484063E+000  0.205616043792993E+000  0.219663162028428E+001  0.450642604352299E+001 -0.469444168877854E+001  0.954756606717609E+000  0.100000000000000E+001  0.000000000000000E+000  0.000000000000000E+000  0.000000000000000E+000  0.100000000000000E+001  0.000000000000000E+000  0.000000000000000E+000  0.000000000000000E+000  0.100000000000000E+001  0.000000000000000E+000  0.000000000000000E+000  0.000000000000000E+000
  0.260000000000000E+002 -0.230148971591228E+000  0.205616525582896E+000  0.219663371120153E+001  0.450643167107955E+001 -0.469444589187096E+001  0.954759112376296E+000  0.100000000000000E+001  0.000000000000000E+000  0.000000000000000E+000  0.000000000000000E+000  0.100000000000000E+001  0.000000000000000E+000  0.000000000000000E+000  0.000000000000000E+000  0.100000000000000E+001  0.000000000000000E+000  0.000000000000000E+000  0.000000000000000E+000
  0.270000000000000E+002 -0.230149313420478E+000  0.205616834986813E+000  0.219663506660012E+001  0.450643530707455E+001 -0.469444862430680E+001  0.954760722297500E+000  0.100000000000000E+001  0.000000000000000E+000  0.000000000000000E+000  0.000000000000000E+000  0.100000000000000E+001  0.000000000000000E+000  0.000000000000000E+000  0.000000000000000E+000  0.100000000000000E+001  0.000000000000000E+000  0.000000000000000E+000  0.000000000000000E+000
  0.280000000000000E+002 -0.230149533881389E+000  0.205617034359620E+000  0.219663594952931E+001  0.450643766667853E+001 -0.469445041034946E+001  0.954761760239444E+000  0.100000000000000E+001  0.000000000000000E+000  0.000000000000000E+000  0.000000000000000E+000  0.100000000000000E+001  0.000000000000000E+000  0.000000000000000E+000  0.000000000000000E+000  0.100000000000000E+001  0.000000000000000E+000  0.000000000000000E+000  0.000000000000000E+000
  0.290000000000000E+002 -0.230149676681268E+000  0.205617163337336E+000  0.219663652728937E+001  0.450643920446840E+001 -0.469445158312182E+001  0.954762432035032E+000  0.100000000000000E+001  0.000000000000000E+000  0.000000000000000E+000  0.000000000000000E+000  0.100000000000000E+001  0.000000000000000E+000  0.000000000000000E+000  0.000000000000000E+000  0.100000000000000E+001  0.000000000000000E+000  0.000000000000000E+000  0.000000000000000E+000

