 # Integral loads: N.components: 2
 #                 Ref.sys     : Stability
 #                 Components  : fuselage_right , fuselage_left
 #  t , Fx , Fy , Fz , Mx , My , Mz , ref_mat(9) , ref_off(3) 
  0.100000000000000E+001  0.145269017117167E+006 -0.122407452977495E+001  0.622910031791704E+006  0.116032663732040E+001  0.129038966373768E+006 -0.399960336717777E+001  0.100000000000000E+001  0.000000000000000E+000  0.000000000000000E+000  0.000000000000000E+000  0.100000000000000E+001  0.000000000000000E+000  0.000000000000000E+000  0.000000000000000E+000  0.100000000000000E+001  0.590000000000000E+001  0.000000000000000E+000 -0.500000000000000E+000
  0.100312500000000E+001  0.401838929333489E+005 -0.127519880578620E+001  0.962029684938072E+005  0.120994618907571E+001 -0.419918692001286E+005 -0.416808086622041E+001  0.100000000000000E+001  0.000000000000000E+000  0.000000000000000E+000  0.000000000000000E+000  0.100000000000000E+001  0.000000000000000E+000  0.000000000000000E+000  0.000000000000000E+000  0.100000000000000E+001  0.590000000000000E+001  0.000000000000000E+000 -0.500000000000000E+000
  0.100625000000000E+001  0.399931813189221E+005 -0.133216463768622E+001  0.933646990175311E+005  0.126399730637786E+001 -0.315743495890696E+005 -0.435428779781796E+001  0.100000000000000E+001  0.000000000000000E+000  0.000000000000000E+000  0.000000000000000E+000  0.100000000000000E+001  0.000000000000000E+000  0.000000000000000E+000  0.000000000000000E+000  0.100000000000000E+001  0.590000000000000E+001  0.000000000000000E+000 -0.500000000000000E+000
  0.100937500000000E+001  0.375176126375746E+005 -0.140574067208217E+001  0.897261570557616E+005  0.133381302768248E+001 -0.193394093209511E+005 -0.459484307328239E+001  0.100000000000000E+001  0.000000000000000E+000  0.000000000000000E+000  0.000000000000000E+000  0.100000000000000E+001  0.000000000000000E+000  0.000000000000000E+000  0.000000000000000E+000  0.100000000000000E+001  0.590000000000000E+001  0.000000000000000E+000 -0.500000000000000E+000
  0.101250000000000E+001  0.344844491766923E+005 -0.147187991486862E+001  0.864491222110598E+005  0.139663904768531E+001 -0.771332569111094E+004 -0.481111846689600E+001  0.100000000000000E+001  0.000000000000000E+000  0.000000000000000E+000  0.000000000000000E+000  0.100000000000000E+001  0.000000000000000E+000  0.000000000000000E+000  0.000000000000000E+000  0.100000000000000E+001  0.590000000000000E+001  0.000000000000000E+000 -0.500000000000000E+000
  0.101562500000000E+001  0.324231413168704E+005 -0.188306158169871E+001  0.849771587930757E+005 -0.247488387423800E+000 -0.688033546680162E+003 -0.509505874360912E+001  0.100000000000000E+001  0.000000000000000E+000  0.000000000000000E+000  0.000000000000000E+000  0.100000000000000E+001  0.000000000000000E+000  0.000000000000000E+000  0.000000000000000E+000  0.100000000000000E+001  0.590000000000000E+001  0.000000000000000E+000 -0.500000000000000E+000
  0.101875000000000E+001  0.304813804676224E+005 -0.103759141818620E+003  0.841981644792647E+005  0.981898870045552E+002  0.425605749223824E+004 -0.348119771751808E+003  0.100000000000000E+001  0.000000000000000E+000  0.000000000000000E+000  0.000000000000000E+000  0.100000000000000E+001  0.000000000000000E+000  0.000000000000000E+000  0.000000000000000E+000  0.100000000000000E+001  0.590000000000000E+001  0.000000000000000E+000 -0.500000000000000E+000
  0.102187500000000E+001  0.287893587303716E+005 -0.805020380052738E+002  0.840824269294198E+005  0.753295522546396E+002  0.737515970285188E+004 -0.264712603477295E+003  0.100000000000000E+001  0.000000000000000E+000  0.000000000000000E+000  0.000000000000000E+000  0.100000000000000E+001  0.000000000000000E+000  0.000000000000000E+000  0.000000000000000E+000  0.100000000000000E+001  0.590000000000000E+001  0.000000000000000E+000 -0.500000000000000E+000
  0.102500000000000E+001  0.275348269543768E+005 -0.460133810630650E+002  0.841898859629453E+005  0.422983345040120E+002  0.989514651629893E+004 -0.147612363683525E+003  0.100000000000000E+001  0.000000000000000E+000  0.000000000000000E+000  0.000000000000000E+000  0.100000000000000E+001  0.000000000000000E+000  0.000000000000000E+000  0.000000000000000E+000  0.100000000000000E+001  0.590000000000000E+001  0.000000000000000E+000 -0.500000000000000E+000
  0.102812500000000E+001  0.261219067306855E+005 -0.327925362001406E+002  0.833787165425885E+005  0.315797101765056E+002  0.141142669309365E+005 -0.105267936758697E+003  0.100000000000000E+001  0.000000000000000E+000  0.000000000000000E+000  0.000000000000000E+000  0.100000000000000E+001  0.000000000000000E+000  0.000000000000000E+000  0.000000000000000E+000  0.100000000000000E+001  0.590000000000000E+001  0.000000000000000E+000 -0.500000000000000E+000
  0.103125000000000E+001  0.249077843406622E+005 -0.267331418278045E+002  0.824405539493025E+005  0.261503989722114E+002  0.184081610767079E+005 -0.856715934483800E+002  0.100000000000000E+001  0.000000000000000E+000  0.000000000000000E+000  0.000000000000000E+000  0.100000000000000E+001  0.000000000000000E+000  0.000000000000000E+000  0.000000000000000E+000  0.100000000000000E+001  0.590000000000000E+001  0.000000000000000E+000 -0.500000000000000E+000
  0.103437500000000E+001  0.245448928111300E+005 -0.121157757730107E+002  0.827356702961420E+005  0.154457732880837E+002  0.190040861639500E+005 -0.410761565533467E+002  0.100000000000000E+001  0.000000000000000E+000  0.000000000000000E+000  0.000000000000000E+000  0.100000000000000E+001  0.000000000000000E+000  0.000000000000000E+000  0.000000000000000E+000  0.100000000000000E+001  0.590000000000000E+001  0.000000000000000E+000 -0.500000000000000E+000
  0.103750000000000E+001  0.244092204603713E+005 -0.138501496735262E+001  0.836054575814854E+005  0.157175811426714E+001  0.175566053294649E+005 -0.335591366747394E+001  0.100000000000000E+001  0.000000000000000E+000  0.000000000000000E+000  0.000000000000000E+000  0.100000000000000E+001  0.000000000000000E+000  0.000000000000000E+000  0.000000000000000E+000  0.100000000000000E+001  0.590000000000000E+001  0.000000000000000E+000 -0.500000000000000E+000
  0.104062500000000E+001  0.241369632430722E+005  0.816006284409668E+002  0.843631872388670E+005 -0.712555188002880E+002  0.161801511261385E+005  0.269099391218508E+003  0.100000000000000E+001  0.000000000000000E+000  0.000000000000000E+000  0.000000000000000E+000  0.100000000000000E+001  0.000000000000000E+000  0.000000000000000E+000  0.000000000000000E+000  0.100000000000000E+001  0.590000000000000E+001  0.000000000000000E+000 -0.500000000000000E+000
  0.104375000000000E+001  0.237968630791509E+005 -0.691950445204275E+002  0.849434428994505E+005  0.559582459947560E+002  0.151968852658872E+005 -0.230391261101933E+003  0.100000000000000E+001  0.000000000000000E+000  0.000000000000000E+000  0.000000000000000E+000  0.100000000000000E+001  0.000000000000000E+000  0.000000000000000E+000  0.000000000000000E+000  0.100000000000000E+001  0.590000000000000E+001  0.000000000000000E+000 -0.500000000000000E+000
  0.104687500000000E+001  0.234772897034143E+005  0.816100054630078E+001  0.854012870777290E+005 -0.805575179809239E+000  0.145242356673398E+005  0.256455379815307E+002  0.100000000000000E+001  0.000000000000000E+000  0.000000000000000E+000  0.000000000000000E+000  0.100000000000000E+001  0.000000000000000E+000  0.000000000000000E+000  0.000000000000000E+000  0.100000000000000E+001  0.590000000000000E+001  0.000000000000000E+000 -0.500000000000000E+000
  0.105000000000000E+001  0.232257440984587E+005  0.124173909186502E+002  0.857093725235016E+005 -0.136848985012621E+002  0.141366875267747E+005  0.432700056978501E+002  0.100000000000000E+001  0.000000000000000E+000  0.000000000000000E+000  0.000000000000000E+000  0.100000000000000E+001  0.000000000000000E+000  0.000000000000000E+000  0.000000000000000E+000  0.100000000000000E+001  0.590000000000000E+001  0.000000000000000E+000 -0.500000000000000E+000
  0.105312500000000E+001  0.230105023827573E+005  0.845243145205313E+001  0.859449206017626E+005 -0.596004647150403E+001  0.139535470660250E+005  0.263085294237826E+002  0.100000000000000E+001  0.000000000000000E+000  0.000000000000000E+000  0.000000000000000E+000  0.100000000000000E+001  0.000000000000000E+000  0.000000000000000E+000  0.000000000000000E+000  0.100000000000000E+001  0.590000000000000E+001  0.000000000000000E+000 -0.500000000000000E+000
  0.105625000000000E+001  0.227905961386231E+005  0.955696164048277E+000  0.863205458528900E+005  0.333626559586264E-001  0.138496829473272E+005  0.112335734814405E+001  0.100000000000000E+001  0.000000000000000E+000  0.000000000000000E+000  0.000000000000000E+000  0.100000000000000E+001  0.000000000000000E+000  0.000000000000000E+000  0.000000000000000E+000  0.100000000000000E+001  0.590000000000000E+001  0.000000000000000E+000 -0.500000000000000E+000
  0.105937500000000E+001  0.226163596364518E+005  0.729852167941281E+002  0.864164369203444E+005 -0.688005179063184E+002  0.138989511108471E+005  0.245566674056230E+003  0.100000000000000E+001  0.000000000000000E+000  0.000000000000000E+000  0.000000000000000E+000  0.100000000000000E+001  0.000000000000000E+000  0.000000000000000E+000  0.000000000000000E+000  0.100000000000000E+001  0.590000000000000E+001  0.000000000000000E+000 -0.500000000000000E+000
  0.106250000000000E+001  0.224729310644110E+005  0.574087812488433E+002  0.864444406832268E+005 -0.566151816703496E+002  0.139983228672122E+005  0.189054657587549E+003  0.100000000000000E+001  0.000000000000000E+000  0.000000000000000E+000  0.000000000000000E+000  0.100000000000000E+001  0.000000000000000E+000  0.000000000000000E+000  0.000000000000000E+000  0.100000000000000E+001  0.590000000000000E+001  0.000000000000000E+000 -0.500000000000000E+000
  0.106562500000000E+001  0.223002626185409E+005  0.296988053952227E+002  0.864863957114567E+005 -0.271995265710866E+002  0.141680607434671E+005  0.939468472744338E+002  0.100000000000000E+001  0.000000000000000E+000  0.000000000000000E+000  0.000000000000000E+000  0.100000000000000E+001  0.000000000000000E+000  0.000000000000000E+000  0.000000000000000E+000  0.100000000000000E+001  0.590000000000000E+001  0.000000000000000E+000 -0.500000000000000E+000
  0.106875000000000E+001  0.221795337593399E+005 -0.479594631560612E+002  0.865471039667168E+005  0.390644617184298E+002  0.142364450344044E+005 -0.158816521628760E+003  0.100000000000000E+001  0.000000000000000E+000  0.000000000000000E+000  0.000000000000000E+000  0.100000000000000E+001  0.000000000000000E+000  0.000000000000000E+000  0.000000000000000E+000  0.100000000000000E+001  0.590000000000000E+001  0.000000000000000E+000 -0.500000000000000E+000
  0.107187500000000E+001  0.220653709278488E+005  0.770511749861762E+002  0.866345054355491E+005 -0.676343967505381E+002  0.142830725815827E+005  0.257945348415989E+003  0.100000000000000E+001  0.000000000000000E+000  0.000000000000000E+000  0.000000000000000E+000  0.100000000000000E+001  0.000000000000000E+000  0.000000000000000E+000  0.000000000000000E+000  0.100000000000000E+001  0.590000000000000E+001  0.000000000000000E+000 -0.500000000000000E+000
  0.107500000000000E+001  0.219785945004063E+005  0.682180262140464E+002  0.867108901503232E+005 -0.684756342400797E+002  0.143242277247408E+005  0.231129386657849E+003  0.100000000000000E+001  0.000000000000000E+000  0.000000000000000E+000  0.000000000000000E+000  0.100000000000000E+001  0.000000000000000E+000  0.000000000000000E+000  0.000000000000000E+000  0.100000000000000E+001  0.590000000000000E+001  0.000000000000000E+000 -0.500000000000000E+000
  0.107812500000000E+001  0.218742337328325E+005 -0.118743539026531E+003  0.869699140547912E+005  0.102467074074491E+003  0.143141507109280E+005 -0.397369380421937E+003  0.100000000000000E+001  0.000000000000000E+000  0.000000000000000E+000  0.000000000000000E+000  0.100000000000000E+001  0.000000000000000E+000  0.000000000000000E+000  0.000000000000000E+000  0.100000000000000E+001  0.590000000000000E+001  0.000000000000000E+000 -0.500000000000000E+000
  0.108125000000000E+001  0.217827501727730E+005 -0.205362972829374E+003  0.873390183352734E+005  0.184553224400559E+003  0.143215428405860E+005 -0.674001965967938E+003  0.100000000000000E+001  0.000000000000000E+000  0.000000000000000E+000  0.000000000000000E+000  0.100000000000000E+001  0.000000000000000E+000  0.000000000000000E+000  0.000000000000000E+000  0.100000000000000E+001  0.590000000000000E+001  0.000000000000000E+000 -0.500000000000000E+000
  0.108437500000000E+001  0.216383665612898E+005 -0.183374698929838E+003  0.888054624972097E+005  0.168024657662609E+003  0.137696928043271E+005 -0.595959686585004E+003  0.100000000000000E+001  0.000000000000000E+000  0.000000000000000E+000  0.000000000000000E+000  0.100000000000000E+001  0.000000000000000E+000  0.000000000000000E+000  0.000000000000000E+000  0.100000000000000E+001  0.590000000000000E+001  0.000000000000000E+000 -0.500000000000000E+000
  0.108750000000000E+001  0.215741291915095E+005 -0.150834050963516E+003  0.876358193167382E+005  0.142480633647239E+003  0.145038818298245E+005 -0.492919583094539E+003  0.100000000000000E+001  0.000000000000000E+000  0.000000000000000E+000  0.000000000000000E+000  0.100000000000000E+001  0.000000000000000E+000  0.000000000000000E+000  0.000000000000000E+000  0.100000000000000E+001  0.590000000000000E+001  0.000000000000000E+000 -0.500000000000000E+000
  0.109062500000000E+001  0.215080785765721E+005 -0.125542559430294E+003  0.875086746287282E+005  0.115629186067090E+003  0.147753758959229E+005 -0.397772917790338E+003  0.100000000000000E+001  0.000000000000000E+000  0.000000000000000E+000  0.000000000000000E+000  0.100000000000000E+001  0.000000000000000E+000  0.000000000000000E+000  0.000000000000000E+000  0.100000000000000E+001  0.590000000000000E+001  0.000000000000000E+000 -0.500000000000000E+000
  0.109375000000000E+001  0.214473042957521E+005 -0.101424984471640E+003  0.872630782114836E+005  0.952307254936313E+002  0.150898561843307E+005 -0.324581043354468E+003  0.100000000000000E+001  0.000000000000000E+000  0.000000000000000E+000  0.000000000000000E+000  0.100000000000000E+001  0.000000000000000E+000  0.000000000000000E+000  0.000000000000000E+000  0.100000000000000E+001  0.590000000000000E+001  0.000000000000000E+000 -0.500000000000000E+000
  0.109687500000000E+001  0.213823755386652E+005 -0.778016277856077E+002  0.867314379706355E+005  0.736695430483087E+002  0.156480572608410E+005 -0.250132361896336E+003  0.100000000000000E+001  0.000000000000000E+000  0.000000000000000E+000  0.000000000000000E+000  0.100000000000000E+001  0.000000000000000E+000  0.000000000000000E+000  0.000000000000000E+000  0.100000000000000E+001  0.590000000000000E+001  0.000000000000000E+000 -0.500000000000000E+000
  0.110000000000000E+001  0.212632510042981E+005 -0.610209263435681E+002  0.871660981509009E+005  0.578371236485546E+002  0.156201151036450E+005 -0.198589313684031E+003  0.100000000000000E+001  0.000000000000000E+000  0.000000000000000E+000  0.000000000000000E+000  0.100000000000000E+001  0.000000000000000E+000  0.000000000000000E+000  0.000000000000000E+000  0.100000000000000E+001  0.590000000000000E+001  0.000000000000000E+000 -0.500000000000000E+000
  0.110312500000000E+001  0.211809690747592E+005 -0.244109235774959E+002  0.869552783745986E+005  0.238351720933570E+002  0.158833278033142E+005 -0.858355459615123E+002  0.100000000000000E+001  0.000000000000000E+000  0.000000000000000E+000  0.000000000000000E+000  0.100000000000000E+001  0.000000000000000E+000  0.000000000000000E+000  0.000000000000000E+000  0.100000000000000E+001  0.590000000000000E+001  0.000000000000000E+000 -0.500000000000000E+000
  0.110625000000000E+001  0.211243762677325E+005  0.338292270018137E+002  0.868324443356366E+005 -0.334806906055310E+002  0.159944269671554E+005  0.119626665428048E+003  0.100000000000000E+001  0.000000000000000E+000  0.000000000000000E+000  0.000000000000000E+000  0.100000000000000E+001  0.000000000000000E+000  0.000000000000000E+000  0.000000000000000E+000  0.100000000000000E+001  0.590000000000000E+001  0.000000000000000E+000 -0.500000000000000E+000
  0.110937500000000E+001  0.211040663835842E+005  0.731581781464629E+002  0.868229173785125E+005 -0.684984141740715E+002  0.159489258111755E+005  0.240271411976544E+003  0.100000000000000E+001  0.000000000000000E+000  0.000000000000000E+000  0.000000000000000E+000  0.100000000000000E+001  0.000000000000000E+000  0.000000000000000E+000  0.000000000000000E+000  0.100000000000000E+001  0.590000000000000E+001  0.000000000000000E+000 -0.500000000000000E+000
  0.111250000000000E+001  0.210943067788582E+005  0.582594798787613E+002  0.869123534061304E+005 -0.543871959589305E+002  0.158640248844869E+005  0.188409594284371E+003  0.100000000000000E+001  0.000000000000000E+000  0.000000000000000E+000  0.000000000000000E+000  0.100000000000000E+001  0.000000000000000E+000  0.000000000000000E+000  0.000000000000000E+000  0.100000000000000E+001  0.590000000000000E+001  0.000000000000000E+000 -0.500000000000000E+000
  0.111562500000000E+001  0.210586470723760E+005  0.207425622658920E+002  0.869281284033707E+005 -0.204117978292052E+002  0.159084010693377E+005  0.620577047890984E+002  0.100000000000000E+001  0.000000000000000E+000  0.000000000000000E+000  0.000000000000000E+000  0.100000000000000E+001  0.000000000000000E+000  0.000000000000000E+000  0.000000000000000E+000  0.100000000000000E+001  0.590000000000000E+001  0.000000000000000E+000 -0.500000000000000E+000
  0.111875000000000E+001  0.210060017619377E+005  0.123188284670468E+002  0.868886018845061E+005 -0.131037181219435E+002  0.160278800722037E+005  0.363120248739142E+002  0.100000000000000E+001  0.000000000000000E+000  0.000000000000000E+000  0.000000000000000E+000  0.100000000000000E+001  0.000000000000000E+000  0.000000000000000E+000  0.000000000000000E+000  0.100000000000000E+001  0.590000000000000E+001  0.000000000000000E+000 -0.500000000000000E+000
  0.112187500000000E+001  0.209475091634706E+005  0.430361977884895E+002  0.868537692244634E+005 -0.377912869148422E+002  0.161611049098953E+005  0.135281273724744E+003  0.100000000000000E+001  0.000000000000000E+000  0.000000000000000E+000  0.000000000000000E+000  0.100000000000000E+001  0.000000000000000E+000  0.000000000000000E+000  0.000000000000000E+000  0.100000000000000E+001  0.590000000000000E+001  0.000000000000000E+000 -0.500000000000000E+000
  0.112500000000000E+001  0.209033408838755E+005  0.664013338370714E+002  0.868212360257792E+005 -0.578046122387168E+002  0.162598258485186E+005  0.213060447535710E+003  0.100000000000000E+001  0.000000000000000E+000  0.000000000000000E+000  0.000000000000000E+000  0.100000000000000E+001  0.000000000000000E+000  0.000000000000000E+000  0.000000000000000E+000  0.100000000000000E+001  0.590000000000000E+001  0.000000000000000E+000 -0.500000000000000E+000
  0.112812500000000E+001  0.208768961435864E+005  0.572643956689280E+002  0.868185575098239E+005 -0.480916415449465E+002  0.162982523872700E+005  0.180733241737587E+003  0.100000000000000E+001  0.000000000000000E+000  0.000000000000000E+000  0.000000000000000E+000  0.100000000000000E+001  0.000000000000000E+000  0.000000000000000E+000  0.000000000000000E+000  0.100000000000000E+001  0.590000000000000E+001  0.000000000000000E+000 -0.500000000000000E+000
  0.113125000000000E+001  0.208606273157262E+005  0.366088432686520E+002  0.868216938120608E+005 -0.306119688535109E+002  0.163121666264635E+005  0.121019179762807E+003  0.100000000000000E+001  0.000000000000000E+000  0.000000000000000E+000  0.000000000000000E+000  0.100000000000000E+001  0.000000000000000E+000  0.000000000000000E+000  0.000000000000000E+000  0.100000000000000E+001  0.590000000000000E+001  0.000000000000000E+000 -0.500000000000000E+000
  0.113437500000000E+001  0.208502119930170E+005  0.385605612369836E+002  0.868190953031778E+005 -0.342578120300313E+002  0.163141030143502E+005  0.137948523266241E+003  0.100000000000000E+001  0.000000000000000E+000  0.000000000000000E+000  0.000000000000000E+000  0.100000000000000E+001  0.000000000000000E+000  0.000000000000000E+000  0.000000000000000E+000  0.100000000000000E+001  0.590000000000000E+001  0.000000000000000E+000 -0.500000000000000E+000
  0.113750000000000E+001  0.208421740313877E+005  0.360841974791256E+002  0.868260799670768E+005 -0.309011569460272E+002  0.163166946759958E+005  0.110109397468623E+003  0.100000000000000E+001  0.000000000000000E+000  0.000000000000000E+000  0.000000000000000E+000  0.100000000000000E+001  0.000000000000000E+000  0.000000000000000E+000  0.000000000000000E+000  0.100000000000000E+001  0.590000000000000E+001  0.000000000000000E+000 -0.500000000000000E+000
  0.114062500000000E+001  0.208341878459708E+005  0.333779190590139E+002  0.868413768089073E+005 -0.309767556216684E+002  0.163129807876725E+005  0.110305902020540E+003  0.100000000000000E+001  0.000000000000000E+000  0.000000000000000E+000  0.000000000000000E+000  0.100000000000000E+001  0.000000000000000E+000  0.000000000000000E+000  0.000000000000000E+000  0.100000000000000E+001  0.590000000000000E+001  0.000000000000000E+000 -0.500000000000000E+000
  0.114375000000000E+001  0.208265513914278E+005  0.342262016983004E+002  0.868505498716155E+005 -0.347610971364775E+002  0.163135114721671E+005  0.116460797110340E+003  0.100000000000000E+001  0.000000000000000E+000  0.000000000000000E+000  0.000000000000000E+000  0.100000000000000E+001  0.000000000000000E+000  0.000000000000000E+000  0.000000000000000E+000  0.100000000000000E+001  0.590000000000000E+001  0.000000000000000E+000 -0.500000000000000E+000
  0.114687500000000E+001  0.208193142102947E+005  0.355676907453453E+002  0.868575641346141E+005 -0.305261832892429E+002  0.163138147637854E+005  0.106625973041635E+003  0.100000000000000E+001  0.000000000000000E+000  0.000000000000000E+000  0.000000000000000E+000  0.100000000000000E+001  0.000000000000000E+000  0.000000000000000E+000  0.000000000000000E+000  0.100000000000000E+001  0.590000000000000E+001  0.000000000000000E+000 -0.500000000000000E+000
  0.115000000000000E+001  0.208131744062992E+005  0.325074503314099E+002  0.868502744625876E+005 -0.311479835713981E+002  0.163272978092336E+005  0.105634712687228E+003  0.100000000000000E+001  0.000000000000000E+000  0.000000000000000E+000  0.000000000000000E+000  0.100000000000000E+001  0.000000000000000E+000  0.000000000000000E+000  0.000000000000000E+000  0.100000000000000E+001  0.590000000000000E+001  0.000000000000000E+000 -0.500000000000000E+000
  0.115312500000000E+001  0.208072088401792E+005  0.373284124899074E+002  0.868562358574926E+005 -0.349418996755267E+002  0.163281419148787E+005  0.121896547392942E+003  0.100000000000000E+001  0.000000000000000E+000  0.000000000000000E+000  0.000000000000000E+000  0.100000000000000E+001  0.000000000000000E+000  0.000000000000000E+000  0.000000000000000E+000  0.100000000000000E+001  0.590000000000000E+001  0.000000000000000E+000 -0.500000000000000E+000
  0.115625000000000E+001  0.208025583782654E+005  0.389194673998863E+002  0.868572262897503E+005 -0.374987754330505E+002  0.163330067583532E+005  0.126612107063178E+003  0.100000000000000E+001  0.000000000000000E+000  0.000000000000000E+000  0.000000000000000E+000  0.100000000000000E+001  0.000000000000000E+000  0.000000000000000E+000  0.000000000000000E+000  0.100000000000000E+001  0.590000000000000E+001  0.000000000000000E+000 -0.500000000000000E+000
  0.115937500000000E+001  0.207986381260912E+005  0.377852842549910E+002  0.868610914005283E+005 -0.364995552084874E+002  0.163339159687287E+005  0.121856085456442E+003  0.100000000000000E+001  0.000000000000000E+000  0.000000000000000E+000  0.000000000000000E+000  0.100000000000000E+001  0.000000000000000E+000  0.000000000000000E+000  0.000000000000000E+000  0.100000000000000E+001  0.590000000000000E+001  0.000000000000000E+000 -0.500000000000000E+000
  0.116250000000000E+001  0.207950643875418E+005  0.359584283896838E+002  0.868662494656884E+005 -0.349355706926435E+002  0.163352009290547E+005  0.115777039003558E+003  0.100000000000000E+001  0.000000000000000E+000  0.000000000000000E+000  0.000000000000000E+000  0.100000000000000E+001  0.000000000000000E+000  0.000000000000000E+000  0.000000000000000E+000  0.100000000000000E+001  0.590000000000000E+001  0.000000000000000E+000 -0.500000000000000E+000
  0.116562500000000E+001  0.207914456914566E+005  0.407536659670295E+002  0.868661322758629E+005 -0.388652077171719E+002  0.163381163145464E+005  0.132749395177467E+003  0.100000000000000E+001  0.000000000000000E+000  0.000000000000000E+000  0.000000000000000E+000  0.100000000000000E+001  0.000000000000000E+000  0.000000000000000E+000  0.000000000000000E+000  0.100000000000000E+001  0.590000000000000E+001  0.000000000000000E+000 -0.500000000000000E+000
  0.116875000000000E+001  0.207883820730845E+005  0.426849256118294E+002  0.868684124921337E+005 -0.419198432790581E+002  0.163414131437557E+005  0.138868585508550E+003  0.100000000000000E+001  0.000000000000000E+000  0.000000000000000E+000  0.000000000000000E+000  0.100000000000000E+001  0.000000000000000E+000  0.000000000000000E+000  0.000000000000000E+000  0.100000000000000E+001  0.590000000000000E+001  0.000000000000000E+000 -0.500000000000000E+000
  0.117187500000000E+001  0.207857552073061E+005  0.427643631430692E+002  0.868685799442853E+005 -0.420808650993858E+002  0.163431634624045E+005  0.139406512196641E+003  0.100000000000000E+001  0.000000000000000E+000  0.000000000000000E+000  0.000000000000000E+000  0.100000000000000E+001  0.000000000000000E+000  0.000000000000000E+000  0.000000000000000E+000  0.100000000000000E+001  0.590000000000000E+001  0.000000000000000E+000 -0.500000000000000E+000
  0.117500000000000E+001  0.207833731699284E+005  0.443188239363953E+002  0.868680665876182E+005 -0.426760849464918E+002  0.163458823441887E+005  0.141925135058351E+003  0.100000000000000E+001  0.000000000000000E+000  0.000000000000000E+000  0.000000000000000E+000  0.100000000000000E+001  0.000000000000000E+000  0.000000000000000E+000  0.000000000000000E+000  0.100000000000000E+001  0.590000000000000E+001  0.000000000000000E+000 -0.500000000000000E+000
  0.117812500000000E+001  0.207806459573429E+005  0.500992475653766E+002  0.868682876640858E+005 -0.483839728423045E+002  0.163496036189950E+005  0.163585602055304E+003  0.100000000000000E+001  0.000000000000000E+000  0.000000000000000E+000  0.000000000000000E+000  0.100000000000000E+001  0.000000000000000E+000  0.000000000000000E+000  0.000000000000000E+000  0.100000000000000E+001  0.590000000000000E+001  0.000000000000000E+000 -0.500000000000000E+000
  0.118125000000000E+001  0.207789622247267E+005  0.510921728446847E+002  0.868668667427004E+005 -0.503452042887220E+002  0.163521526480000E+005  0.166066361400532E+003  0.100000000000000E+001  0.000000000000000E+000  0.000000000000000E+000  0.000000000000000E+000  0.100000000000000E+001  0.000000000000000E+000  0.000000000000000E+000  0.000000000000000E+000  0.100000000000000E+001  0.590000000000000E+001  0.000000000000000E+000 -0.500000000000000E+000
  0.118437500000000E+001  0.207773746891271E+005  0.505065974221216E+002  0.868749365747330E+005 -0.493617785744136E+002  0.163499851545499E+005  0.164287279262207E+003  0.100000000000000E+001  0.000000000000000E+000  0.000000000000000E+000  0.000000000000000E+000  0.100000000000000E+001  0.000000000000000E+000  0.000000000000000E+000  0.000000000000000E+000  0.100000000000000E+001  0.590000000000000E+001  0.000000000000000E+000 -0.500000000000000E+000
  0.118750000000000E+001  0.207759940531279E+005  0.506263117644703E+002  0.868698948225453E+005 -0.503277492885827E+002  0.163543600109717E+005  0.164653728151228E+003  0.100000000000000E+001  0.000000000000000E+000  0.000000000000000E+000  0.000000000000000E+000  0.100000000000000E+001  0.000000000000000E+000  0.000000000000000E+000  0.000000000000000E+000  0.100000000000000E+001  0.590000000000000E+001  0.000000000000000E+000 -0.500000000000000E+000
  0.119062500000000E+001  0.207743036840571E+005  0.548795039589168E+002  0.868717706117479E+005 -0.532769269071869E+002  0.163535844634731E+005  0.178626050794497E+003  0.100000000000000E+001  0.000000000000000E+000  0.000000000000000E+000  0.000000000000000E+000  0.100000000000000E+001  0.000000000000000E+000  0.000000000000000E+000  0.000000000000000E+000  0.100000000000000E+001  0.590000000000000E+001  0.000000000000000E+000 -0.500000000000000E+000
  0.119375000000000E+001  0.207733106035374E+005  0.552452305848128E+002  0.868683485890192E+005 -0.548220670875162E+002  0.163579779588423E+005  0.179966289473465E+003  0.100000000000000E+001  0.000000000000000E+000  0.000000000000000E+000  0.000000000000000E+000  0.100000000000000E+001  0.000000000000000E+000  0.000000000000000E+000  0.000000000000000E+000  0.100000000000000E+001  0.590000000000000E+001  0.000000000000000E+000 -0.500000000000000E+000
  0.119687500000000E+001  0.207704176201482E+005  0.492197184198885E+002  0.869143245536689E+005 -0.494408606317011E+002  0.163304302056522E+005  0.159847588393604E+003  0.100000000000000E+001  0.000000000000000E+000  0.000000000000000E+000  0.000000000000000E+000  0.100000000000000E+001  0.000000000000000E+000  0.000000000000000E+000  0.000000000000000E+000  0.100000000000000E+001  0.590000000000000E+001  0.000000000000000E+000 -0.500000000000000E+000
  0.120000000000000E+001  0.207698476127374E+005  0.515934740569792E+002  0.868762571347488E+005 -0.509917018390261E+002  0.163557414747972E+005  0.168253848093795E+003  0.100000000000000E+001  0.000000000000000E+000  0.000000000000000E+000  0.000000000000000E+000  0.100000000000000E+001  0.000000000000000E+000  0.000000000000000E+000  0.000000000000000E+000  0.100000000000000E+001  0.590000000000000E+001  0.000000000000000E+000 -0.500000000000000E+000
  0.120312500000000E+001  0.207678332019263E+005  0.547279351147590E+002  0.868737976781264E+005 -0.550776619971148E+002  0.163632123831156E+005  0.179850174677791E+003  0.100000000000000E+001  0.000000000000000E+000  0.000000000000000E+000  0.000000000000000E+000  0.100000000000000E+001  0.000000000000000E+000  0.000000000000000E+000  0.000000000000000E+000  0.100000000000000E+001  0.590000000000000E+001  0.000000000000000E+000 -0.500000000000000E+000
  0.120625000000000E+001  0.207665572415308E+005  0.533603768245084E+002  0.868720818570092E+005 -0.537249467150541E+002  0.163661128917477E+005  0.171618278745562E+003  0.100000000000000E+001  0.000000000000000E+000  0.000000000000000E+000  0.000000000000000E+000  0.100000000000000E+001  0.000000000000000E+000  0.000000000000000E+000  0.000000000000000E+000  0.100000000000000E+001  0.590000000000000E+001  0.000000000000000E+000 -0.500000000000000E+000
  0.120937500000000E+001  0.207647221699614E+005  0.586293724590214E+002  0.868735143302358E+005 -0.580622377190157E+002  0.163692280531265E+005  0.192069783446379E+003  0.100000000000000E+001  0.000000000000000E+000  0.000000000000000E+000  0.000000000000000E+000  0.100000000000000E+001  0.000000000000000E+000  0.000000000000000E+000  0.000000000000000E+000  0.100000000000000E+001  0.590000000000000E+001  0.000000000000000E+000 -0.500000000000000E+000
  0.121250000000000E+001  0.207633839368776E+005  0.675557553743129E+002  0.868728259559847E+005 -0.668771677669720E+002  0.163712144400571E+005  0.221874341002200E+003  0.100000000000000E+001  0.000000000000000E+000  0.000000000000000E+000  0.000000000000000E+000  0.100000000000000E+001  0.000000000000000E+000  0.000000000000000E+000  0.000000000000000E+000  0.100000000000000E+001  0.590000000000000E+001  0.000000000000000E+000 -0.500000000000000E+000
  0.121562500000000E+001  0.207621821082338E+005  0.729518912013154E+002  0.868765164360850E+005 -0.707267389214830E+002  0.163690550473252E+005  0.233829154792940E+003  0.100000000000000E+001  0.000000000000000E+000  0.000000000000000E+000  0.000000000000000E+000  0.100000000000000E+001  0.000000000000000E+000  0.000000000000000E+000  0.000000000000000E+000  0.100000000000000E+001  0.590000000000000E+001  0.000000000000000E+000 -0.500000000000000E+000
  0.121875000000000E+001  0.207618769854837E+005  0.718946611499996E+002  0.868727177390706E+005 -0.714982476612786E+002  0.163717142815561E+005  0.234792625487084E+003  0.100000000000000E+001  0.000000000000000E+000  0.000000000000000E+000  0.000000000000000E+000  0.100000000000000E+001  0.000000000000000E+000  0.000000000000000E+000  0.000000000000000E+000  0.100000000000000E+001  0.590000000000000E+001  0.000000000000000E+000 -0.500000000000000E+000
  0.122187500000000E+001  0.207616603735883E+005  0.688199190421728E+002  0.868733751617102E+005 -0.683311917427345E+002  0.163713234118592E+005  0.223822164235404E+003  0.100000000000000E+001  0.000000000000000E+000  0.000000000000000E+000  0.000000000000000E+000  0.100000000000000E+001  0.000000000000000E+000  0.000000000000000E+000  0.000000000000000E+000  0.100000000000000E+001  0.590000000000000E+001  0.000000000000000E+000 -0.500000000000000E+000
  0.122500000000000E+001  0.207608151885866E+005  0.711276851369767E+002  0.868746875641219E+005 -0.696612649702001E+002  0.163715652032358E+005  0.232362781617092E+003  0.100000000000000E+001  0.000000000000000E+000  0.000000000000000E+000  0.000000000000000E+000  0.100000000000000E+001  0.000000000000000E+000  0.000000000000000E+000  0.000000000000000E+000  0.100000000000000E+001  0.590000000000000E+001  0.000000000000000E+000 -0.500000000000000E+000
  0.122812500000000E+001  0.207600184940786E+005  0.767948248137836E+002  0.868746834426720E+005 -0.753871709577506E+002  0.163727238031533E+005  0.251914903743193E+003  0.100000000000000E+001  0.000000000000000E+000  0.000000000000000E+000  0.000000000000000E+000  0.100000000000000E+001  0.000000000000000E+000  0.000000000000000E+000  0.000000000000000E+000  0.100000000000000E+001  0.590000000000000E+001  0.000000000000000E+000 -0.500000000000000E+000
  0.123125000000000E+001  0.207594025398606E+005  0.833663307307870E+002  0.868753484914276E+005 -0.819828839119873E+002  0.163722592635349E+005  0.274258313716622E+003  0.100000000000000E+001  0.000000000000000E+000  0.000000000000000E+000  0.000000000000000E+000  0.100000000000000E+001  0.000000000000000E+000  0.000000000000000E+000  0.000000000000000E+000  0.100000000000000E+001  0.590000000000000E+001  0.000000000000000E+000 -0.500000000000000E+000
  0.123437500000000E+001  0.207589236824308E+005  0.879327134362538E+002  0.868748455457250E+005 -0.860862647092436E+002  0.163724106302260E+005  0.286318146214588E+003  0.100000000000000E+001  0.000000000000000E+000  0.000000000000000E+000  0.000000000000000E+000  0.100000000000000E+001  0.000000000000000E+000  0.000000000000000E+000  0.000000000000000E+000  0.100000000000000E+001  0.590000000000000E+001  0.000000000000000E+000 -0.500000000000000E+000
  0.123750000000000E+001  0.207590966455539E+005  0.853519860044471E+002  0.868736656769308E+005 -0.847475080196164E+002  0.163734600079991E+005  0.278154901004164E+003  0.100000000000000E+001  0.000000000000000E+000  0.000000000000000E+000  0.000000000000000E+000  0.100000000000000E+001  0.000000000000000E+000  0.000000000000000E+000  0.000000000000000E+000  0.100000000000000E+001  0.590000000000000E+001  0.000000000000000E+000 -0.500000000000000E+000
  0.124062500000000E+001  0.207597858800792E+005  0.783410165013047E+002  0.868743978747322E+005 -0.785039583187900E+002  0.163719202312894E+005  0.255327764233807E+003  0.100000000000000E+001  0.000000000000000E+000  0.000000000000000E+000  0.000000000000000E+000  0.100000000000000E+001  0.000000000000000E+000  0.000000000000000E+000  0.000000000000000E+000  0.100000000000000E+001  0.590000000000000E+001  0.000000000000000E+000 -0.500000000000000E+000
  0.124375000000000E+001  0.207596927363996E+005  0.754309318519081E+002  0.868754543915937E+005 -0.744960746889119E+002  0.163712376969510E+005  0.244299470575294E+003  0.100000000000000E+001  0.000000000000000E+000  0.000000000000000E+000  0.000000000000000E+000  0.100000000000000E+001  0.000000000000000E+000  0.000000000000000E+000  0.000000000000000E+000  0.100000000000000E+001  0.590000000000000E+001  0.000000000000000E+000 -0.500000000000000E+000
  0.124687500000000E+001  0.207589748979250E+005  0.786073163840920E+002  0.868761853159957E+005 -0.775580193313654E+002  0.163721471061306E+005  0.257648653273005E+003  0.100000000000000E+001  0.000000000000000E+000  0.000000000000000E+000  0.000000000000000E+000  0.100000000000000E+001  0.000000000000000E+000  0.000000000000000E+000  0.000000000000000E+000  0.100000000000000E+001  0.590000000000000E+001  0.000000000000000E+000 -0.500000000000000E+000
  0.125000000000000E+001  0.207589950056719E+005  0.778227391610853E+002  0.868749494337264E+005 -0.775415008078562E+002  0.163725132072413E+005  0.253897869968554E+003  0.100000000000000E+001  0.000000000000000E+000  0.000000000000000E+000  0.000000000000000E+000  0.100000000000000E+001  0.000000000000000E+000  0.000000000000000E+000  0.000000000000000E+000  0.100000000000000E+001  0.590000000000000E+001  0.000000000000000E+000 -0.500000000000000E+000
  0.125312500000000E+001  0.207585430755682E+005  0.811473022997961E+002  0.868775781239505E+005 -0.799595754655311E+002  0.163705065442498E+005  0.266432291777804E+003  0.100000000000000E+001  0.000000000000000E+000  0.000000000000000E+000  0.000000000000000E+000  0.100000000000000E+001  0.000000000000000E+000  0.000000000000000E+000  0.000000000000000E+000  0.100000000000000E+001  0.590000000000000E+001  0.000000000000000E+000 -0.500000000000000E+000
  0.125625000000000E+001  0.207586195593827E+005  0.802916265249369E+002  0.868751577955757E+005 -0.800649899844429E+002  0.163731805790124E+005  0.261996084058192E+003  0.100000000000000E+001  0.000000000000000E+000  0.000000000000000E+000  0.000000000000000E+000  0.100000000000000E+001  0.000000000000000E+000  0.000000000000000E+000  0.000000000000000E+000  0.100000000000000E+001  0.590000000000000E+001  0.000000000000000E+000 -0.500000000000000E+000
  0.125937500000000E+001  0.207587909538368E+005  0.758836749653565E+002  0.868755976084613E+005 -0.753406631813268E+002  0.163719345841257E+005  0.245464815275511E+003  0.100000000000000E+001  0.000000000000000E+000  0.000000000000000E+000  0.000000000000000E+000  0.100000000000000E+001  0.000000000000000E+000  0.000000000000000E+000  0.000000000000000E+000  0.100000000000000E+001  0.590000000000000E+001  0.000000000000000E+000 -0.500000000000000E+000
  0.126250000000000E+001  0.207593718198334E+005  0.698443204120267E+002  0.868755862904035E+005 -0.704165945084533E+002  0.163719519762064E+005  0.228162975260988E+003  0.100000000000000E+001  0.000000000000000E+000  0.000000000000000E+000  0.000000000000000E+000  0.100000000000000E+001  0.000000000000000E+000  0.000000000000000E+000  0.000000000000000E+000  0.100000000000000E+001  0.590000000000000E+001  0.000000000000000E+000 -0.500000000000000E+000
  0.126562500000000E+001  0.207597636357907E+005  0.633220943832421E+002  0.868754293304763E+005 -0.637639554866473E+002  0.163717235493799E+005  0.204316765180556E+003  0.100000000000000E+001  0.000000000000000E+000  0.000000000000000E+000  0.000000000000000E+000  0.100000000000000E+001  0.000000000000000E+000  0.000000000000000E+000  0.000000000000000E+000  0.100000000000000E+001  0.590000000000000E+001  0.000000000000000E+000 -0.500000000000000E+000
  0.126875000000000E+001  0.207594912382684E+005  0.633325885758386E+002  0.868769301676167E+005 -0.629799044677638E+002  0.163705984734293E+005  0.206561654478777E+003  0.100000000000000E+001  0.000000000000000E+000  0.000000000000000E+000  0.000000000000000E+000  0.100000000000000E+001  0.000000000000000E+000  0.000000000000000E+000  0.000000000000000E+000  0.100000000000000E+001  0.590000000000000E+001  0.000000000000000E+000 -0.500000000000000E+000
  0.127187500000000E+001  0.207592301288176E+005  0.636414657240966E+002  0.868755453649075E+005 -0.639409327022149E+002  0.163727196013190E+005  0.208075062975055E+003  0.100000000000000E+001  0.000000000000000E+000  0.000000000000000E+000  0.000000000000000E+000  0.100000000000000E+001  0.000000000000000E+000  0.000000000000000E+000  0.000000000000000E+000  0.100000000000000E+001  0.590000000000000E+001  0.000000000000000E+000 -0.500000000000000E+000
  0.127500000000000E+001  0.207590448787756E+005  0.659897500633379E+002  0.868791565693247E+005 -0.673537602788419E+002  0.163696128605095E+005  0.220954574753530E+003  0.100000000000000E+001  0.000000000000000E+000  0.000000000000000E+000  0.000000000000000E+000  0.100000000000000E+001  0.000000000000000E+000  0.000000000000000E+000  0.000000000000000E+000  0.100000000000000E+001  0.590000000000000E+001  0.000000000000000E+000 -0.500000000000000E+000
  0.127812500000000E+001  0.207590972486119E+005  0.671025444064289E+002  0.868765043420896E+005 -0.676137369152275E+002  0.163716562967457E+005  0.219171244754456E+003  0.100000000000000E+001  0.000000000000000E+000  0.000000000000000E+000  0.000000000000000E+000  0.100000000000000E+001  0.000000000000000E+000  0.000000000000000E+000  0.000000000000000E+000  0.100000000000000E+001  0.590000000000000E+001  0.000000000000000E+000 -0.500000000000000E+000
  0.128125000000000E+001  0.207589495032552E+005  0.701236748285592E+002  0.868773336658217E+005 -0.699976509809494E+002  0.163705333669031E+005  0.229355402988847E+003  0.100000000000000E+001  0.000000000000000E+000  0.000000000000000E+000  0.000000000000000E+000  0.100000000000000E+001  0.000000000000000E+000  0.000000000000000E+000  0.000000000000000E+000  0.100000000000000E+001  0.590000000000000E+001  0.000000000000000E+000 -0.500000000000000E+000
  0.128437500000000E+001  0.207581475179205E+005  0.772550995897618E+002  0.868770552254699E+005 -0.766855227875058E+002  0.163721096576899E+005  0.253592563735554E+003  0.100000000000000E+001  0.000000000000000E+000  0.000000000000000E+000  0.000000000000000E+000  0.100000000000000E+001  0.000000000000000E+000  0.000000000000000E+000  0.000000000000000E+000  0.100000000000000E+001  0.590000000000000E+001  0.000000000000000E+000 -0.500000000000000E+000
  0.128750000000000E+001  0.207575769206767E+005  0.845980056656990E+002  0.868769838271358E+005 -0.837317713291850E+002  0.163719378239532E+005  0.277491694186116E+003  0.100000000000000E+001  0.000000000000000E+000  0.000000000000000E+000  0.000000000000000E+000  0.100000000000000E+001  0.000000000000000E+000  0.000000000000000E+000  0.000000000000000E+000  0.100000000000000E+001  0.590000000000000E+001  0.000000000000000E+000 -0.500000000000000E+000
  0.129062500000000E+001  0.207577363064692E+005  0.847469344837591E+002  0.868752570714341E+005 -0.847990398752736E+002  0.163732384679263E+005  0.276807890346041E+003  0.100000000000000E+001  0.000000000000000E+000  0.000000000000000E+000  0.000000000000000E+000  0.100000000000000E+001  0.000000000000000E+000  0.000000000000000E+000  0.000000000000000E+000  0.100000000000000E+001  0.590000000000000E+001  0.000000000000000E+000 -0.500000000000000E+000
  0.129375000000000E+001  0.207584862825015E+005  0.787275652796379E+002  0.868751541923724E+005 -0.792727174736210E+002  0.163720790180946E+005  0.255837047753390E+003  0.100000000000000E+001  0.000000000000000E+000  0.000000000000000E+000  0.000000000000000E+000  0.100000000000000E+001  0.000000000000000E+000  0.000000000000000E+000  0.000000000000000E+000  0.100000000000000E+001  0.590000000000000E+001  0.000000000000000E+000 -0.500000000000000E+000
  0.129687500000000E+001  0.207579873983583E+005  0.808021772949724E+002  0.868777228007807E+005 -0.803623022642569E+002  0.163717414312861E+005  0.265559734769166E+003  0.100000000000000E+001  0.000000000000000E+000  0.000000000000000E+000  0.000000000000000E+000  0.100000000000000E+001  0.000000000000000E+000  0.000000000000000E+000  0.000000000000000E+000  0.100000000000000E+001  0.590000000000000E+001  0.000000000000000E+000 -0.500000000000000E+000
  0.130000000000000E+001  0.207580760427571E+005  0.804720110209892E+002  0.868758739075392E+005 -0.808382608705433E+002  0.163734125129879E+005  0.262886062132893E+003  0.100000000000000E+001  0.000000000000000E+000  0.000000000000000E+000  0.000000000000000E+000  0.100000000000000E+001  0.000000000000000E+000  0.000000000000000E+000  0.000000000000000E+000  0.100000000000000E+001  0.590000000000000E+001  0.000000000000000E+000 -0.500000000000000E+000
  0.130312500000000E+001  0.207576973376709E+005  0.830357922494295E+002  0.868776445208094E+005 -0.818915796156507E+002  0.163709804499922E+005  0.270059605438728E+003  0.100000000000000E+001  0.000000000000000E+000  0.000000000000000E+000  0.000000000000000E+000  0.100000000000000E+001  0.000000000000000E+000  0.000000000000000E+000  0.000000000000000E+000  0.100000000000000E+001  0.590000000000000E+001  0.000000000000000E+000 -0.500000000000000E+000
  0.130625000000000E+001  0.207572492250430E+005  0.880070737914648E+002  0.868769984762634E+005 -0.871268514363328E+002  0.163725412970149E+005  0.288585418533534E+003  0.100000000000000E+001  0.000000000000000E+000  0.000000000000000E+000  0.000000000000000E+000  0.100000000000000E+001  0.000000000000000E+000  0.000000000000000E+000  0.000000000000000E+000  0.100000000000000E+001  0.590000000000000E+001  0.000000000000000E+000 -0.500000000000000E+000
  0.130937500000000E+001  0.207574412435077E+005  0.875508856169763E+002  0.868757502150166E+005 -0.876017902742606E+002  0.163731633831847E+005  0.286073674611514E+003  0.100000000000000E+001  0.000000000000000E+000  0.000000000000000E+000  0.000000000000000E+000  0.100000000000000E+001  0.000000000000000E+000  0.000000000000000E+000  0.000000000000000E+000  0.100000000000000E+001  0.590000000000000E+001  0.000000000000000E+000 -0.500000000000000E+000
  0.131250000000000E+001  0.207571755898012E+005  0.895404555284767E+002  0.868774655653473E+005 -0.884461473822594E+002  0.163715416984882E+005  0.292503362616524E+003  0.100000000000000E+001  0.000000000000000E+000  0.000000000000000E+000  0.000000000000000E+000  0.100000000000000E+001  0.000000000000000E+000  0.000000000000000E+000  0.000000000000000E+000  0.100000000000000E+001  0.590000000000000E+001  0.000000000000000E+000 -0.500000000000000E+000
  0.131562500000000E+001  0.207574239985706E+005  0.875432852695812E+002  0.868754902410145E+005 -0.876991362835979E+002  0.163739660158740E+005  0.285983822287992E+003  0.100000000000000E+001  0.000000000000000E+000  0.000000000000000E+000  0.000000000000000E+000  0.100000000000000E+001  0.000000000000000E+000  0.000000000000000E+000  0.000000000000000E+000  0.100000000000000E+001  0.590000000000000E+001  0.000000000000000E+000 -0.500000000000000E+000
  0.131875000000000E+001  0.207577389966715E+005  0.841344374460168E+002  0.868766384879230E+005 -0.843955999636673E+002  0.163724147633232E+005  0.275115120042348E+003  0.100000000000000E+001  0.000000000000000E+000  0.000000000000000E+000  0.000000000000000E+000  0.100000000000000E+001  0.000000000000000E+000  0.000000000000000E+000  0.000000000000000E+000  0.100000000000000E+001  0.590000000000000E+001  0.000000000000000E+000 -0.500000000000000E+000
  0.132187500000000E+001  0.207585004130355E+005  0.749279910317855E+002  0.868752336832363E+005 -0.758026232858538E+002  0.163762127715492E+005  0.244711563576013E+003  0.100000000000000E+001  0.000000000000000E+000  0.000000000000000E+000  0.000000000000000E+000  0.100000000000000E+001  0.000000000000000E+000  0.000000000000000E+000  0.000000000000000E+000  0.100000000000000E+001  0.590000000000000E+001  0.000000000000000E+000 -0.500000000000000E+000
  0.132500000000000E+001  0.207582091978442E+005  0.778986230486189E+002  0.868779157766376E+005 -0.777582455184893E+002  0.163707721313475E+005  0.254088968242286E+003  0.100000000000000E+001  0.000000000000000E+000  0.000000000000000E+000  0.000000000000000E+000  0.100000000000000E+001  0.000000000000000E+000  0.000000000000000E+000  0.000000000000000E+000  0.100000000000000E+001  0.590000000000000E+001  0.000000000000000E+000 -0.500000000000000E+000
  0.132812500000000E+001  0.207574763799094E+005  0.838358958664467E+002  0.868774178946862E+005 -0.830704845610890E+002  0.163722909769371E+005  0.273610480111791E+003  0.100000000000000E+001  0.000000000000000E+000  0.000000000000000E+000  0.000000000000000E+000  0.100000000000000E+001  0.000000000000000E+000  0.000000000000000E+000  0.000000000000000E+000  0.100000000000000E+001  0.590000000000000E+001  0.000000000000000E+000 -0.500000000000000E+000
  0.133125000000000E+001  0.207569828977397E+005  0.902867073910893E+002  0.868777853853000E+005 -0.894287446122617E+002  0.163717256189516E+005  0.296146463704295E+003  0.100000000000000E+001  0.000000000000000E+000  0.000000000000000E+000  0.000000000000000E+000  0.100000000000000E+001  0.000000000000000E+000  0.000000000000000E+000  0.000000000000000E+000  0.100000000000000E+001  0.590000000000000E+001  0.000000000000000E+000 -0.500000000000000E+000
  0.133437500000000E+001  0.207571696980197E+005  0.897228112960001E+002  0.868760483144302E+005 -0.897582393540069E+002  0.163731498389627E+005  0.292931384040741E+003  0.100000000000000E+001  0.000000000000000E+000  0.000000000000000E+000  0.000000000000000E+000  0.100000000000000E+001  0.000000000000000E+000  0.000000000000000E+000  0.000000000000000E+000  0.100000000000000E+001  0.590000000000000E+001  0.000000000000000E+000 -0.500000000000000E+000
  0.133750000000000E+001  0.207569231179676E+005  0.920902907894342E+002  0.868780901940979E+005 -0.911864069257863E+002  0.163716386695831E+005  0.301858808763791E+003  0.100000000000000E+001  0.000000000000000E+000  0.000000000000000E+000  0.000000000000000E+000  0.100000000000000E+001  0.000000000000000E+000  0.000000000000000E+000  0.000000000000000E+000  0.100000000000000E+001  0.590000000000000E+001  0.000000000000000E+000 -0.500000000000000E+000
  0.134062500000000E+001  0.207566204573782E+005  0.953398273868370E+002  0.868768395368255E+005 -0.941073058073525E+002  0.163732827736500E+005  0.310598896335810E+003  0.100000000000000E+001  0.000000000000000E+000  0.000000000000000E+000  0.000000000000000E+000  0.100000000000000E+001  0.000000000000000E+000  0.000000000000000E+000  0.000000000000000E+000  0.100000000000000E+001  0.590000000000000E+001  0.000000000000000E+000 -0.500000000000000E+000
  0.134375000000000E+001  0.207569385844380E+005  0.927062181851943E+002  0.868756134888891E+005 -0.925920504446840E+002  0.163738564917007E+005  0.302280455440283E+003  0.100000000000000E+001  0.000000000000000E+000  0.000000000000000E+000  0.000000000000000E+000  0.100000000000000E+001  0.000000000000000E+000  0.000000000000000E+000  0.000000000000000E+000  0.100000000000000E+001  0.590000000000000E+001  0.000000000000000E+000 -0.500000000000000E+000
  0.134687500000000E+001  0.207567481011700E+005  0.934627304872847E+002  0.868776297382053E+005 -0.922855369172175E+002  0.163719619516451E+005  0.305044682148611E+003  0.100000000000000E+001  0.000000000000000E+000  0.000000000000000E+000  0.000000000000000E+000  0.100000000000000E+001  0.000000000000000E+000  0.000000000000000E+000  0.000000000000000E+000  0.100000000000000E+001  0.590000000000000E+001  0.000000000000000E+000 -0.500000000000000E+000
  0.135000000000000E+001  0.207570412175956E+005  0.913213687937823E+002  0.868760365617279E+005 -0.916054614754976E+002  0.163742688301560E+005  0.299305635482073E+003  0.100000000000000E+001  0.000000000000000E+000  0.000000000000000E+000  0.000000000000000E+000  0.100000000000000E+001  0.000000000000000E+000  0.000000000000000E+000  0.000000000000000E+000  0.100000000000000E+001  0.590000000000000E+001  0.000000000000000E+000 -0.500000000000000E+000
  0.135312500000000E+001  0.207568242415316E+005  0.922680231437553E+002  0.868779264212259E+005 -0.909720339170308E+002  0.163717499562700E+005  0.299929955105297E+003  0.100000000000000E+001  0.000000000000000E+000  0.000000000000000E+000  0.000000000000000E+000  0.100000000000000E+001  0.000000000000000E+000  0.000000000000000E+000  0.000000000000000E+000  0.100000000000000E+001  0.590000000000000E+001  0.000000000000000E+000 -0.500000000000000E+000
  0.135625000000000E+001  0.207570839799597E+005  0.891952248341986E+002  0.868757182054630E+005 -0.892253763662302E+002  0.163742677752861E+005  0.290849149469752E+003  0.100000000000000E+001  0.000000000000000E+000  0.000000000000000E+000  0.000000000000000E+000  0.100000000000000E+001  0.000000000000000E+000  0.000000000000000E+000  0.000000000000000E+000  0.100000000000000E+001  0.590000000000000E+001  0.000000000000000E+000 -0.500000000000000E+000
  0.135937500000000E+001  0.207574065813530E+005  0.845933799688937E+002  0.868766123662589E+005 -0.845904318172834E+002  0.163727465136837E+005  0.275227478532353E+003  0.100000000000000E+001  0.000000000000000E+000  0.000000000000000E+000  0.000000000000000E+000  0.100000000000000E+001  0.000000000000000E+000  0.000000000000000E+000  0.000000000000000E+000  0.100000000000000E+001  0.590000000000000E+001  0.000000000000000E+000 -0.500000000000000E+000
  0.136250000000000E+001  0.207575764264333E+005  0.833825215743273E+002  0.868771502604514E+005 -0.829124682167894E+002  0.163718774857844E+005  0.271687875060365E+003  0.100000000000000E+001  0.000000000000000E+000  0.000000000000000E+000  0.000000000000000E+000  0.100000000000000E+001  0.000000000000000E+000  0.000000000000000E+000  0.000000000000000E+000  0.100000000000000E+001  0.590000000000000E+001  0.000000000000000E+000 -0.500000000000000E+000
  0.136562500000000E+001  0.207570390941088E+005  0.872982560478267E+002  0.868773288541312E+005 -0.865675066539552E+002  0.163729880240127E+005  0.285989902452566E+003  0.100000000000000E+001  0.000000000000000E+000  0.000000000000000E+000  0.000000000000000E+000  0.100000000000000E+001  0.000000000000000E+000  0.000000000000000E+000  0.000000000000000E+000  0.100000000000000E+001  0.590000000000000E+001  0.000000000000000E+000 -0.500000000000000E+000
  0.136875000000000E+001  0.207566388840878E+005  0.924715392329963E+002  0.868775971256522E+005 -0.915108993042959E+002  0.163723991560132E+005  0.302959437910002E+003  0.100000000000000E+001  0.000000000000000E+000  0.000000000000000E+000  0.000000000000000E+000  0.100000000000000E+001  0.000000000000000E+000  0.000000000000000E+000  0.000000000000000E+000  0.100000000000000E+001  0.590000000000000E+001  0.000000000000000E+000 -0.500000000000000E+000
  0.137187500000000E+001  0.207569182400436E+005  0.909426928797620E+002  0.868758020130183E+005 -0.908959011419793E+002  0.163736393988918E+005  0.296662207507528E+003  0.100000000000000E+001  0.000000000000000E+000  0.000000000000000E+000  0.000000000000000E+000  0.100000000000000E+001  0.000000000000000E+000  0.000000000000000E+000  0.000000000000000E+000  0.100000000000000E+001  0.590000000000000E+001  0.000000000000000E+000 -0.500000000000000E+000
  0.137500000000000E+001  0.207572888369209E+005  0.862072182124248E+002  0.868764217049600E+005 -0.862252817017143E+002  0.163728139034396E+005  0.280651902483078E+003  0.100000000000000E+001  0.000000000000000E+000  0.000000000000000E+000  0.000000000000000E+000  0.100000000000000E+001  0.000000000000000E+000  0.000000000000000E+000  0.000000000000000E+000  0.100000000000000E+001  0.590000000000000E+001  0.000000000000000E+000 -0.500000000000000E+000
  0.137812500000000E+001  0.207570411534058E+005  0.873078971765935E+002  0.868778795588371E+005 -0.863931924145436E+002  0.163723008632097E+005  0.285221262861276E+003  0.100000000000000E+001  0.000000000000000E+000  0.000000000000000E+000  0.000000000000000E+000  0.100000000000000E+001  0.000000000000000E+000  0.000000000000000E+000  0.000000000000000E+000  0.100000000000000E+001  0.590000000000000E+001  0.000000000000000E+000 -0.500000000000000E+000
  0.138125000000000E+001  0.207572529049971E+005  0.864020986938849E+002  0.868763803587548E+005 -0.867625570012024E+002  0.163740251182799E+005  0.283204793001525E+003  0.100000000000000E+001  0.000000000000000E+000  0.000000000000000E+000  0.000000000000000E+000  0.100000000000000E+001  0.000000000000000E+000  0.000000000000000E+000  0.000000000000000E+000  0.100000000000000E+001  0.590000000000000E+001  0.000000000000000E+000 -0.500000000000000E+000
  0.138437500000000E+001  0.207575394163955E+005  0.821771436640993E+002  0.868763213877612E+005 -0.819786031933036E+002  0.163726723071467E+005  0.265776086409809E+003  0.100000000000000E+001  0.000000000000000E+000  0.000000000000000E+000  0.000000000000000E+000  0.100000000000000E+001  0.000000000000000E+000  0.000000000000000E+000  0.000000000000000E+000  0.100000000000000E+001  0.590000000000000E+001  0.000000000000000E+000 -0.500000000000000E+000
  0.138750000000000E+001  0.207582399017950E+005  0.750727814756101E+002  0.868757198033169E+005 -0.757536720555509E+002  0.163727262265009E+005  0.243735545617063E+003  0.100000000000000E+001  0.000000000000000E+000  0.000000000000000E+000  0.000000000000000E+000  0.100000000000000E+001  0.000000000000000E+000  0.000000000000000E+000  0.000000000000000E+000  0.100000000000000E+001  0.590000000000000E+001  0.000000000000000E+000 -0.500000000000000E+000
  0.139062500000000E+001  0.207581659964632E+005  0.746651663434459E+002  0.868773770569699E+005 -0.745599931726465E+002  0.163714256293250E+005  0.243687278158497E+003  0.100000000000000E+001  0.000000000000000E+000  0.000000000000000E+000  0.000000000000000E+000  0.100000000000000E+001  0.000000000000000E+000  0.000000000000000E+000  0.000000000000000E+000  0.100000000000000E+001  0.590000000000000E+001  0.000000000000000E+000 -0.500000000000000E+000
  0.139375000000000E+001  0.207574811679542E+005  0.800668241432868E+002  0.868776620559664E+005 -0.795733247145545E+002  0.163724246296736E+005  0.262767203255789E+003  0.100000000000000E+001  0.000000000000000E+000  0.000000000000000E+000  0.000000000000000E+000  0.100000000000000E+001  0.000000000000000E+000  0.000000000000000E+000  0.000000000000000E+000  0.100000000000000E+001  0.590000000000000E+001  0.000000000000000E+000 -0.500000000000000E+000
  0.139687500000000E+001  0.207575811264335E+005  0.804409324094886E+002  0.868760321346079E+005 -0.806415179418982E+002  0.163730279969551E+005  0.262609150175704E+003  0.100000000000000E+001  0.000000000000000E+000  0.000000000000000E+000  0.000000000000000E+000  0.100000000000000E+001  0.000000000000000E+000  0.000000000000000E+000  0.000000000000000E+000  0.100000000000000E+001  0.590000000000000E+001  0.000000000000000E+000 -0.500000000000000E+000
  0.140000000000000E+001  0.207582731665458E+005  0.752208138071583E+002  0.868758686277711E+005 -0.758679254480521E+002  0.163717872829524E+005  0.244449025249342E+003  0.100000000000000E+001  0.000000000000000E+000  0.000000000000000E+000  0.000000000000000E+000  0.100000000000000E+001  0.000000000000000E+000  0.000000000000000E+000  0.000000000000000E+000  0.100000000000000E+001  0.590000000000000E+001  0.000000000000000E+000 -0.500000000000000E+000

