 # Integral loads: N.components: 1
 #                 Ref.sys     : 0
 #                 Components  : right_wing
 #  t , Fx , Fy , Fz , Mx , My , Mz , ref_mat(9) , ref_off(3) 
  0.000000000000000E+000  0.166279431221670E+000  0.101191351885570E+000  0.275029096111766E+001  0.440392341154921E+001 -0.692802305693650E+000 -0.114659768461705E+000  0.100000000000000E+001  0.000000000000000E+000  0.000000000000000E+000  0.000000000000000E+000  0.100000000000000E+001  0.000000000000000E+000  0.000000000000000E+000  0.000000000000000E+000  0.100000000000000E+001  0.000000000000000E+000  0.000000000000000E+000  0.000000000000000E+000
  0.500000000000000E+000 -0.954363226454555E-001  0.229848991008098E+000  0.114611926955236E+001  0.206059473992477E+001 -0.434790520154907E+000  0.103629753384804E+000  0.100000000000000E+001  0.000000000000000E+000  0.000000000000000E+000  0.000000000000000E+000  0.100000000000000E+001  0.000000000000000E+000  0.000000000000000E+000  0.000000000000000E+000  0.100000000000000E+001  0.000000000000000E+000  0.000000000000000E+000  0.000000000000000E+000
  0.100000000000000E+001 -0.945188165347417E-001  0.235665062273186E+000  0.114873243493336E+001  0.202470438425381E+001 -0.394495391861826E+000  0.107544281753310E+000  0.100000000000000E+001  0.000000000000000E+000  0.000000000000000E+000  0.000000000000000E+000  0.100000000000000E+001  0.000000000000000E+000  0.000000000000000E+000  0.000000000000000E+000  0.100000000000000E+001  0.000000000000000E+000  0.000000000000000E+000  0.000000000000000E+000
  0.150000000000000E+001 -0.947143464825845E-001  0.239949473455749E+000  0.117749069142256E+001  0.205896869967557E+001 -0.399193301130617E+000  0.112339803567024E+000  0.100000000000000E+001  0.000000000000000E+000  0.000000000000000E+000  0.000000000000000E+000  0.100000000000000E+001  0.000000000000000E+000  0.000000000000000E+000  0.000000000000000E+000  0.100000000000000E+001  0.000000000000000E+000  0.000000000000000E+000  0.000000000000000E+000
  0.200000000000000E+001 -0.950682919511523E-001  0.243339714359297E+000  0.120560588049575E+001  0.210304201949908E+001 -0.411528038583676E+000  0.116735926262434E+000  0.100000000000000E+001  0.000000000000000E+000  0.000000000000000E+000  0.000000000000000E+000  0.100000000000000E+001  0.000000000000000E+000  0.000000000000000E+000  0.000000000000000E+000  0.100000000000000E+001  0.000000000000000E+000  0.000000000000000E+000  0.000000000000000E+000
  0.250000000000000E+001 -0.954232451572010E-001  0.246034575943187E+000  0.122866309224141E+001  0.214155438267188E+001 -0.422763376033005E+000  0.120387593882160E+000  0.100000000000000E+001  0.000000000000000E+000  0.000000000000000E+000  0.000000000000000E+000  0.100000000000000E+001  0.000000000000000E+000  0.000000000000000E+000  0.000000000000000E+000  0.100000000000000E+001  0.000000000000000E+000  0.000000000000000E+000  0.000000000000000E+000
  0.300000000000000E+001 -0.957372111690555E-001  0.248204242377740E+000  0.124737437764974E+001  0.217327138114345E+001 -0.431939649796761E+000  0.123335667566532E+000  0.100000000000000E+001  0.000000000000000E+000  0.000000000000000E+000  0.000000000000000E+000  0.100000000000000E+001  0.000000000000000E+000  0.000000000000000E+000  0.000000000000000E+000  0.100000000000000E+001  0.000000000000000E+000  0.000000000000000E+000  0.000000000000000E+000
  0.350000000000000E+001 -0.960154076059163E-001  0.249973127120485E+000  0.126271475411588E+001  0.219949805109490E+001 -0.439428444477732E+000  0.125734011975741E+000  0.100000000000000E+001  0.000000000000000E+000  0.000000000000000E+000  0.000000000000000E+000  0.100000000000000E+001  0.000000000000000E+000  0.000000000000000E+000  0.000000000000000E+000  0.100000000000000E+001  0.000000000000000E+000  0.000000000000000E+000  0.000000000000000E+000
  0.400000000000000E+001 -0.962637011714377E-001  0.251431923283131E+000  0.127541176949233E+001  0.222141094559850E+001 -0.445621307628457E+000  0.127711236646442E+000  0.100000000000000E+001  0.000000000000000E+000  0.000000000000000E+000  0.000000000000000E+000  0.100000000000000E+001  0.000000000000000E+000  0.000000000000000E+000  0.000000000000000E+000  0.100000000000000E+001  0.000000000000000E+000  0.000000000000000E+000  0.000000000000000E+000
  0.450000000000000E+001 -0.964858144963037E-001  0.252647645989989E+000  0.128602273893030E+001  0.223988604431839E+001 -0.450798500464832E+000  0.129360032922754E+000  0.100000000000000E+001  0.000000000000000E+000  0.000000000000000E+000  0.000000000000000E+000  0.100000000000000E+001  0.000000000000000E+000  0.000000000000000E+000  0.000000000000000E+000  0.100000000000000E+001  0.000000000000000E+000  0.000000000000000E+000  0.000000000000000E+000
  0.500000000000000E+001 -0.966845748023403E-001  0.253670446929640E+000  0.129496737726683E+001  0.225557923084082E+001 -0.455161763374939E+000  0.130748185581491E+000  0.100000000000000E+001  0.000000000000000E+000  0.000000000000000E+000  0.000000000000000E+000  0.100000000000000E+001  0.000000000000000E+000  0.000000000000000E+000  0.000000000000000E+000  0.100000000000000E+001  0.000000000000000E+000  0.000000000000000E+000  0.000000000000000E+000
  0.550000000000000E+001 -0.968625164453207E-001  0.254538410752689E+000  0.130256775758914E+001  0.226900078813470E+001 -0.458865094709462E+000  0.131926884541867E+000  0.100000000000000E+001  0.000000000000000E+000  0.000000000000000E+000  0.000000000000000E+000  0.100000000000000E+001  0.000000000000000E+000  0.000000000000000E+000  0.000000000000000E+000  0.100000000000000E+001  0.000000000000000E+000  0.000000000000000E+000  0.000000000000000E+000
  0.600000000000000E+001 -0.970220015948542E-001  0.255280827082321E+000  0.130907444032897E+001  0.228055491778973E+001 -0.462029551355809E+000  0.132935587890909E+000  0.100000000000000E+001  0.000000000000000E+000  0.000000000000000E+000  0.000000000000000E+000  0.100000000000000E+001  0.000000000000000E+000  0.000000000000000E+000  0.000000000000000E+000  0.100000000000000E+001  0.000000000000000E+000  0.000000000000000E+000  0.000000000000000E+000
  0.650000000000000E+001 -0.971651856185705E-001  0.255920493846599E+000  0.131468401397519E+001  0.229056387577475E+001 -0.464751153984578E+000  0.133805077627217E+000  0.100000000000000E+001  0.000000000000000E+000  0.000000000000000E+000  0.000000000000000E+000  0.100000000000000E+001  0.000000000000000E+000  0.000000000000000E+000  0.000000000000000E+000  0.100000000000000E+001  0.000000000000000E+000  0.000000000000000E+000  0.000000000000000E+000
  0.700000000000000E+001 -0.972939995755486E-001  0.256475344522472E+000  0.131955190705244E+001  0.229928585495872E+001 -0.467106413422498E+000  0.134559599213315E+000  0.100000000000000E+001  0.000000000000000E+000  0.000000000000000E+000  0.000000000000000E+000  0.100000000000000E+001  0.000000000000000E+000  0.000000000000000E+000  0.000000000000000E+000  0.100000000000000E+001  0.000000000000000E+000  0.000000000000000E+000  0.000000000000000E+000
  0.750000000000000E+001 -0.974152874383452E-001  0.256967405438341E+000  0.132400017788330E+001  0.230728977525999E+001 -0.469243853009200E+000  0.135234155039841E+000  0.100000000000000E+001  0.000000000000000E+000  0.000000000000000E+000  0.000000000000000E+000  0.100000000000000E+001  0.000000000000000E+000  0.000000000000000E+000  0.000000000000000E+000  0.100000000000000E+001  0.000000000000000E+000  0.000000000000000E+000  0.000000000000000E+000
  0.800000000000000E+001 -0.975453792879844E-001  0.257429136846635E+000  0.132855293853504E+001  0.231561880717578E+001 -0.471442155400239E+000  0.135892520883649E+000  0.100000000000000E+001  0.000000000000000E+000  0.000000000000000E+000  0.000000000000000E+000  0.100000000000000E+001  0.000000000000000E+000  0.000000000000000E+000  0.000000000000000E+000  0.100000000000000E+001  0.000000000000000E+000  0.000000000000000E+000  0.000000000000000E+000
  0.850000000000000E+001 -0.976901774468271E-001  0.257883217233963E+000  0.133331627326932E+001  0.232450699177709E+001 -0.473777398185518E+000  0.136566604697221E+000  0.100000000000000E+001  0.000000000000000E+000  0.000000000000000E+000  0.000000000000000E+000  0.100000000000000E+001  0.000000000000000E+000  0.000000000000000E+000  0.000000000000000E+000  0.100000000000000E+001  0.000000000000000E+000  0.000000000000000E+000  0.000000000000000E+000
  0.900000000000000E+001 -0.979355790058538E-001  0.258460068287492E+000  0.134135232286252E+001  0.233952560019053E+001 -0.477553872652465E+000  0.137510977302514E+000  0.100000000000000E+001  0.000000000000000E+000  0.000000000000000E+000  0.000000000000000E+000  0.100000000000000E+001  0.000000000000000E+000  0.000000000000000E+000  0.000000000000000E+000  0.100000000000000E+001  0.000000000000000E+000  0.000000000000000E+000  0.000000000000000E+000
  0.950000000000000E+001 -0.981431419422169E-001  0.259035396849205E+000  0.134702605053925E+001  0.235029001890608E+001 -0.480322778746896E+000  0.138334505502854E+000  0.100000000000000E+001  0.000000000000000E+000  0.000000000000000E+000  0.000000000000000E+000  0.100000000000000E+001  0.000000000000000E+000  0.000000000000000E+000  0.000000000000000E+000  0.100000000000000E+001  0.000000000000000E+000  0.000000000000000E+000  0.000000000000000E+000
  0.100000000000000E+002 -0.981903406174819E-001  0.259372228266864E+000  0.134679520386043E+001  0.235007165842138E+001 -0.480363607339543E+000  0.138664913188251E+000  0.100000000000000E+001  0.000000000000000E+000  0.000000000000000E+000  0.000000000000000E+000  0.100000000000000E+001  0.000000000000000E+000  0.000000000000000E+000  0.000000000000000E+000  0.100000000000000E+001  0.000000000000000E+000  0.000000000000000E+000  0.000000000000000E+000
  0.105000000000000E+002 -0.982377936165021E-001  0.259633531405311E+000  0.134823697912063E+001  0.235251621403227E+001 -0.480922950042535E+000  0.138973465163012E+000  0.100000000000000E+001  0.000000000000000E+000  0.000000000000000E+000  0.000000000000000E+000  0.100000000000000E+001  0.000000000000000E+000  0.000000000000000E+000  0.000000000000000E+000  0.100000000000000E+001  0.000000000000000E+000  0.000000000000000E+000  0.000000000000000E+000
  0.110000000000000E+002 -0.982805285848737E-001  0.259843878051957E+000  0.134968422721792E+001  0.235504066842851E+001 -0.481557938437368E+000  0.139237899262951E+000  0.100000000000000E+001  0.000000000000000E+000  0.000000000000000E+000  0.000000000000000E+000  0.100000000000000E+001  0.000000000000000E+000  0.000000000000000E+000  0.000000000000000E+000  0.100000000000000E+001  0.000000000000000E+000  0.000000000000000E+000  0.000000000000000E+000
  0.115000000000000E+002 -0.983160814902991E-001  0.260014666569962E+000  0.135090446246176E+001  0.235720588305336E+001 -0.482123408569806E+000  0.139457148388441E+000  0.100000000000000E+001  0.000000000000000E+000  0.000000000000000E+000  0.000000000000000E+000  0.100000000000000E+001  0.000000000000000E+000  0.000000000000000E+000  0.000000000000000E+000  0.100000000000000E+001  0.000000000000000E+000  0.000000000000000E+000  0.000000000000000E+000
  0.120000000000000E+002 -0.983455212753204E-001  0.260154701306633E+000  0.135193638725334E+001  0.235904133469907E+001 -0.482607500032170E+000  0.139638496510613E+000  0.100000000000000E+001  0.000000000000000E+000  0.000000000000000E+000  0.000000000000000E+000  0.100000000000000E+001  0.000000000000000E+000  0.000000000000000E+000  0.000000000000000E+000  0.100000000000000E+001  0.000000000000000E+000  0.000000000000000E+000  0.000000000000000E+000
  0.125000000000000E+002 -0.983701015933390E-001  0.260270302089437E+000  0.135280681557837E+001  0.236059118442832E+001 -0.483017958462225E+000  0.139789020350222E+000  0.100000000000000E+001  0.000000000000000E+000  0.000000000000000E+000  0.000000000000000E+000  0.100000000000000E+001  0.000000000000000E+000  0.000000000000000E+000  0.000000000000000E+000  0.100000000000000E+001  0.000000000000000E+000  0.000000000000000E+000  0.000000000000000E+000
  0.130000000000000E+002 -0.983907745156941E-001  0.260366332878245E+000  0.135354144791097E+001  0.236190096780629E+001 -0.483365534702498E+000  0.139914548119662E+000  0.100000000000000E+001  0.000000000000000E+000  0.000000000000000E+000  0.000000000000000E+000  0.100000000000000E+001  0.000000000000000E+000  0.000000000000000E+000  0.000000000000000E+000  0.100000000000000E+001  0.000000000000000E+000  0.000000000000000E+000  0.000000000000000E+000
  0.135000000000000E+002 -0.984082665497712E-001  0.260446532018435E+000  0.135416236481277E+001  0.236300971524448E+001 -0.483660028341769E+000  0.140019697837066E+000  0.100000000000000E+001  0.000000000000000E+000  0.000000000000000E+000  0.000000000000000E+000  0.100000000000000E+001  0.000000000000000E+000  0.000000000000000E+000  0.000000000000000E+000  0.100000000000000E+001  0.000000000000000E+000  0.000000000000000E+000  0.000000000000000E+000
  0.140000000000000E+002 -0.984231377805251E-001  0.260513817872864E+000  0.135468812110303E+001  0.236395004446653E+001 -0.483909815847511E+000  0.140108127459057E+000  0.100000000000000E+001  0.000000000000000E+000  0.000000000000000E+000  0.000000000000000E+000  0.100000000000000E+001  0.000000000000000E+000  0.000000000000000E+000  0.000000000000000E+000  0.100000000000000E+001  0.000000000000000E+000  0.000000000000000E+000  0.000000000000000E+000
  0.145000000000000E+002 -0.984358296043046E-001  0.260570497110392E+000  0.135513417617578E+001  0.236474909743148E+001 -0.484121969108920E+000  0.140182759651296E+000  0.100000000000000E+001  0.000000000000000E+000  0.000000000000000E+000  0.000000000000000E+000  0.100000000000000E+001  0.000000000000000E+000  0.000000000000000E+000  0.000000000000000E+000  0.100000000000000E+001  0.000000000000000E+000  0.000000000000000E+000  0.000000000000000E+000
  0.150000000000000E+002 -0.984466970292684E-001  0.260618413284187E+000  0.135551340960144E+001  0.236542950417278E+001 -0.484302448567539E+000  0.140245951798695E+000  0.100000000000000E+001  0.000000000000000E+000  0.000000000000000E+000  0.000000000000000E+000  0.100000000000000E+001  0.000000000000000E+000  0.000000000000000E+000  0.000000000000000E+000  0.100000000000000E+001  0.000000000000000E+000  0.000000000000000E+000  0.000000000000000E+000
  0.155000000000000E+002 -0.984560351699875E-001  0.260659061195815E+000  0.135583673731915E+001  0.236601050221822E+001 -0.484456355088020E+000  0.140299637100242E+000  0.100000000000000E+001  0.000000000000000E+000  0.000000000000000E+000  0.000000000000000E+000  0.100000000000000E+001  0.000000000000000E+000  0.000000000000000E+000  0.000000000000000E+000  0.100000000000000E+001  0.000000000000000E+000  0.000000000000000E+000  0.000000000000000E+000
  0.160000000000000E+002 -0.984640978791214E-001  0.260693671182398E+000  0.135611353118772E+001  0.236650872897703E+001 -0.484588121834377E+000  0.140345431516191E+000  0.100000000000000E+001  0.000000000000000E+000  0.000000000000000E+000  0.000000000000000E+000  0.100000000000000E+001  0.000000000000000E+000  0.000000000000000E+000  0.000000000000000E+000  0.100000000000000E+001  0.000000000000000E+000  0.000000000000000E+000  0.000000000000000E+000
  0.165000000000000E+002 -0.984711269452061E-001  0.260723300042273E+000  0.135635262159038E+001  0.236693999871924E+001 -0.484701935576741E+000  0.140384763140846E+000  0.100000000000000E+001  0.000000000000000E+000  0.000000000000000E+000  0.000000000000000E+000  0.100000000000000E+001  0.000000000000000E+000  0.000000000000000E+000  0.000000000000000E+000  0.100000000000000E+001  0.000000000000000E+000  0.000000000000000E+000  0.000000000000000E+000
  0.170000000000000E+002 -0.984773567791662E-001  0.260748879437394E+000  0.135656213254110E+001  0.236731914877323E+001 -0.484801730121213E+000  0.140418923615369E+000  0.100000000000000E+001  0.000000000000000E+000  0.000000000000000E+000  0.000000000000000E+000  0.100000000000000E+001  0.000000000000000E+000  0.000000000000000E+000  0.000000000000000E+000  0.100000000000000E+001  0.000000000000000E+000  0.000000000000000E+000  0.000000000000000E+000
  0.175000000000000E+002 -0.984828789261150E-001  0.260771038887758E+000  0.135674449205797E+001  0.236765053295985E+001 -0.484888803180317E+000  0.140448649813941E+000  0.100000000000000E+001  0.000000000000000E+000  0.000000000000000E+000  0.000000000000000E+000  0.100000000000000E+001  0.000000000000000E+000  0.000000000000000E+000  0.000000000000000E+000  0.100000000000000E+001  0.000000000000000E+000  0.000000000000000E+000  0.000000000000000E+000
  0.180000000000000E+002 -0.984879014768896E-001  0.260790383783506E+000  0.135690680266109E+001  0.236794642502617E+001 -0.484966055693464E+000  0.140474847367864E+000  0.100000000000000E+001  0.000000000000000E+000  0.000000000000000E+000  0.000000000000000E+000  0.100000000000000E+001  0.000000000000000E+000  0.000000000000000E+000  0.000000000000000E+000  0.100000000000000E+001  0.000000000000000E+000  0.000000000000000E+000  0.000000000000000E+000
  0.185000000000000E+002 -0.984922930536532E-001  0.260807291717215E+000  0.135704629380083E+001  0.236820092728707E+001 -0.485032354254319E+000  0.140497559388949E+000  0.100000000000000E+001  0.000000000000000E+000  0.000000000000000E+000  0.000000000000000E+000  0.100000000000000E+001  0.000000000000000E+000  0.000000000000000E+000  0.000000000000000E+000  0.100000000000000E+001  0.000000000000000E+000  0.000000000000000E+000  0.000000000000000E+000
  0.190000000000000E+002 -0.984957376533211E-001  0.260821396140223E+000  0.135715172087753E+001  0.236839313279814E+001 -0.485082766176574E+000  0.140516047860943E+000  0.100000000000000E+001  0.000000000000000E+000  0.000000000000000E+000  0.000000000000000E+000  0.100000000000000E+001  0.000000000000000E+000  0.000000000000000E+000  0.000000000000000E+000  0.100000000000000E+001  0.000000000000000E+000  0.000000000000000E+000  0.000000000000000E+000
  0.195000000000000E+002 -0.984984264973596E-001  0.260832982762124E+000  0.135723507429396E+001  0.236854389865187E+001 -0.485122162972491E+000  0.140531048982651E+000  0.100000000000000E+001  0.000000000000000E+000  0.000000000000000E+000  0.000000000000000E+000  0.100000000000000E+001  0.000000000000000E+000  0.000000000000000E+000  0.000000000000000E+000  0.100000000000000E+001  0.000000000000000E+000  0.000000000000000E+000  0.000000000000000E+000
  0.200000000000000E+002 -0.985006526274734E-001  0.260842612698985E+000  0.135730663541612E+001  0.236867277532143E+001 -0.485155729807709E+000  0.140543591899960E+000  0.100000000000000E+001  0.000000000000000E+000  0.000000000000000E+000  0.000000000000000E+000  0.100000000000000E+001  0.000000000000000E+000  0.000000000000000E+000  0.000000000000000E+000  0.100000000000000E+001  0.000000000000000E+000  0.000000000000000E+000  0.000000000000000E+000
  0.205000000000000E+002 -0.985025096872510E-001  0.260850650728513E+000  0.135736731598871E+001  0.236878200289068E+001 -0.485184283554013E+000  0.140554102773428E+000  0.100000000000000E+001  0.000000000000000E+000  0.000000000000000E+000  0.000000000000000E+000  0.100000000000000E+001  0.000000000000000E+000  0.000000000000000E+000  0.000000000000000E+000  0.100000000000000E+001  0.000000000000000E+000  0.000000000000000E+000  0.000000000000000E+000
  0.210000000000000E+002 -0.985040614525816E-001  0.260857373211079E+000  0.135741846516839E+001  0.236887406877369E+001 -0.485208420129794E+000  0.140562911745548E+000  0.100000000000000E+001  0.000000000000000E+000  0.000000000000000E+000  0.000000000000000E+000  0.100000000000000E+001  0.000000000000000E+000  0.000000000000000E+000  0.000000000000000E+000  0.100000000000000E+001  0.000000000000000E+000  0.000000000000000E+000  0.000000000000000E+000
  0.215000000000000E+002 -0.985053615956793E-001  0.260863005121747E+000  0.135746156925718E+001  0.236895164830650E+001 -0.485228791711457E+000  0.140570302227413E+000  0.100000000000000E+001  0.000000000000000E+000  0.000000000000000E+000  0.000000000000000E+000  0.100000000000000E+001  0.000000000000000E+000  0.000000000000000E+000  0.000000000000000E+000  0.100000000000000E+001  0.000000000000000E+000  0.000000000000000E+000  0.000000000000000E+000
  0.220000000000000E+002 -0.985064537997881E-001  0.260867731012359E+000  0.135749791417395E+001  0.236901706461363E+001 -0.485245986378699E+000  0.140576510769180E+000  0.100000000000000E+001  0.000000000000000E+000  0.000000000000000E+000  0.000000000000000E+000  0.100000000000000E+001  0.000000000000000E+000  0.000000000000000E+000  0.000000000000000E+000  0.100000000000000E+001  0.000000000000000E+000  0.000000000000000E+000  0.000000000000000E+000
  0.225000000000000E+002 -0.985073734450493E-001  0.260871702560612E+000  0.135752858033965E+001  0.236907226915882E+001 -0.485260505974315E+000  0.140581733271756E+000  0.100000000000000E+001  0.000000000000000E+000  0.000000000000000E+000  0.000000000000000E+000  0.100000000000000E+001  0.000000000000000E+000  0.000000000000000E+000  0.000000000000000E+000  0.100000000000000E+001  0.000000000000000E+000  0.000000000000000E+000  0.000000000000000E+000
  0.230000000000000E+002 -0.985081493035595E-001  0.260875044715231E+000  0.135755447250945E+001  0.236911889231861E+001 -0.485272772889559E+000  0.140586131754850E+000  0.100000000000000E+001  0.000000000000000E+000  0.000000000000000E+000  0.000000000000000E+000  0.100000000000000E+001  0.000000000000000E+000  0.000000000000000E+000  0.000000000000000E+000  0.100000000000000E+001  0.000000000000000E+000  0.000000000000000E+000  0.000000000000000E+000
  0.235000000000000E+002 -0.985088049258813E-001  0.260877860701696E+000  0.135757634838003E+001  0.236915829704554E+001 -0.485283142022226E+000  0.140589840447566E+000  0.100000000000000E+001  0.000000000000000E+000  0.000000000000000E+000  0.000000000000000E+000  0.100000000000000E+001  0.000000000000000E+000  0.000000000000000E+000  0.000000000000000E+000  0.100000000000000E+001  0.000000000000000E+000  0.000000000000000E+000  0.000000000000000E+000
  0.240000000000000E+002 -0.985093597199265E-001  0.260880236037282E+000  0.135759484335665E+001  0.236919162483281E+001 -0.485291911688431E+000  0.140592970809307E+000  0.100000000000000E+001  0.000000000000000E+000  0.000000000000000E+000  0.000000000000000E+000  0.100000000000000E+001  0.000000000000000E+000  0.000000000000000E+000  0.000000000000000E+000  0.100000000000000E+001  0.000000000000000E+000  0.000000000000000E+000  0.000000000000000E+000
  0.245000000000000E+002 -0.985098298082919E-001  0.260882241805838E+000  0.135761049172728E+001  0.236921983529365E+001 -0.485299333436096E+000  0.140595615750978E+000  0.100000000000000E+001  0.000000000000000E+000  0.000000000000000E+000  0.000000000000000E+000  0.100000000000000E+001  0.000000000000000E+000  0.000000000000000E+000  0.000000000000000E+000  0.100000000000000E+001  0.000000000000000E+000  0.000000000000000E+000  0.000000000000000E+000
  0.250000000000000E+002 -0.985102286570972E-001  0.260883937259316E+000  0.135762374305842E+001  0.236924373606714E+001 -0.485305619468926E+000  0.140597852914547E+000  0.100000000000000E+001  0.000000000000000E+000  0.000000000000000E+000  0.000000000000000E+000  0.100000000000000E+001  0.000000000000000E+000  0.000000000000000E+000  0.000000000000000E+000  0.100000000000000E+001  0.000000000000000E+000  0.000000000000000E+000  0.000000000000000E+000
  0.255000000000000E+002 -0.985105675517268E-001  0.260885371910211E+000  0.135763497583122E+001  0.236926400722603E+001 -0.485310948713059E+000  0.140599747292391E+000  0.100000000000000E+001  0.000000000000000E+000  0.000000000000000E+000  0.000000000000000E+000  0.100000000000000E+001  0.000000000000000E+000  0.000000000000000E+000  0.000000000000000E+000  0.100000000000000E+001  0.000000000000000E+000  0.000000000000000E+000  0.000000000000000E+000
  0.260000000000000E+002 -0.985108559723452E-001  0.260886587250285E+000  0.135764450912113E+001  0.236928122206209E+001 -0.485315472089590E+000  0.140601353377217E+000  0.100000000000000E+001  0.000000000000000E+000  0.000000000000000E+000  0.000000000000000E+000  0.100000000000000E+001  0.000000000000000E+000  0.000000000000000E+000  0.000000000000000E+000  0.100000000000000E+001  0.000000000000000E+000  0.000000000000000E+000  0.000000000000000E+000
  0.265000000000000E+002 -0.985111015123859E-001  0.260887617472777E+000  0.135765259662912E+001  0.236929583601135E+001 -0.485319310143416E+000  0.140602715699822E+000  0.100000000000000E+001  0.000000000000000E+000  0.000000000000000E+000  0.000000000000000E+000  0.100000000000000E+001  0.000000000000000E+000  0.000000000000000E+000  0.000000000000000E+000  0.100000000000000E+001  0.000000000000000E+000  0.000000000000000E+000  0.000000000000000E+000
  0.270000000000000E+002 -0.985113103642777E-001  0.260888490945725E+000  0.135765945084715E+001  0.236930822781054E+001 -0.485322562683844E+000  0.140603870972681E+000  0.100000000000000E+001  0.000000000000000E+000  0.000000000000000E+000  0.000000000000000E+000  0.100000000000000E+001  0.000000000000000E+000  0.000000000000000E+000  0.000000000000000E+000  0.100000000000000E+001  0.000000000000000E+000  0.000000000000000E+000  0.000000000000000E+000
  0.275000000000000E+002 -0.985114875208120E-001  0.260889231132462E+000  0.135766524630330E+001  0.236931870736425E+001 -0.485325311737930E+000  0.140604849374063E+000  0.100000000000000E+001  0.000000000000000E+000  0.000000000000000E+000  0.000000000000000E+000  0.100000000000000E+001  0.000000000000000E+000  0.000000000000000E+000  0.000000000000000E+000  0.100000000000000E+001  0.000000000000000E+000  0.000000000000000E+000  0.000000000000000E+000
  0.280000000000000E+002 -0.985116365854492E-001  0.260889856506088E+000  0.135767010752405E+001  0.236932749607121E+001 -0.485327617330696E+000  0.140605674408780E+000  0.100000000000000E+001  0.000000000000000E+000  0.000000000000000E+000  0.000000000000000E+000  0.100000000000000E+001  0.000000000000000E+000  0.000000000000000E+000  0.000000000000000E+000  0.100000000000000E+001  0.000000000000000E+000  0.000000000000000E+000  0.000000000000000E+000
  0.285000000000000E+002 -0.985117612636522E-001  0.260890383153980E+000  0.135767417100687E+001  0.236933483773750E+001 -0.485329543453769E+000  0.140606367740812E+000  0.100000000000000E+001  0.000000000000000E+000  0.000000000000000E+000  0.000000000000000E+000  0.100000000000000E+001  0.000000000000000E+000  0.000000000000000E+000  0.000000000000000E+000  0.100000000000000E+001  0.000000000000000E+000  0.000000000000000E+000  0.000000000000000E+000
  0.290000000000000E+002 -0.985118656991213E-001  0.260890826266726E+000  0.135767758412022E+001  0.236934099966980E+001 -0.485331159763499E+000  0.140606950676236E+000  0.100000000000000E+001  0.000000000000000E+000  0.000000000000000E+000  0.000000000000000E+000  0.100000000000000E+001  0.000000000000000E+000  0.000000000000000E+000  0.000000000000000E+000  0.100000000000000E+001  0.000000000000000E+000  0.000000000000000E+000  0.000000000000000E+000
  0.295000000000000E+002 -0.985119534269686E-001  0.260891199208790E+000  0.135768046055015E+001  0.236934619031975E+001 -0.485332521437988E+000  0.140607441377552E+000  0.100000000000000E+001  0.000000000000000E+000  0.000000000000000E+000  0.000000000000000E+000  0.100000000000000E+001  0.000000000000000E+000  0.000000000000000E+000  0.000000000000000E+000  0.100000000000000E+001  0.000000000000000E+000  0.000000000000000E+000  0.000000000000000E+000

