 # Integral loads: N.components: 2
 #                 Ref.sys     : Stability
 #                 Components  : fuselage_right , fuselage_left
 #  t , Fx , Fy , Fz , Mx , My , Mz , ref_mat(9) , ref_off(3) 
  0.100000000000000E+001  0.386676789218358E+005 -0.326328698511134E-001 -0.167621687089814E+005  0.309416961863462E-001  0.208797941846528E+005 -0.106253499106970E+000  0.100000000000000E+001  0.000000000000000E+000  0.000000000000000E+000  0.000000000000000E+000  0.100000000000000E+001  0.000000000000000E+000  0.000000000000000E+000  0.000000000000000E+000  0.100000000000000E+001  0.590000000000000E+001  0.000000000000000E+000 -0.500000000000000E+000
  0.100312500000000E+001  0.773881333646005E+004 -0.332521122090839E-001  0.576031295122711E+004  0.315680528647135E-001 -0.298527768414253E+005 -0.108909629841946E+000  0.100000000000000E+001  0.000000000000000E+000  0.000000000000000E+000  0.000000000000000E+000  0.100000000000000E+001  0.000000000000000E+000  0.000000000000000E+000  0.000000000000000E+000  0.100000000000000E+001  0.590000000000000E+001  0.000000000000000E+000 -0.500000000000000E+000
  0.100625000000000E+001  0.773678646327078E+004 -0.332848156776890E-001  0.577124569481350E+004  0.312576850838013E-001 -0.298936749662035E+005 -0.108920256709098E+000  0.100000000000000E+001  0.000000000000000E+000  0.000000000000000E+000  0.000000000000000E+000  0.100000000000000E+001  0.000000000000000E+000  0.000000000000000E+000  0.000000000000000E+000  0.100000000000000E+001  0.590000000000000E+001  0.000000000000000E+000 -0.500000000000000E+000
  0.100937500000000E+001  0.773563612412330E+004 -0.332879765683174E-001  0.576924203433696E+004  0.314160604448261E-001 -0.298935788002256E+005 -0.109283391924691E+000  0.100000000000000E+001  0.000000000000000E+000  0.000000000000000E+000  0.000000000000000E+000  0.100000000000000E+001  0.000000000000000E+000  0.000000000000000E+000  0.000000000000000E+000  0.100000000000000E+001  0.590000000000000E+001  0.000000000000000E+000 -0.500000000000000E+000
  0.101250000000000E+001  0.773342541052134E+004 -0.333877879547799E-001  0.576521149421373E+004  0.314346692384788E-001 -0.298845081457946E+005 -0.109369106692611E+000  0.100000000000000E+001  0.000000000000000E+000  0.000000000000000E+000  0.000000000000000E+000  0.100000000000000E+001  0.000000000000000E+000  0.000000000000000E+000  0.000000000000000E+000  0.100000000000000E+001  0.590000000000000E+001  0.000000000000000E+000 -0.500000000000000E+000
  0.101562500000000E+001  0.773068484617004E+004 -0.334528492385289E-001  0.576010279924073E+004  0.314959771421854E-001 -0.298735629333828E+005 -0.109634342930804E+000  0.100000000000000E+001  0.000000000000000E+000  0.000000000000000E+000  0.000000000000000E+000  0.100000000000000E+001  0.000000000000000E+000  0.000000000000000E+000  0.000000000000000E+000  0.100000000000000E+001  0.590000000000000E+001  0.000000000000000E+000 -0.500000000000000E+000
  0.101875000000000E+001  0.772855160562978E+004 -0.335709012233565E-001  0.575655717635136E+004  0.316163235902422E-001 -0.298677675911504E+005 -0.109910272629349E+000  0.100000000000000E+001  0.000000000000000E+000  0.000000000000000E+000  0.000000000000000E+000  0.100000000000000E+001  0.000000000000000E+000  0.000000000000000E+000  0.000000000000000E+000  0.100000000000000E+001  0.590000000000000E+001  0.000000000000000E+000 -0.500000000000000E+000
  0.102187500000000E+001  0.772679352331552E+004 -0.337180928218004E-001  0.575444574906441E+004  0.317722427935223E-001 -0.298663953198978E+005 -0.110224311814818E+000  0.100000000000000E+001  0.000000000000000E+000  0.000000000000000E+000  0.000000000000000E+000  0.100000000000000E+001  0.000000000000000E+000  0.000000000000000E+000  0.000000000000000E+000  0.100000000000000E+001  0.590000000000000E+001  0.000000000000000E+000 -0.500000000000000E+000
  0.102500000000000E+001  0.772610595751268E+004 -0.337612820676441E-001  0.575407294298973E+004  0.319126103631788E-001 -0.298687328455309E+005 -0.110415350813128E+000  0.100000000000000E+001  0.000000000000000E+000  0.000000000000000E+000  0.000000000000000E+000  0.100000000000000E+001  0.000000000000000E+000  0.000000000000000E+000  0.000000000000000E+000  0.100000000000000E+001  0.590000000000000E+001  0.000000000000000E+000 -0.500000000000000E+000
  0.102812500000000E+001  0.772635174309512E+004 -0.337602216168307E-001  0.575454068276388E+004  0.317234812428069E-001 -0.298721455822964E+005 -0.110439829019015E+000  0.100000000000000E+001  0.000000000000000E+000  0.000000000000000E+000  0.000000000000000E+000  0.100000000000000E+001  0.000000000000000E+000  0.000000000000000E+000  0.000000000000000E+000  0.100000000000000E+001  0.590000000000000E+001  0.000000000000000E+000 -0.500000000000000E+000
  0.103125000000000E+001  0.772717055805643E+004 -0.338198301997181E-001  0.575404600340915E+004  0.321767143532270E-001 -0.298738972493054E+005 -0.110127856743929E+000  0.100000000000000E+001  0.000000000000000E+000  0.000000000000000E+000  0.000000000000000E+000  0.100000000000000E+001  0.000000000000000E+000  0.000000000000000E+000  0.000000000000000E+000  0.100000000000000E+001  0.590000000000000E+001  0.000000000000000E+000 -0.500000000000000E+000
  0.103437500000000E+001  0.772827342567752E+004 -0.333537515653006E-001  0.575085228631721E+004  0.315351296321751E-001 -0.298716473201998E+005 -0.108982136251143E+000  0.100000000000000E+001  0.000000000000000E+000  0.000000000000000E+000  0.000000000000000E+000  0.100000000000000E+001  0.000000000000000E+000  0.000000000000000E+000  0.000000000000000E+000  0.100000000000000E+001  0.590000000000000E+001  0.000000000000000E+000 -0.500000000000000E+000
  0.103750000000000E+001  0.772922712999490E+004 -0.327104962198064E-001  0.574751452768000E+004  0.311525901488494E-001 -0.298677125524621E+005 -0.107019862261950E+000  0.100000000000000E+001  0.000000000000000E+000  0.000000000000000E+000  0.000000000000000E+000  0.100000000000000E+001  0.000000000000000E+000  0.000000000000000E+000  0.000000000000000E+000  0.100000000000000E+001  0.590000000000000E+001  0.000000000000000E+000 -0.500000000000000E+000
  0.104062500000000E+001  0.772985880872600E+004 -0.318138881739287E-001  0.574607219631991E+004  0.304229692183071E-001 -0.298654664780301E+005 -0.104277194663155E+000  0.100000000000000E+001  0.000000000000000E+000  0.000000000000000E+000  0.000000000000000E+000  0.100000000000000E+001  0.000000000000000E+000  0.000000000000000E+000  0.000000000000000E+000  0.100000000000000E+001  0.590000000000000E+001  0.000000000000000E+000 -0.500000000000000E+000
  0.104375000000000E+001  0.773012310973764E+004 -0.313488081210380E-001  0.574527693710457E+004  0.301249669018944E-001 -0.298635631862806E+005 -0.102898825432931E+000  0.100000000000000E+001  0.000000000000000E+000  0.000000000000000E+000  0.000000000000000E+000  0.100000000000000E+001  0.000000000000000E+000  0.000000000000000E+000  0.000000000000000E+000  0.100000000000000E+001  0.590000000000000E+001  0.000000000000000E+000 -0.500000000000000E+000
  0.104687500000000E+001  0.773012432550943E+004 -0.314480095621548E-001  0.574465573238667E+004  0.303263422356395E-001 -0.298622553638746E+005 -0.103289877370116E+000  0.100000000000000E+001  0.000000000000000E+000  0.000000000000000E+000  0.000000000000000E+000  0.100000000000000E+001  0.000000000000000E+000  0.000000000000000E+000  0.000000000000000E+000  0.100000000000000E+001  0.590000000000000E+001  0.000000000000000E+000 -0.500000000000000E+000
  0.105000000000000E+001  0.773014635585820E+004 -0.314377106387838E-001  0.574448258204430E+004  0.302530673852743E-001 -0.298624013915356E+005 -0.103243434208707E+000  0.100000000000000E+001  0.000000000000000E+000  0.000000000000000E+000  0.000000000000000E+000  0.100000000000000E+001  0.000000000000000E+000  0.000000000000000E+000  0.000000000000000E+000  0.100000000000000E+001  0.590000000000000E+001  0.000000000000000E+000 -0.500000000000000E+000
  0.105312500000000E+001  0.773008534074096E+004 -0.320980758478981E-001  0.574457220385602E+004  0.306810524562025E-001 -0.298632994445457E+005 -0.105328405119508E+000  0.100000000000000E+001  0.000000000000000E+000  0.000000000000000E+000  0.000000000000000E+000  0.100000000000000E+001  0.000000000000000E+000  0.000000000000000E+000  0.000000000000000E+000  0.100000000000000E+001  0.590000000000000E+001  0.000000000000000E+000 -0.500000000000000E+000
  0.105625000000000E+001  0.773001855368469E+004 -0.329914757039660E-001  0.574479410314024E+004  0.313435637899602E-001 -0.298644300824430E+005 -0.108155686812097E+000  0.100000000000000E+001  0.000000000000000E+000  0.000000000000000E+000  0.000000000000000E+000  0.100000000000000E+001  0.000000000000000E+000  0.000000000000000E+000  0.000000000000000E+000  0.100000000000000E+001  0.590000000000000E+001  0.000000000000000E+000 -0.500000000000000E+000
  0.105937500000000E+001  0.773000861878438E+004 -0.335605605050660E-001  0.574495606138880E+004  0.317841231772036E-001 -0.298652200304618E+005 -0.109933675321372E+000  0.100000000000000E+001  0.000000000000000E+000  0.000000000000000E+000  0.000000000000000E+000  0.100000000000000E+001  0.000000000000000E+000  0.000000000000000E+000  0.000000000000000E+000  0.100000000000000E+001  0.590000000000000E+001  0.000000000000000E+000 -0.500000000000000E+000
  0.106250000000000E+001  0.773004110940599E+004 -0.338077490632713E-001  0.574496873005903E+004  0.319855130528595E-001 -0.298654579391399E+005 -0.110680902755121E+000  0.100000000000000E+001  0.000000000000000E+000  0.000000000000000E+000  0.000000000000000E+000  0.100000000000000E+001  0.000000000000000E+000  0.000000000000000E+000  0.000000000000000E+000  0.100000000000000E+001  0.590000000000000E+001  0.000000000000000E+000 -0.500000000000000E+000
  0.106562500000000E+001  0.773010198038141E+004 -0.338733692351525E-001  0.574485275437088E+004  0.320541955279623E-001 -0.298652120215965E+005 -0.110863550147769E+000  0.100000000000000E+001  0.000000000000000E+000  0.000000000000000E+000  0.000000000000000E+000  0.100000000000000E+001  0.000000000000000E+000  0.000000000000000E+000  0.000000000000000E+000  0.100000000000000E+001  0.590000000000000E+001  0.000000000000000E+000 -0.500000000000000E+000
  0.106875000000000E+001  0.773018207671335E+004 -0.338642618207814E-001  0.574467110823196E+004  0.320656361200236E-001 -0.298646873166698E+005 -0.110829105316952E+000  0.100000000000000E+001  0.000000000000000E+000  0.000000000000000E+000  0.000000000000000E+000  0.100000000000000E+001  0.000000000000000E+000  0.000000000000000E+000  0.000000000000000E+000  0.100000000000000E+001  0.590000000000000E+001  0.000000000000000E+000 -0.500000000000000E+000
  0.107187500000000E+001  0.773026710897265E+004 -0.338343480361800E-001  0.574446469441839E+004  0.320560178561209E-001 -0.298640605716432E+005 -0.110742070173728E+000  0.100000000000000E+001  0.000000000000000E+000  0.000000000000000E+000  0.000000000000000E+000  0.100000000000000E+001  0.000000000000000E+000  0.000000000000000E+000  0.000000000000000E+000  0.100000000000000E+001  0.590000000000000E+001  0.000000000000000E+000 -0.500000000000000E+000
  0.107500000000000E+001  0.773033691814019E+004 -0.338049582969688E-001  0.574421430050065E+004  0.320527760350160E-001 -0.298633063249490E+005 -0.110679943074501E+000  0.100000000000000E+001  0.000000000000000E+000  0.000000000000000E+000  0.000000000000000E+000  0.100000000000000E+001  0.000000000000000E+000  0.000000000000000E+000  0.000000000000000E+000  0.100000000000000E+001  0.590000000000000E+001  0.000000000000000E+000 -0.500000000000000E+000
  0.107812500000000E+001  0.773038453624032E+004 -0.337645604849968E-001  0.574398641017659E+004  0.320367739323046E-001 -0.298626404732705E+005 -0.110572361969389E+000  0.100000000000000E+001  0.000000000000000E+000  0.000000000000000E+000  0.000000000000000E+000  0.100000000000000E+001  0.000000000000000E+000  0.000000000000000E+000  0.000000000000000E+000  0.100000000000000E+001  0.590000000000000E+001  0.000000000000000E+000 -0.500000000000000E+000
  0.108125000000000E+001  0.773042077533571E+004 -0.337211877431400E-001  0.574384318854308E+004  0.320065207215521E-001 -0.298622728931221E+005 -0.110437311934220E+000  0.100000000000000E+001  0.000000000000000E+000  0.000000000000000E+000  0.000000000000000E+000  0.100000000000000E+001  0.000000000000000E+000  0.000000000000000E+000  0.000000000000000E+000  0.100000000000000E+001  0.590000000000000E+001  0.000000000000000E+000 -0.500000000000000E+000
  0.108437500000000E+001  0.773045318548609E+004 -0.336849042487302E-001  0.574375967480933E+004  0.319762429789989E-001 -0.298621008449444E+005 -0.110319205541600E+000  0.100000000000000E+001  0.000000000000000E+000  0.000000000000000E+000  0.000000000000000E+000  0.100000000000000E+001  0.000000000000000E+000  0.000000000000000E+000  0.000000000000000E+000  0.100000000000000E+001  0.590000000000000E+001  0.000000000000000E+000 -0.500000000000000E+000
  0.108750000000000E+001  0.773048320937842E+004 -0.336571684492810E-001  0.574370599420093E+004  0.319514985985734E-001 -0.298620169339824E+005 -0.110228012588777E+000  0.100000000000000E+001  0.000000000000000E+000  0.000000000000000E+000  0.000000000000000E+000  0.100000000000000E+001  0.000000000000000E+000  0.000000000000000E+000  0.000000000000000E+000  0.100000000000000E+001  0.590000000000000E+001  0.000000000000000E+000 -0.500000000000000E+000
  0.109062500000000E+001  0.773040592012123E+004 -0.336405207272037E-001  0.574840832120856E+004  0.319362086302135E-001 -0.298641552299742E+005 -0.110172553657321E+000  0.100000000000000E+001  0.000000000000000E+000  0.000000000000000E+000  0.000000000000000E+000  0.100000000000000E+001  0.000000000000000E+000  0.000000000000000E+000  0.000000000000000E+000  0.100000000000000E+001  0.590000000000000E+001  0.000000000000000E+000 -0.500000000000000E+000
  0.109375000000000E+001  0.773041171385161E+004 -0.336292799838702E-001  0.574872432200668E+004  0.319252744993719E-001 -0.298640495444298E+005 -0.110132861045713E+000  0.100000000000000E+001  0.000000000000000E+000  0.000000000000000E+000  0.000000000000000E+000  0.100000000000000E+001  0.000000000000000E+000  0.000000000000000E+000  0.000000000000000E+000  0.100000000000000E+001  0.590000000000000E+001  0.000000000000000E+000 -0.500000000000000E+000
  0.109687500000000E+001  0.773048526471272E+004 -0.336173532978137E-001  0.574575972286771E+004  0.319143918368354E-001 -0.298624896443356E+005 -0.110095888325304E+000  0.100000000000000E+001  0.000000000000000E+000  0.000000000000000E+000  0.000000000000000E+000  0.100000000000000E+001  0.000000000000000E+000  0.000000000000000E+000  0.000000000000000E+000  0.100000000000000E+001  0.590000000000000E+001  0.000000000000000E+000 -0.500000000000000E+000
  0.110000000000000E+001  0.773052075885875E+004 -0.336083327747474E-001  0.574503450730183E+004  0.319058712921105E-001 -0.298620599396556E+005 -0.110066462078976E+000  0.100000000000000E+001  0.000000000000000E+000  0.000000000000000E+000  0.000000000000000E+000  0.100000000000000E+001  0.000000000000000E+000  0.000000000000000E+000  0.000000000000000E+000  0.100000000000000E+001  0.590000000000000E+001  0.000000000000000E+000 -0.500000000000000E+000
  0.110312500000000E+001  0.773054745198154E+004 -0.336013001597166E-001  0.574479007929340E+004  0.318991478316093E-001 -0.298619014706605E+005 -0.110043306664011E+000  0.100000000000000E+001  0.000000000000000E+000  0.000000000000000E+000  0.000000000000000E+000  0.100000000000000E+001  0.000000000000000E+000  0.000000000000000E+000  0.000000000000000E+000  0.100000000000000E+001  0.590000000000000E+001  0.000000000000000E+000 -0.500000000000000E+000
  0.110625000000000E+001  0.773057168398086E+004 -0.335957439128833E-001  0.574465960412225E+004  0.318937916335926E-001 -0.298618200482802E+005 -0.110024969300866E+000  0.100000000000000E+001  0.000000000000000E+000  0.000000000000000E+000  0.000000000000000E+000  0.100000000000000E+001  0.000000000000000E+000  0.000000000000000E+000  0.000000000000000E+000  0.100000000000000E+001  0.590000000000000E+001  0.000000000000000E+000 -0.500000000000000E+000
  0.110937500000000E+001  0.773059396087953E+004 -0.335913016660925E-001  0.574457556870137E+004  0.318894792080755E-001 -0.298617716807924E+005 -0.110010308129858E+000  0.100000000000000E+001  0.000000000000000E+000  0.000000000000000E+000  0.000000000000000E+000  0.100000000000000E+001  0.000000000000000E+000  0.000000000000000E+000  0.000000000000000E+000  0.100000000000000E+001  0.590000000000000E+001  0.000000000000000E+000 -0.500000000000000E+000
  0.111250000000000E+001  0.773061402837348E+004 -0.335877114903269E-001  0.574452031307459E+004  0.318859700191751E-001 -0.298617406839420E+005 -0.109998465919489E+000  0.100000000000000E+001  0.000000000000000E+000  0.000000000000000E+000  0.000000000000000E+000  0.100000000000000E+001  0.000000000000000E+000  0.000000000000000E+000  0.000000000000000E+000  0.100000000000000E+001  0.590000000000000E+001  0.000000000000000E+000 -0.500000000000000E+000
  0.111562500000000E+001  0.773063156135295E+004 -0.335847878650384E-001  0.574448537681491E+004  0.318830939613690E-001 -0.298617190484801E+005 -0.109988835629338E+000  0.100000000000000E+001  0.000000000000000E+000  0.000000000000000E+000  0.000000000000000E+000  0.100000000000000E+001  0.000000000000000E+000  0.000000000000000E+000  0.000000000000000E+000  0.100000000000000E+001  0.590000000000000E+001  0.000000000000000E+000 -0.500000000000000E+000
  0.111875000000000E+001  0.773064622125601E+004 -0.335824080793827E-001  0.574446585175517E+004  0.318807295561783E-001 -0.298617026434858E+005 -0.109980972887570E+000  0.100000000000000E+001  0.000000000000000E+000  0.000000000000000E+000  0.000000000000000E+000  0.100000000000000E+001  0.000000000000000E+000  0.000000000000000E+000  0.000000000000000E+000  0.100000000000000E+001  0.590000000000000E+001  0.000000000000000E+000 -0.500000000000000E+000
  0.112187500000000E+001  0.773065797195382E+004 -0.335804694168473E-001  0.574446056391388E+004  0.318787792284638E-001 -0.298616909654160E+005 -0.109974533639615E+000  0.100000000000000E+001  0.000000000000000E+000  0.000000000000000E+000  0.000000000000000E+000  0.100000000000000E+001  0.000000000000000E+000  0.000000000000000E+000  0.000000000000000E+000  0.100000000000000E+001  0.590000000000000E+001  0.000000000000000E+000 -0.500000000000000E+000
  0.112500000000000E+001  0.773091927277092E+004 -0.335719771792355E-001  0.573562273051568E+004  0.318706400030351E-001 -0.298584479331766E+005 -0.109946772870899E+000  0.100000000000000E+001  0.000000000000000E+000  0.000000000000000E+000  0.000000000000000E+000  0.100000000000000E+001  0.000000000000000E+000  0.000000000000000E+000  0.000000000000000E+000  0.100000000000000E+001  0.590000000000000E+001  0.000000000000000E+000 -0.500000000000000E+000
  0.112812500000000E+001  0.773116767208608E+004 -0.335594074404071E-001  0.572952178045598E+004  0.318586325765864E-001 -0.298563240172618E+005 -0.109905710120074E+000  0.100000000000000E+001  0.000000000000000E+000  0.000000000000000E+000  0.000000000000000E+000  0.100000000000000E+001  0.000000000000000E+000  0.000000000000000E+000  0.000000000000000E+000  0.100000000000000E+001  0.590000000000000E+001  0.000000000000000E+000 -0.500000000000000E+000
  0.113125000000000E+001  0.773119385619935E+004 -0.335498654530966E-001  0.573207241089704E+004  0.318494704870318E-001 -0.298578678590475E+005 -0.109874531306559E+000  0.100000000000000E+001  0.000000000000000E+000  0.000000000000000E+000  0.000000000000000E+000  0.100000000000000E+001  0.000000000000000E+000  0.000000000000000E+000  0.000000000000000E+000  0.100000000000000E+001  0.590000000000000E+001  0.000000000000000E+000 -0.500000000000000E+000
  0.113437500000000E+001  0.773109190105958E+004 -0.335455907516007E-001  0.573778446670667E+004  0.318452672254352E-001 -0.298605665931073E+005 -0.109860370823299E+000  0.100000000000000E+001  0.000000000000000E+000  0.000000000000000E+000  0.000000000000000E+000  0.100000000000000E+001  0.000000000000000E+000  0.000000000000000E+000  0.000000000000000E+000  0.100000000000000E+001  0.590000000000000E+001  0.000000000000000E+000 -0.500000000000000E+000
  0.113750000000000E+001  0.773077402390368E+004 -0.335513391364657E-001  0.574954742149753E+004  0.318505230134178E-001 -0.298659071382712E+005 -0.109878862018377E+000  0.100000000000000E+001  0.000000000000000E+000  0.000000000000000E+000  0.000000000000000E+000  0.100000000000000E+001  0.000000000000000E+000  0.000000000000000E+000  0.000000000000000E+000  0.100000000000000E+001  0.590000000000000E+001  0.000000000000000E+000 -0.500000000000000E+000
  0.114062500000000E+001  0.773086292463244E+004 -0.335518365736789E-001  0.574388662932820E+004  0.318509284898028E-001 -0.298631833900768E+005 -0.109880697717017E+000  0.100000000000000E+001  0.000000000000000E+000  0.000000000000000E+000  0.000000000000000E+000  0.100000000000000E+001  0.000000000000000E+000  0.000000000000000E+000  0.000000000000000E+000  0.100000000000000E+001  0.590000000000000E+001  0.000000000000000E+000 -0.500000000000000E+000
  0.114375000000000E+001  0.773087785768157E+004 -0.335510966415313E-001  0.574235473793290E+004  0.318502263799019E-001 -0.298623723774571E+005 -0.109878806382767E+000  0.100000000000000E+001  0.000000000000000E+000  0.000000000000000E+000  0.000000000000000E+000  0.100000000000000E+001  0.000000000000000E+000  0.000000000000000E+000  0.000000000000000E+000  0.100000000000000E+001  0.590000000000000E+001  0.000000000000000E+000 -0.500000000000000E+000
  0.114687500000000E+001  0.773087075140587E+004 -0.335503869828244E-001  0.574202159673047E+004  0.318495540541335E-001 -0.298621619392738E+005 -0.109876631304360E+000  0.100000000000000E+001  0.000000000000000E+000  0.000000000000000E+000  0.000000000000000E+000  0.100000000000000E+001  0.000000000000000E+000  0.000000000000000E+000  0.000000000000000E+000  0.100000000000000E+001  0.590000000000000E+001  0.000000000000000E+000 -0.500000000000000E+000
  0.115000000000000E+001  0.773086269426961E+004 -0.335495973613433E-001  0.574191725547259E+004  0.318489179671815E-001 -0.298620920028585E+005 -0.109874756399222E+000  0.100000000000000E+001  0.000000000000000E+000  0.000000000000000E+000  0.000000000000000E+000  0.100000000000000E+001  0.000000000000000E+000  0.000000000000000E+000  0.000000000000000E+000  0.100000000000000E+001  0.590000000000000E+001  0.000000000000000E+000 -0.500000000000000E+000
  0.115312500000000E+001  0.773085838720114E+004 -0.335487913562247E-001  0.574187002659649E+004  0.318483967184875E-001 -0.298620735750360E+005 -0.109873437970236E+000  0.100000000000000E+001  0.000000000000000E+000  0.000000000000000E+000  0.000000000000000E+000  0.100000000000000E+001  0.000000000000000E+000  0.000000000000000E+000  0.000000000000000E+000  0.100000000000000E+001  0.590000000000000E+001  0.000000000000000E+000 -0.500000000000000E+000
  0.115625000000000E+001  0.773085783719169E+004 -0.335482787395449E-001  0.574185994880381E+004  0.318481009917377E-001 -0.298620860229621E+005 -0.109872926746903E+000  0.100000000000000E+001  0.000000000000000E+000  0.000000000000000E+000  0.000000000000000E+000  0.100000000000000E+001  0.000000000000000E+000  0.000000000000000E+000  0.000000000000000E+000  0.100000000000000E+001  0.590000000000000E+001  0.000000000000000E+000 -0.500000000000000E+000
  0.115937500000000E+001  0.773085963216296E+004 -0.335503848600638E-001  0.574191447479732E+004  0.318482393504382E-001 -0.298621306555646E+005 -0.109872981527587E+000  0.100000000000000E+001  0.000000000000000E+000  0.000000000000000E+000  0.000000000000000E+000  0.100000000000000E+001  0.000000000000000E+000  0.000000000000000E+000  0.000000000000000E+000  0.100000000000000E+001  0.590000000000000E+001  0.000000000000000E+000 -0.500000000000000E+000
  0.116250000000000E+001  0.773087467316181E+004 -0.335495530871412E-001  0.574162507092628E+004  0.318488090024402E-001 -0.298620027986768E+005 -0.109867282495543E+000  0.100000000000000E+001  0.000000000000000E+000  0.000000000000000E+000  0.000000000000000E+000  0.100000000000000E+001  0.000000000000000E+000  0.000000000000000E+000  0.000000000000000E+000  0.100000000000000E+001  0.590000000000000E+001  0.000000000000000E+000 -0.500000000000000E+000
  0.116562500000000E+001  0.773088743546053E+004 -0.335437354660826E-001  0.574148018405913E+004  0.318448254338364E-001 -0.298619761518483E+005 -0.109864414007461E+000  0.100000000000000E+001  0.000000000000000E+000  0.000000000000000E+000  0.000000000000000E+000  0.100000000000000E+001  0.000000000000000E+000  0.000000000000000E+000  0.000000000000000E+000  0.100000000000000E+001  0.590000000000000E+001  0.000000000000000E+000 -0.500000000000000E+000
  0.116875000000000E+001  0.773088729920336E+004 -0.335492120448180E-001  0.574175306702854E+004  0.318465382642898E-001 -0.298621241771062E+005 -0.109864124282467E+000  0.100000000000000E+001  0.000000000000000E+000  0.000000000000000E+000  0.000000000000000E+000  0.100000000000000E+001  0.000000000000000E+000  0.000000000000000E+000  0.000000000000000E+000  0.100000000000000E+001  0.590000000000000E+001  0.000000000000000E+000 -0.500000000000000E+000
  0.117187500000000E+001  0.773089033722455E+004 -0.335474523944868E-001  0.574180517851722E+004  0.318450331214990E-001 -0.298621496701385E+005 -0.109860882224893E+000  0.100000000000000E+001  0.000000000000000E+000  0.000000000000000E+000  0.000000000000000E+000  0.100000000000000E+001  0.000000000000000E+000  0.000000000000000E+000  0.000000000000000E+000  0.100000000000000E+001  0.590000000000000E+001  0.000000000000000E+000 -0.500000000000000E+000
  0.117500000000000E+001  0.773089399763665E+004 -0.335457379660511E-001  0.574178114625837E+004  0.318437751247984E-001 -0.298621429897012E+005 -0.109858341180370E+000  0.100000000000000E+001  0.000000000000000E+000  0.000000000000000E+000  0.000000000000000E+000  0.100000000000000E+001  0.000000000000000E+000  0.000000000000000E+000  0.000000000000000E+000  0.100000000000000E+001  0.590000000000000E+001  0.000000000000000E+000 -0.500000000000000E+000
  0.117812500000000E+001  0.773089649149138E+004 -0.335446752924327E-001  0.574177204332460E+004  0.318429700300840E-001 -0.298621419054068E+005 -0.109856644718093E+000  0.100000000000000E+001  0.000000000000000E+000  0.000000000000000E+000  0.000000000000000E+000  0.100000000000000E+001  0.000000000000000E+000  0.000000000000000E+000  0.000000000000000E+000  0.100000000000000E+001  0.590000000000000E+001  0.000000000000000E+000 -0.500000000000000E+000
  0.118125000000000E+001  0.773089817040171E+004 -0.335440838371142E-001  0.574177189931010E+004  0.318424812558078E-001 -0.298621448762242E+005 -0.109855501312268E+000  0.100000000000000E+001  0.000000000000000E+000  0.000000000000000E+000  0.000000000000000E+000  0.100000000000000E+001  0.000000000000000E+000  0.000000000000000E+000  0.000000000000000E+000  0.100000000000000E+001  0.590000000000000E+001  0.000000000000000E+000 -0.500000000000000E+000
  0.118437500000000E+001  0.773089951405391E+004 -0.335437124504097E-001  0.574177157277568E+004  0.318421509691689E-001 -0.298621473855594E+005 -0.109854661892314E+000  0.100000000000000E+001  0.000000000000000E+000  0.000000000000000E+000  0.000000000000000E+000  0.100000000000000E+001  0.000000000000000E+000  0.000000000000000E+000  0.000000000000000E+000  0.100000000000000E+001  0.590000000000000E+001  0.000000000000000E+000 -0.500000000000000E+000
  0.118750000000000E+001  0.773090079052122E+004 -0.335434313838050E-001  0.574176663688538E+004  0.318418928436586E-001 -0.298621464023943E+005 -0.109853968398966E+000  0.100000000000000E+001  0.000000000000000E+000  0.000000000000000E+000  0.000000000000000E+000  0.100000000000000E+001  0.000000000000000E+000  0.000000000000000E+000  0.000000000000000E+000  0.100000000000000E+001  0.590000000000000E+001  0.000000000000000E+000 -0.500000000000000E+000
  0.119062500000000E+001  0.773090221512819E+004 -0.335431946023164E-001  0.574176119316321E+004  0.318416722539041E-001 -0.298621439755445E+005 -0.109853354868392E+000  0.100000000000000E+001  0.000000000000000E+000  0.000000000000000E+000  0.000000000000000E+000  0.100000000000000E+001  0.000000000000000E+000  0.000000000000000E+000  0.000000000000000E+000  0.100000000000000E+001  0.590000000000000E+001  0.000000000000000E+000 -0.500000000000000E+000
  0.119375000000000E+001  0.773090372205109E+004 -0.335429926108191E-001  0.574175658588637E+004  0.318414824751017E-001 -0.298621410226734E+005 -0.109852811590827E+000  0.100000000000000E+001  0.000000000000000E+000  0.000000000000000E+000  0.000000000000000E+000  0.100000000000000E+001  0.000000000000000E+000  0.000000000000000E+000  0.000000000000000E+000  0.100000000000000E+001  0.590000000000000E+001  0.000000000000000E+000 -0.500000000000000E+000
  0.119687500000000E+001  0.773090520365456E+004 -0.335428196540306E-001  0.574175236810903E+004  0.318413208224229E-001 -0.298621379607614E+005 -0.109852335634059E+000  0.100000000000000E+001  0.000000000000000E+000  0.000000000000000E+000  0.000000000000000E+000  0.100000000000000E+001  0.000000000000000E+000  0.000000000000000E+000  0.000000000000000E+000  0.100000000000000E+001  0.590000000000000E+001  0.000000000000000E+000 -0.500000000000000E+000
  0.120000000000000E+001  0.773090658687346E+004 -0.335426730434847E-001  0.574174844677361E+004  0.318411834578001E-001 -0.298621351624388E+005 -0.109851924622490E+000  0.100000000000000E+001  0.000000000000000E+000  0.000000000000000E+000  0.000000000000000E+000  0.100000000000000E+001  0.000000000000000E+000  0.000000000000000E+000  0.000000000000000E+000  0.100000000000000E+001  0.590000000000000E+001  0.000000000000000E+000 -0.500000000000000E+000
  0.120312500000000E+001  0.773090780535670E+004 -0.335425455778022E-001  0.574174495974076E+004  0.318410628906349E-001 -0.298621329552139E+005 -0.109851559751405E+000  0.100000000000000E+001  0.000000000000000E+000  0.000000000000000E+000  0.000000000000000E+000  0.100000000000000E+001  0.000000000000000E+000  0.000000000000000E+000  0.000000000000000E+000  0.100000000000000E+001  0.590000000000000E+001  0.000000000000000E+000 -0.500000000000000E+000
  0.120625000000000E+001  0.773090883393634E+004 -0.335424369532120E-001  0.574174194860366E+004  0.318409600204177E-001 -0.298621315662963E+005 -0.109851244000311E+000  0.100000000000000E+001  0.000000000000000E+000  0.000000000000000E+000  0.000000000000000E+000  0.100000000000000E+001  0.000000000000000E+000  0.000000000000000E+000  0.000000000000000E+000  0.100000000000000E+001  0.590000000000000E+001  0.000000000000000E+000 -0.500000000000000E+000
  0.120937500000000E+001  0.773090969987478E+004 -0.335423425149202E-001  0.574173935716381E+004  0.318408703215027E-001 -0.298621309866911E+005 -0.109850966549857E+000  0.100000000000000E+001  0.000000000000000E+000  0.000000000000000E+000  0.000000000000000E+000  0.100000000000000E+001  0.000000000000000E+000  0.000000000000000E+000  0.000000000000000E+000  0.100000000000000E+001  0.590000000000000E+001  0.000000000000000E+000 -0.500000000000000E+000
  0.121250000000000E+001  0.773091045875314E+004 -0.335422571060917E-001  0.574173721720716E+004  0.318407889781156E-001 -0.298621311416184E+005 -0.109850712738989E+000  0.100000000000000E+001  0.000000000000000E+000  0.000000000000000E+000  0.000000000000000E+000  0.100000000000000E+001  0.000000000000000E+000  0.000000000000000E+000  0.000000000000000E+000  0.100000000000000E+001  0.590000000000000E+001  0.000000000000000E+000 -0.500000000000000E+000
  0.121562500000000E+001  0.773091120732469E+004 -0.335421837862668E-001  0.574173208708149E+004  0.318407189224672E-001 -0.298621299295099E+005 -0.109850492252008E+000  0.100000000000000E+001  0.000000000000000E+000  0.000000000000000E+000  0.000000000000000E+000  0.100000000000000E+001  0.000000000000000E+000  0.000000000000000E+000  0.000000000000000E+000  0.100000000000000E+001  0.590000000000000E+001  0.000000000000000E+000 -0.500000000000000E+000
  0.121875000000000E+001  0.773091189641926E+004 -0.335421131494513E-001  0.574172632500316E+004  0.318406515125389E-001 -0.298621283135867E+005 -0.109850276705401E+000  0.100000000000000E+001  0.000000000000000E+000  0.000000000000000E+000  0.000000000000000E+000  0.100000000000000E+001  0.000000000000000E+000  0.000000000000000E+000  0.000000000000000E+000  0.100000000000000E+001  0.590000000000000E+001  0.000000000000000E+000 -0.500000000000000E+000
  0.122187500000000E+001  0.773091240566140E+004 -0.335420513511053E-001  0.574172564415353E+004  0.318405924126637E-001 -0.298621290302475E+005 -0.109850087192171E+000  0.100000000000000E+001  0.000000000000000E+000  0.000000000000000E+000  0.000000000000000E+000  0.100000000000000E+001  0.000000000000000E+000  0.000000000000000E+000  0.000000000000000E+000  0.100000000000000E+001  0.590000000000000E+001  0.000000000000000E+000 -0.500000000000000E+000
  0.122500000000000E+001  0.773091265688953E+004 -0.335420041847101E-001  0.574173286686951E+004  0.318405468824494E-001 -0.298621331677188E+005 -0.109849941127322E+000  0.100000000000000E+001  0.000000000000000E+000  0.000000000000000E+000  0.000000000000000E+000  0.100000000000000E+001  0.000000000000000E+000  0.000000000000000E+000  0.000000000000000E+000  0.100000000000000E+001  0.590000000000000E+001  0.000000000000000E+000 -0.500000000000000E+000
  0.122812500000000E+001  0.773091267565954E+004 -0.335419751954760E-001  0.574174673800196E+004  0.318405187126700E-001 -0.298621398672864E+005 -0.109849854205095E+000  0.100000000000000E+001  0.000000000000000E+000  0.000000000000000E+000  0.000000000000000E+000  0.100000000000000E+001  0.000000000000000E+000  0.000000000000000E+000  0.000000000000000E+000  0.100000000000000E+001  0.590000000000000E+001  0.000000000000000E+000 -0.500000000000000E+000
  0.123125000000000E+001  0.773091298815468E+004 -0.335419489310880E-001  0.574174539713954E+004  0.318404934259888E-001 -0.298621390292965E+005 -0.109849774740724E+000  0.100000000000000E+001  0.000000000000000E+000  0.000000000000000E+000  0.000000000000000E+000  0.100000000000000E+001  0.000000000000000E+000  0.000000000000000E+000  0.000000000000000E+000  0.100000000000000E+001  0.590000000000000E+001  0.000000000000000E+000 -0.500000000000000E+000
  0.123437500000000E+001  0.773091344530810E+004 -0.335419199782336E-001  0.574173742800115E+004  0.318404655599807E-001 -0.298621351676444E+005 -0.109849687221867E+000  0.100000000000000E+001  0.000000000000000E+000  0.000000000000000E+000  0.000000000000000E+000  0.100000000000000E+001  0.000000000000000E+000  0.000000000000000E+000  0.000000000000000E+000  0.100000000000000E+001  0.590000000000000E+001  0.000000000000000E+000 -0.500000000000000E+000
  0.123750000000000E+001  0.773091383817728E+004 -0.335418906433915E-001  0.574173266159070E+004  0.318404378094783E-001 -0.298621329923032E+005 -0.109849596592539E+000  0.100000000000000E+001  0.000000000000000E+000  0.000000000000000E+000  0.000000000000000E+000  0.100000000000000E+001  0.000000000000000E+000  0.000000000000000E+000  0.000000000000000E+000  0.100000000000000E+001  0.590000000000000E+001  0.000000000000000E+000 -0.500000000000000E+000
  0.124062500000000E+001  0.773091417986121E+004 -0.335418622562429E-001  0.574172988382307E+004  0.318404107802053E-001 -0.298621319028043E+005 -0.109849509302876E+000  0.100000000000000E+001  0.000000000000000E+000  0.000000000000000E+000  0.000000000000000E+000  0.100000000000000E+001  0.000000000000000E+000  0.000000000000000E+000  0.000000000000000E+000  0.100000000000000E+001  0.590000000000000E+001  0.000000000000000E+000 -0.500000000000000E+000
  0.124375000000000E+001  0.773091448897420E+004 -0.335418365393707E-001  0.574172797247817E+004  0.318403867950110E-001 -0.298621313237024E+005 -0.109849432123156E+000  0.100000000000000E+001  0.000000000000000E+000  0.000000000000000E+000  0.000000000000000E+000  0.100000000000000E+001  0.000000000000000E+000  0.000000000000000E+000  0.000000000000000E+000  0.100000000000000E+001  0.590000000000000E+001  0.000000000000000E+000 -0.500000000000000E+000
  0.124687500000000E+001  0.773091476849922E+004 -0.335418127579032E-001  0.574172657982752E+004  0.318403653709538E-001 -0.298621310429070E+005 -0.109849362284876E+000  0.100000000000000E+001  0.000000000000000E+000  0.000000000000000E+000  0.000000000000000E+000  0.100000000000000E+001  0.000000000000000E+000  0.000000000000000E+000  0.000000000000000E+000  0.100000000000000E+001  0.590000000000000E+001  0.000000000000000E+000 -0.500000000000000E+000
  0.125000000000000E+001  0.773091515095222E+004 -0.335417903625057E-001  0.574172122340458E+004  0.318403436067456E-001 -0.298621293080325E+005 -0.109849286902318E+000  0.100000000000000E+001  0.000000000000000E+000  0.000000000000000E+000  0.000000000000000E+000  0.100000000000000E+001  0.000000000000000E+000  0.000000000000000E+000  0.000000000000000E+000  0.100000000000000E+001  0.590000000000000E+001  0.000000000000000E+000 -0.500000000000000E+000
  0.125312500000000E+001  0.773091569882353E+004 -0.335417702772247E-001  0.574171060215364E+004  0.318403167120778E-001 -0.298621256695732E+005 -0.109849184689665E+000  0.100000000000000E+001  0.000000000000000E+000  0.000000000000000E+000  0.000000000000000E+000  0.100000000000000E+001  0.000000000000000E+000  0.000000000000000E+000  0.000000000000000E+000  0.100000000000000E+001  0.590000000000000E+001  0.000000000000000E+000 -0.500000000000000E+000
  0.125625000000000E+001  0.773091636155309E+004 -0.335417223959666E-001  0.574169772565884E+004  0.318402750617679E-001 -0.298621213875679E+005 -0.109849056476378E+000  0.100000000000000E+001  0.000000000000000E+000  0.000000000000000E+000  0.000000000000000E+000  0.100000000000000E+001  0.000000000000000E+000  0.000000000000000E+000  0.000000000000000E+000  0.100000000000000E+001  0.590000000000000E+001  0.000000000000000E+000 -0.500000000000000E+000
  0.125937500000000E+001  0.773091719120569E+004 -0.335416736452316E-001  0.574168072870294E+004  0.318402285065531E-001 -0.298621155444917E+005 -0.109848900370707E+000  0.100000000000000E+001  0.000000000000000E+000  0.000000000000000E+000  0.000000000000000E+000  0.100000000000000E+001  0.000000000000000E+000  0.000000000000000E+000  0.000000000000000E+000  0.100000000000000E+001  0.590000000000000E+001  0.000000000000000E+000 -0.500000000000000E+000
  0.126250000000000E+001  0.773091796934456E+004 -0.335416205070942E-001  0.574166653839901E+004  0.318401752929276E-001 -0.298621111685172E+005 -0.109848716565466E+000  0.100000000000000E+001  0.000000000000000E+000  0.000000000000000E+000  0.000000000000000E+000  0.100000000000000E+001  0.000000000000000E+000  0.000000000000000E+000  0.000000000000000E+000  0.100000000000000E+001  0.590000000000000E+001  0.000000000000000E+000 -0.500000000000000E+000
  0.126562500000000E+001  0.773091838633724E+004 -0.335415668159840E-001  0.574166523268466E+004  0.318401241092943E-001 -0.298621129958742E+005 -0.109848545351269E+000  0.100000000000000E+001  0.000000000000000E+000  0.000000000000000E+000  0.000000000000000E+000  0.100000000000000E+001  0.000000000000000E+000  0.000000000000000E+000  0.000000000000000E+000  0.100000000000000E+001  0.590000000000000E+001  0.000000000000000E+000 -0.500000000000000E+000
  0.126875000000000E+001  0.773091832200242E+004 -0.335415259505680E-001  0.574167803419553E+004  0.318400856112930E-001 -0.298621209975571E+005 -0.109848418407637E+000  0.100000000000000E+001  0.000000000000000E+000  0.000000000000000E+000  0.000000000000000E+000  0.100000000000000E+001  0.000000000000000E+000  0.000000000000000E+000  0.000000000000000E+000  0.100000000000000E+001  0.590000000000000E+001  0.000000000000000E+000 -0.500000000000000E+000
  0.127187500000000E+001  0.773091790901609E+004 -0.335415079953236E-001  0.574169829331216E+004  0.318400687510803E-001 -0.298621316256252E+005 -0.109848364787467E+000  0.100000000000000E+001  0.000000000000000E+000  0.000000000000000E+000  0.000000000000000E+000  0.100000000000000E+001  0.000000000000000E+000  0.000000000000000E+000  0.000000000000000E+000  0.100000000000000E+001  0.590000000000000E+001  0.000000000000000E+000 -0.500000000000000E+000
  0.127500000000000E+001  0.773091760805322E+004 -0.335415000699868E-001  0.574170911448876E+004  0.318400613250560E-001 -0.298621370099533E+005 -0.109848342493933E+000  0.100000000000000E+001  0.000000000000000E+000  0.000000000000000E+000  0.000000000000000E+000  0.100000000000000E+001  0.000000000000000E+000  0.000000000000000E+000  0.000000000000000E+000  0.100000000000000E+001  0.590000000000000E+001  0.000000000000000E+000 -0.500000000000000E+000
  0.127812500000000E+001  0.773091764674628E+004 -0.335414898872841E-001  0.574170471859577E+004  0.318400518754061E-001 -0.298621350706469E+005 -0.109848310217785E+000  0.100000000000000E+001  0.000000000000000E+000  0.000000000000000E+000  0.000000000000000E+000  0.100000000000000E+001  0.000000000000000E+000  0.000000000000000E+000  0.000000000000000E+000  0.100000000000000E+001  0.590000000000000E+001  0.000000000000000E+000 -0.500000000000000E+000
  0.128125000000000E+001  0.773091767959126E+004 -0.335414795117686E-001  0.574170169479991E+004  0.318400418418605E-001 -0.298621337675205E+005 -0.109848277850688E+000  0.100000000000000E+001  0.000000000000000E+000  0.000000000000000E+000  0.000000000000000E+000  0.100000000000000E+001  0.000000000000000E+000  0.000000000000000E+000  0.000000000000000E+000  0.100000000000000E+001  0.590000000000000E+001  0.000000000000000E+000 -0.500000000000000E+000
  0.128437500000000E+001  0.773091768765055E+004 -0.335414698274690E-001  0.574170059949316E+004  0.318400324895265E-001 -0.298621334239709E+005 -0.109848247066111E+000  0.100000000000000E+001  0.000000000000000E+000  0.000000000000000E+000  0.000000000000000E+000  0.100000000000000E+001  0.000000000000000E+000  0.000000000000000E+000  0.000000000000000E+000  0.100000000000000E+001  0.590000000000000E+001  0.000000000000000E+000 -0.500000000000000E+000
  0.128750000000000E+001  0.773091771319132E+004 -0.335414600031072E-001  0.574169973672153E+004  0.318400234991714E-001 -0.298621332499062E+005 -0.109848216230603E+000  0.100000000000000E+001  0.000000000000000E+000  0.000000000000000E+000  0.000000000000000E+000  0.100000000000000E+001  0.000000000000000E+000  0.000000000000000E+000  0.000000000000000E+000  0.100000000000000E+001  0.590000000000000E+001  0.000000000000000E+000 -0.500000000000000E+000
  0.129062500000000E+001  0.773091776808438E+004 -0.335414504352229E-001  0.574169871892260E+004  0.318400143451072E-001 -0.298621330806401E+005 -0.109848185860756E+000  0.100000000000000E+001  0.000000000000000E+000  0.000000000000000E+000  0.000000000000000E+000  0.100000000000000E+001  0.000000000000000E+000  0.000000000000000E+000  0.000000000000000E+000  0.100000000000000E+001  0.590000000000000E+001  0.000000000000000E+000 -0.500000000000000E+000
  0.129375000000000E+001  0.773091782720675E+004 -0.335414420078450E-001  0.574169833526882E+004  0.318400066398681E-001 -0.298621332449100E+005 -0.109848159834655E+000  0.100000000000000E+001  0.000000000000000E+000  0.000000000000000E+000  0.000000000000000E+000  0.100000000000000E+001  0.000000000000000E+000  0.000000000000000E+000  0.000000000000000E+000  0.100000000000000E+001  0.590000000000000E+001  0.000000000000000E+000 -0.500000000000000E+000
  0.129687500000000E+001  0.773091788827761E+004 -0.335414345408935E-001  0.574169828708412E+004  0.318399995458094E-001 -0.298621335486502E+005 -0.109848135110951E+000  0.100000000000000E+001  0.000000000000000E+000  0.000000000000000E+000  0.000000000000000E+000  0.100000000000000E+001  0.000000000000000E+000  0.000000000000000E+000  0.000000000000000E+000  0.100000000000000E+001  0.590000000000000E+001  0.000000000000000E+000 -0.500000000000000E+000
  0.130000000000000E+001  0.773091794312045E+004 -0.335414282235433E-001  0.574169849089361E+004  0.318399934640183E-001 -0.298621339301835E+005 -0.109848113792395E+000  0.100000000000000E+001  0.000000000000000E+000  0.000000000000000E+000  0.000000000000000E+000  0.100000000000000E+001  0.000000000000000E+000  0.000000000000000E+000  0.000000000000000E+000  0.100000000000000E+001  0.590000000000000E+001  0.000000000000000E+000 -0.500000000000000E+000
  0.130312500000000E+001  0.773091799581668E+004 -0.335414226501598E-001  0.574169864354758E+004  0.318399880634388E-001 -0.298621342035348E+005 -0.109848096366477E+000  0.100000000000000E+001  0.000000000000000E+000  0.000000000000000E+000  0.000000000000000E+000  0.100000000000000E+001  0.000000000000000E+000  0.000000000000000E+000  0.000000000000000E+000  0.100000000000000E+001  0.590000000000000E+001  0.000000000000000E+000 -0.500000000000000E+000
  0.130625000000000E+001  0.773091805039303E+004 -0.335414165365364E-001  0.574169855376024E+004  0.318399822544961E-001 -0.298621343344845E+005 -0.109848076106573E+000  0.100000000000000E+001  0.000000000000000E+000  0.000000000000000E+000  0.000000000000000E+000  0.100000000000000E+001  0.000000000000000E+000  0.000000000000000E+000  0.000000000000000E+000  0.100000000000000E+001  0.590000000000000E+001  0.000000000000000E+000 -0.500000000000000E+000
  0.130937500000000E+001  0.773091809738451E+004 -0.335414124783711E-001  0.574169853445291E+004  0.318399783527639E-001 -0.298621344780338E+005 -0.109848064377729E+000  0.100000000000000E+001  0.000000000000000E+000  0.000000000000000E+000  0.000000000000000E+000  0.100000000000000E+001  0.000000000000000E+000  0.000000000000000E+000  0.000000000000000E+000  0.100000000000000E+001  0.590000000000000E+001  0.000000000000000E+000 -0.500000000000000E+000
  0.131250000000000E+001  0.773091813929218E+004 -0.335414072687854E-001  0.574169847814930E+004  0.318399733896513E-001 -0.298621345849038E+005 -0.109848047624837E+000  0.100000000000000E+001  0.000000000000000E+000  0.000000000000000E+000  0.000000000000000E+000  0.100000000000000E+001  0.000000000000000E+000  0.000000000000000E+000  0.000000000000000E+000  0.100000000000000E+001  0.590000000000000E+001  0.000000000000000E+000 -0.500000000000000E+000
  0.131562500000000E+001  0.773091817627532E+004 -0.335414044311619E-001  0.574169842462809E+004  0.318399706802666E-001 -0.298621346758497E+005 -0.109848037605843E+000  0.100000000000000E+001  0.000000000000000E+000  0.000000000000000E+000  0.000000000000000E+000  0.100000000000000E+001  0.000000000000000E+000  0.000000000000000E+000  0.000000000000000E+000  0.100000000000000E+001  0.590000000000000E+001  0.000000000000000E+000 -0.500000000000000E+000
  0.131875000000000E+001  0.773091820928851E+004 -0.335414013115951E-001  0.574169838230395E+004  0.318399678299102E-001 -0.298621347569740E+005 -0.109848028318083E+000  0.100000000000000E+001  0.000000000000000E+000  0.000000000000000E+000  0.000000000000000E+000  0.100000000000000E+001  0.000000000000000E+000  0.000000000000000E+000  0.000000000000000E+000  0.100000000000000E+001  0.590000000000000E+001  0.000000000000000E+000 -0.500000000000000E+000
  0.132187500000000E+001  0.773091823977064E+004 -0.335413973043615E-001  0.574169833096055E+004  0.318399640900680E-001 -0.298621348190275E+005 -0.109848014759336E+000  0.100000000000000E+001  0.000000000000000E+000  0.000000000000000E+000  0.000000000000000E+000  0.100000000000000E+001  0.000000000000000E+000  0.000000000000000E+000  0.000000000000000E+000  0.100000000000000E+001  0.590000000000000E+001  0.000000000000000E+000 -0.500000000000000E+000
  0.132500000000000E+001  0.773091826910891E+004 -0.335413951761439E-001  0.574169825008758E+004  0.318399618636249E-001 -0.298621348527489E+005 -0.109848007989058E+000  0.100000000000000E+001  0.000000000000000E+000  0.000000000000000E+000  0.000000000000000E+000  0.100000000000000E+001  0.000000000000000E+000  0.000000000000000E+000  0.000000000000000E+000  0.100000000000000E+001  0.590000000000000E+001  0.000000000000000E+000 -0.500000000000000E+000
  0.132812500000000E+001  0.773091829740486E+004 -0.335413928878552E-001  0.574169815696650E+004  0.318399598581891E-001 -0.298621348697569E+005 -0.109848001215141E+000  0.100000000000000E+001  0.000000000000000E+000  0.000000000000000E+000  0.000000000000000E+000  0.100000000000000E+001  0.000000000000000E+000  0.000000000000000E+000  0.000000000000000E+000  0.100000000000000E+001  0.590000000000000E+001  0.000000000000000E+000 -0.500000000000000E+000
  0.133125000000000E+001  0.773091832342294E+004 -0.335413899010746E-001  0.574169809194742E+004  0.318399570533074E-001 -0.298621348919399E+005 -0.109847991305287E+000  0.100000000000000E+001  0.000000000000000E+000  0.000000000000000E+000  0.000000000000000E+000  0.100000000000000E+001  0.000000000000000E+000  0.000000000000000E+000  0.000000000000000E+000  0.100000000000000E+001  0.590000000000000E+001  0.000000000000000E+000 -0.500000000000000E+000
  0.133437500000000E+001  0.773091834718885E+004 -0.335413875691302E-001  0.574169803966527E+004  0.318399548214074E-001 -0.298621349134009E+005 -0.109847982475912E+000  0.100000000000000E+001  0.000000000000000E+000  0.000000000000000E+000  0.000000000000000E+000  0.100000000000000E+001  0.000000000000000E+000  0.000000000000000E+000  0.000000000000000E+000  0.100000000000000E+001  0.590000000000000E+001  0.000000000000000E+000 -0.500000000000000E+000
  0.133750000000000E+001  0.773091836916658E+004 -0.335413860848348E-001  0.574169797863304E+004  0.318399532297917E-001 -0.298621349269082E+005 -0.109847978586913E+000  0.100000000000000E+001  0.000000000000000E+000  0.000000000000000E+000  0.000000000000000E+000  0.100000000000000E+001  0.000000000000000E+000  0.000000000000000E+000  0.000000000000000E+000  0.100000000000000E+001  0.590000000000000E+001  0.000000000000000E+000 -0.500000000000000E+000
  0.134062500000000E+001  0.773091838923700E+004 -0.335413842512935E-001  0.574169791620617E+004  0.318399515263081E-001 -0.298621349380425E+005 -0.109847972278658E+000  0.100000000000000E+001  0.000000000000000E+000  0.000000000000000E+000  0.000000000000000E+000  0.100000000000000E+001  0.000000000000000E+000  0.000000000000000E+000  0.000000000000000E+000  0.100000000000000E+001  0.590000000000000E+001  0.000000000000000E+000 -0.500000000000000E+000
  0.134375000000000E+001  0.773091840752464E+004 -0.335413820521353E-001  0.574169785257907E+004  0.318399495945414E-001 -0.298621349479046E+005 -0.109847965286463E+000  0.100000000000000E+001  0.000000000000000E+000  0.000000000000000E+000  0.000000000000000E+000  0.100000000000000E+001  0.000000000000000E+000  0.000000000000000E+000  0.000000000000000E+000  0.100000000000000E+001  0.590000000000000E+001  0.000000000000000E+000 -0.500000000000000E+000
  0.134687500000000E+001  0.773091842424369E+004 -0.335413812390470E-001  0.574169778830218E+004  0.318399487150600E-001 -0.298621349569090E+005 -0.109847962889035E+000  0.100000000000000E+001  0.000000000000000E+000  0.000000000000000E+000  0.000000000000000E+000  0.100000000000000E+001  0.000000000000000E+000  0.000000000000000E+000  0.000000000000000E+000  0.100000000000000E+001  0.590000000000000E+001  0.000000000000000E+000 -0.500000000000000E+000
  0.135000000000000E+001  0.773091843961199E+004 -0.335413789398444E-001  0.574169772353846E+004  0.318399465277253E-001 -0.298621349644824E+005 -0.109847955045552E+000  0.100000000000000E+001  0.000000000000000E+000  0.000000000000000E+000  0.000000000000000E+000  0.100000000000000E+001  0.000000000000000E+000  0.000000000000000E+000  0.000000000000000E+000  0.100000000000000E+001  0.590000000000000E+001  0.000000000000000E+000 -0.500000000000000E+000
  0.135312500000000E+001  0.773091845356194E+004 -0.335413785251149E-001  0.574169766633837E+004  0.318399462275920E-001 -0.298621349733345E+005 -0.109847952673590E+000  0.100000000000000E+001  0.000000000000000E+000  0.000000000000000E+000  0.000000000000000E+000  0.100000000000000E+001  0.000000000000000E+000  0.000000000000000E+000  0.000000000000000E+000  0.100000000000000E+001  0.590000000000000E+001  0.000000000000000E+000 -0.500000000000000E+000
  0.135625000000000E+001  0.773091846583102E+004 -0.335413773209439E-001  0.574169763017723E+004  0.318399449743083E-001 -0.298621349892904E+005 -0.109847949224786E+000  0.100000000000000E+001  0.000000000000000E+000  0.000000000000000E+000  0.000000000000000E+000  0.100000000000000E+001  0.000000000000000E+000  0.000000000000000E+000  0.000000000000000E+000  0.100000000000000E+001  0.590000000000000E+001  0.000000000000000E+000 -0.500000000000000E+000
  0.135937500000000E+001  0.773091847621778E+004 -0.335413756256457E-001  0.574169762375015E+004  0.318399434054299E-001 -0.298621350158738E+005 -0.109847944648209E+000  0.100000000000000E+001  0.000000000000000E+000  0.000000000000000E+000  0.000000000000000E+000  0.100000000000000E+001  0.000000000000000E+000  0.000000000000000E+000  0.000000000000000E+000  0.100000000000000E+001  0.590000000000000E+001  0.000000000000000E+000 -0.500000000000000E+000
  0.136250000000000E+001  0.773091848486234E+004 -0.335413746397535E-001  0.574169764200274E+004  0.318399424295421E-001 -0.298621350499746E+005 -0.109847940988402E+000  0.100000000000000E+001  0.000000000000000E+000  0.000000000000000E+000  0.000000000000000E+000  0.100000000000000E+001  0.000000000000000E+000  0.000000000000000E+000  0.000000000000000E+000  0.100000000000000E+001  0.590000000000000E+001  0.000000000000000E+000 -0.500000000000000E+000
  0.136562500000000E+001  0.773091849267975E+004 -0.335413741304365E-001  0.574169765126797E+004  0.318399420202695E-001 -0.298621350758085E+005 -0.109847938630992E+000  0.100000000000000E+001  0.000000000000000E+000  0.000000000000000E+000  0.000000000000000E+000  0.100000000000000E+001  0.000000000000000E+000  0.000000000000000E+000  0.000000000000000E+000  0.100000000000000E+001  0.590000000000000E+001  0.000000000000000E+000 -0.500000000000000E+000
  0.136875000000000E+001  0.773091850052389E+004 -0.335413739885553E-001  0.574169762499698E+004  0.318399418292756E-001 -0.298621350822588E+005 -0.109847938525490E+000  0.100000000000000E+001  0.000000000000000E+000  0.000000000000000E+000  0.000000000000000E+000  0.100000000000000E+001  0.000000000000000E+000  0.000000000000000E+000  0.000000000000000E+000  0.100000000000000E+001  0.590000000000000E+001  0.000000000000000E+000 -0.500000000000000E+000
  0.137187500000000E+001  0.773091850811146E+004 -0.335413725333638E-001  0.574169758478476E+004  0.318399403095100E-001 -0.298621350808079E+005 -0.109847933621495E+000  0.100000000000000E+001  0.000000000000000E+000  0.000000000000000E+000  0.000000000000000E+000  0.100000000000000E+001  0.000000000000000E+000  0.000000000000000E+000  0.000000000000000E+000  0.100000000000000E+001  0.590000000000000E+001  0.000000000000000E+000 -0.500000000000000E+000
  0.137500000000000E+001  0.773091851516453E+004 -0.335413719421922E-001  0.574169754751375E+004  0.318399398292968E-001 -0.298621350801409E+005 -0.109847931613331E+000  0.100000000000000E+001  0.000000000000000E+000  0.000000000000000E+000  0.000000000000000E+000  0.100000000000000E+001  0.000000000000000E+000  0.000000000000000E+000  0.000000000000000E+000  0.100000000000000E+001  0.590000000000000E+001  0.000000000000000E+000 -0.500000000000000E+000
  0.137812500000000E+001  0.773091852181656E+004 -0.335413709453860E-001  0.574169751048222E+004  0.318399389725528E-001 -0.298621350794925E+005 -0.109847929106763E+000  0.100000000000000E+001  0.000000000000000E+000  0.000000000000000E+000  0.000000000000000E+000  0.100000000000000E+001  0.000000000000000E+000  0.000000000000000E+000  0.000000000000000E+000  0.100000000000000E+001  0.590000000000000E+001  0.000000000000000E+000 -0.500000000000000E+000
  0.138125000000000E+001  0.773091852828108E+004 -0.335413712400623E-001  0.574169746812814E+004  0.318399391808271E-001 -0.298621350766660E+005 -0.109847929648822E+000  0.100000000000000E+001  0.000000000000000E+000  0.000000000000000E+000  0.000000000000000E+000  0.100000000000000E+001  0.000000000000000E+000  0.000000000000000E+000  0.000000000000000E+000  0.100000000000000E+001  0.590000000000000E+001  0.000000000000000E+000 -0.500000000000000E+000
  0.138437500000000E+001  0.773091853484182E+004 -0.335413697976037E-001  0.574169741335361E+004  0.318399378111280E-001 -0.298621350689456E+005 -0.109847925774375E+000  0.100000000000000E+001  0.000000000000000E+000  0.000000000000000E+000  0.000000000000000E+000  0.100000000000000E+001  0.000000000000000E+000  0.000000000000000E+000  0.000000000000000E+000  0.100000000000000E+001  0.590000000000000E+001  0.000000000000000E+000 -0.500000000000000E+000
  0.138750000000000E+001  0.773091854172517E+004 -0.335413700850040E-001  0.574169734147516E+004  0.318399380439587E-001 -0.298621350547316E+005 -0.109847925603390E+000  0.100000000000000E+001  0.000000000000000E+000  0.000000000000000E+000  0.000000000000000E+000  0.100000000000000E+001  0.000000000000000E+000  0.000000000000000E+000  0.000000000000000E+000  0.100000000000000E+001  0.590000000000000E+001  0.000000000000000E+000 -0.500000000000000E+000
  0.139062500000000E+001  0.773091854880247E+004 -0.335413688371773E-001  0.574169726020172E+004  0.318399369471081E-001 -0.298621350377410E+005 -0.109847922049084E+000  0.100000000000000E+001  0.000000000000000E+000  0.000000000000000E+000  0.000000000000000E+000  0.100000000000000E+001  0.000000000000000E+000  0.000000000000000E+000  0.000000000000000E+000  0.100000000000000E+001  0.590000000000000E+001  0.000000000000000E+000 -0.500000000000000E+000
  0.139375000000000E+001  0.773091855571460E+004 -0.335413683260413E-001  0.574169718251140E+004  0.318399364050492E-001 -0.298621350235204E+005 -0.109847920211905E+000  0.100000000000000E+001  0.000000000000000E+000  0.000000000000000E+000  0.000000000000000E+000  0.100000000000000E+001  0.000000000000000E+000  0.000000000000000E+000  0.000000000000000E+000  0.100000000000000E+001  0.590000000000000E+001  0.000000000000000E+000 -0.500000000000000E+000
  0.139687500000000E+001  0.773091856191613E+004 -0.335413676912140E-001  0.574169712410680E+004  0.318399358529859E-001 -0.298621350184949E+005 -0.109847918469313E+000  0.100000000000000E+001  0.000000000000000E+000  0.000000000000000E+000  0.000000000000000E+000  0.100000000000000E+001  0.000000000000000E+000  0.000000000000000E+000  0.000000000000000E+000  0.100000000000000E+001  0.590000000000000E+001  0.000000000000000E+000 -0.500000000000000E+000
  0.140000000000000E+001  0.773091856675519E+004 -0.335413671582501E-001  0.574169710205060E+004  0.318399352672714E-001 -0.298621350295334E+005 -0.109847916130093E+000  0.100000000000000E+001  0.000000000000000E+000  0.000000000000000E+000  0.000000000000000E+000  0.100000000000000E+001  0.000000000000000E+000  0.000000000000000E+000  0.000000000000000E+000  0.100000000000000E+001  0.590000000000000E+001  0.000000000000000E+000 -0.500000000000000E+000

