 # Integral loads: N.components: 6
 #                 Ref.sys     : Stability
 #                 Components  : wing_right , wing_left , tail_right , tail_left , lerx_right , lerx_left
 #  t , Fx , Fy , Fz , Mx , My , Mz , ref_mat(9) , ref_off(3) 
  0.100000000000000E+001  0.243609514761261E+004 -0.111464050689847E-002 -0.401100460743771E+004  0.162670819463528E-002 -0.262706560425661E+004 -0.449108934935794E-002  0.100000000000000E+001  0.000000000000000E+000  0.000000000000000E+000  0.000000000000000E+000  0.100000000000000E+001  0.000000000000000E+000  0.000000000000000E+000  0.000000000000000E+000  0.100000000000000E+001  0.590000000000000E+001  0.000000000000000E+000 -0.500000000000000E+000
  0.100312500000000E+001 -0.138265835260891E+003 -0.219802812949865E-003 -0.104060485607229E+003  0.341980043344847E-003 -0.195823726504613E+004 -0.702065818643405E-003  0.100000000000000E+001  0.000000000000000E+000  0.000000000000000E+000  0.000000000000000E+000  0.100000000000000E+001  0.000000000000000E+000  0.000000000000000E+000  0.000000000000000E+000  0.100000000000000E+001  0.590000000000000E+001  0.000000000000000E+000 -0.500000000000000E+000
  0.100625000000000E+001 -0.139836346660327E+003 -0.203287121337326E-003 -0.124195777604144E+003  0.441997838419184E-002 -0.190119239390341E+004 -0.593547926939664E-003  0.100000000000000E+001  0.000000000000000E+000  0.000000000000000E+000  0.000000000000000E+000  0.100000000000000E+001  0.000000000000000E+000  0.000000000000000E+000  0.000000000000000E+000  0.100000000000000E+001  0.590000000000000E+001  0.000000000000000E+000 -0.500000000000000E+000
  0.100937500000000E+001 -0.140339468935969E+003 -0.189769028764886E-003 -0.128643453406828E+003  0.781691323368250E-004 -0.188580954958442E+004 -0.626795122968815E-003  0.100000000000000E+001  0.000000000000000E+000  0.000000000000000E+000  0.000000000000000E+000  0.100000000000000E+001  0.000000000000000E+000  0.000000000000000E+000  0.000000000000000E+000  0.100000000000000E+001  0.590000000000000E+001  0.000000000000000E+000 -0.500000000000000E+000
  0.101250000000000E+001 -0.140713805533595E+003 -0.184629564358829E-003 -0.130025467515481E+003 -0.741570479078746E-003 -0.188013004508501E+004 -0.642461455925059E-003  0.100000000000000E+001  0.000000000000000E+000  0.000000000000000E+000  0.000000000000000E+000  0.100000000000000E+001  0.000000000000000E+000  0.000000000000000E+000  0.000000000000000E+000  0.100000000000000E+001  0.590000000000000E+001  0.000000000000000E+000 -0.500000000000000E+000
  0.101562500000000E+001 -0.141146159358289E+003 -0.187503337514272E-003 -0.130824760111060E+003 -0.989479901875256E-003 -0.187989335695844E+004 -0.662624865356065E-003  0.100000000000000E+001  0.000000000000000E+000  0.000000000000000E+000  0.000000000000000E+000  0.100000000000000E+001  0.000000000000000E+000  0.000000000000000E+000  0.000000000000000E+000  0.100000000000000E+001  0.590000000000000E+001  0.000000000000000E+000 -0.500000000000000E+000
  0.101875000000000E+001 -0.141572928189180E+003 -0.188645189183489E-003 -0.130785756728611E+003 -0.108315208404974E-002 -0.188497342042904E+004 -0.678587792776852E-003  0.100000000000000E+001  0.000000000000000E+000  0.000000000000000E+000  0.000000000000000E+000  0.100000000000000E+001  0.000000000000000E+000  0.000000000000000E+000  0.000000000000000E+000  0.100000000000000E+001  0.590000000000000E+001  0.000000000000000E+000 -0.500000000000000E+000
  0.102187500000000E+001 -0.141773832979159E+003 -0.189775809872117E-003 -0.129774485933224E+003 -0.954691399101648E-003 -0.189391850453930E+004 -0.678177013980985E-003  0.100000000000000E+001  0.000000000000000E+000  0.000000000000000E+000  0.000000000000000E+000  0.100000000000000E+001  0.000000000000000E+000  0.000000000000000E+000  0.000000000000000E+000  0.100000000000000E+001  0.590000000000000E+001  0.000000000000000E+000 -0.500000000000000E+000
  0.102500000000000E+001 -0.141628714675213E+003 -0.205891094992694E-003 -0.128303344920596E+003 -0.996847339195028E-003 -0.190359766270754E+004 -0.647582538533698E-003  0.100000000000000E+001  0.000000000000000E+000  0.000000000000000E+000  0.000000000000000E+000  0.100000000000000E+001  0.000000000000000E+000  0.000000000000000E+000  0.000000000000000E+000  0.100000000000000E+001  0.590000000000000E+001  0.000000000000000E+000 -0.500000000000000E+000
  0.102812500000000E+001 -0.141192943822546E+003 -0.221069304274124E-003 -0.126083892399010E+003 -0.684271581121720E-003 -0.191262282472025E+004 -0.625815115938622E-003  0.100000000000000E+001  0.000000000000000E+000  0.000000000000000E+000  0.000000000000000E+000  0.100000000000000E+001  0.000000000000000E+000  0.000000000000000E+000  0.000000000000000E+000  0.100000000000000E+001  0.590000000000000E+001  0.000000000000000E+000 -0.500000000000000E+000
  0.103125000000000E+001 -0.140586355615911E+003 -0.235361604268292E-003 -0.125636118338909E+003  0.413747769528072E-003 -0.191818415906605E+004 -0.620148104530927E-003  0.100000000000000E+001  0.000000000000000E+000  0.000000000000000E+000  0.000000000000000E+000  0.100000000000000E+001  0.000000000000000E+000  0.000000000000000E+000  0.000000000000000E+000  0.100000000000000E+001  0.590000000000000E+001  0.000000000000000E+000 -0.500000000000000E+000
  0.103437500000000E+001 -0.140081436741731E+003 -0.210851763910114E-003 -0.129611444335493E+003  0.152813099134619E-003 -0.191675336463228E+004 -0.621902000204955E-003  0.100000000000000E+001  0.000000000000000E+000  0.000000000000000E+000  0.000000000000000E+000  0.100000000000000E+001  0.000000000000000E+000  0.000000000000000E+000  0.000000000000000E+000  0.100000000000000E+001  0.590000000000000E+001  0.000000000000000E+000 -0.500000000000000E+000
  0.103750000000000E+001 -0.139900513032188E+003 -0.193383518904966E-003 -0.132851429746886E+003  0.304880295516341E-004 -0.191527875707996E+004 -0.573344643044038E-003  0.100000000000000E+001  0.000000000000000E+000  0.000000000000000E+000  0.000000000000000E+000  0.100000000000000E+001  0.000000000000000E+000  0.000000000000000E+000  0.000000000000000E+000  0.100000000000000E+001  0.590000000000000E+001  0.000000000000000E+000 -0.500000000000000E+000
  0.104062500000000E+001 -0.140061954814769E+003 -0.179895429909038E-003 -0.134652156465516E+003  0.826353751222086E-004 -0.191357283691293E+004 -0.525054594277208E-003  0.100000000000000E+001  0.000000000000000E+000  0.000000000000000E+000  0.000000000000000E+000  0.100000000000000E+001  0.000000000000000E+000  0.000000000000000E+000  0.000000000000000E+000  0.100000000000000E+001  0.590000000000000E+001  0.000000000000000E+000 -0.500000000000000E+000
  0.104375000000000E+001 -0.140400420179176E+003 -0.163371360855535E-003 -0.136865367583307E+003  0.103899359658044E-003 -0.190662836589328E+004 -0.463112194495352E-003  0.100000000000000E+001  0.000000000000000E+000  0.000000000000000E+000  0.000000000000000E+000  0.100000000000000E+001  0.000000000000000E+000  0.000000000000000E+000  0.000000000000000E+000  0.100000000000000E+001  0.590000000000000E+001  0.000000000000000E+000 -0.500000000000000E+000
  0.104687500000000E+001 -0.140710983584644E+003 -0.148796369273896E-003 -0.139263965464268E+003  0.112520464597310E-003 -0.189729893588748E+004 -0.401709189247867E-003  0.100000000000000E+001  0.000000000000000E+000  0.000000000000000E+000  0.000000000000000E+000  0.100000000000000E+001  0.000000000000000E+000  0.000000000000000E+000  0.000000000000000E+000  0.100000000000000E+001  0.590000000000000E+001  0.000000000000000E+000 -0.500000000000000E+000
  0.105000000000000E+001 -0.140933786253466E+003 -0.169773518052807E-003 -0.140876944804142E+003  0.185246910405112E-003 -0.189090362243346E+004 -0.460561132967996E-003  0.100000000000000E+001  0.000000000000000E+000  0.000000000000000E+000  0.000000000000000E+000  0.100000000000000E+001  0.000000000000000E+000  0.000000000000000E+000  0.000000000000000E+000  0.100000000000000E+001  0.590000000000000E+001  0.000000000000000E+000 -0.500000000000000E+000
  0.105312500000000E+001 -0.141047756389277E+003 -0.234602640404091E-003 -0.141442111710536E+003  0.329678460730065E-003 -0.188886728092891E+004 -0.687883847206194E-003  0.100000000000000E+001  0.000000000000000E+000  0.000000000000000E+000  0.000000000000000E+000  0.100000000000000E+001  0.000000000000000E+000  0.000000000000000E+000  0.000000000000000E+000  0.100000000000000E+001  0.590000000000000E+001  0.000000000000000E+000 -0.500000000000000E+000
  0.105625000000000E+001 -0.141043085090964E+003 -0.284406187063269E-003 -0.141335284266096E+003  0.439500099730594E-003 -0.188963798202011E+004 -0.880854202819137E-003  0.100000000000000E+001  0.000000000000000E+000  0.000000000000000E+000  0.000000000000000E+000  0.100000000000000E+001  0.000000000000000E+000  0.000000000000000E+000  0.000000000000000E+000  0.100000000000000E+001  0.590000000000000E+001  0.000000000000000E+000 -0.500000000000000E+000
  0.105937500000000E+001 -0.140952112532884E+003 -0.301540659449984E-003 -0.141013468063291E+003  0.483640127526996E-003 -0.189132503181561E+004 -0.966149004398176E-003  0.100000000000000E+001  0.000000000000000E+000  0.000000000000000E+000  0.000000000000000E+000  0.100000000000000E+001  0.000000000000000E+000  0.000000000000000E+000  0.000000000000000E+000  0.100000000000000E+001  0.590000000000000E+001  0.000000000000000E+000 -0.500000000000000E+000
  0.106250000000000E+001 -0.140820854460010E+003 -0.303614785735817E-003 -0.140694001485081E+003  0.496580218339204E-003 -0.189303098227667E+004 -0.100150796578191E-002  0.100000000000000E+001  0.000000000000000E+000  0.000000000000000E+000  0.000000000000000E+000  0.100000000000000E+001  0.000000000000000E+000  0.000000000000000E+000  0.000000000000000E+000  0.100000000000000E+001  0.590000000000000E+001  0.000000000000000E+000 -0.500000000000000E+000
  0.106562500000000E+001 -0.140694175157339E+003 -0.314796096176906E-003 -0.140396343964369E+003  0.526242648106745E-003 -0.189471910520413E+004 -0.108503467566834E-002  0.100000000000000E+001  0.000000000000000E+000  0.000000000000000E+000  0.000000000000000E+000  0.100000000000000E+001  0.000000000000000E+000  0.000000000000000E+000  0.000000000000000E+000  0.100000000000000E+001  0.590000000000000E+001  0.000000000000000E+000 -0.500000000000000E+000
  0.106875000000000E+001 -0.140610125402492E+003 -0.354482692898728E-003 -0.140047498482741E+003  0.605175315399720E-003 -0.189680295128562E+004 -0.131770161004852E-002  0.100000000000000E+001  0.000000000000000E+000  0.000000000000000E+000  0.000000000000000E+000  0.100000000000000E+001  0.000000000000000E+000  0.000000000000000E+000  0.000000000000000E+000  0.100000000000000E+001  0.590000000000000E+001  0.000000000000000E+000 -0.500000000000000E+000
  0.107187500000000E+001 -0.140596993575199E+003 -0.371879978843026E-003 -0.139715667692883E+003  0.629211242312522E-003 -0.189897311711067E+004 -0.143514105548093E-002  0.100000000000000E+001  0.000000000000000E+000  0.000000000000000E+000  0.000000000000000E+000  0.100000000000000E+001  0.000000000000000E+000  0.000000000000000E+000  0.000000000000000E+000  0.100000000000000E+001  0.590000000000000E+001  0.000000000000000E+000 -0.500000000000000E+000
  0.107500000000000E+001 -0.140638365646706E+003 -0.263910624624941E-003 -0.139828372274875E+003  0.424768584821322E-003 -0.189894631376995E+004 -0.889568464913282E-003  0.100000000000000E+001  0.000000000000000E+000  0.000000000000000E+000  0.000000000000000E+000  0.100000000000000E+001  0.000000000000000E+000  0.000000000000000E+000  0.000000000000000E+000  0.100000000000000E+001  0.590000000000000E+001  0.000000000000000E+000 -0.500000000000000E+000
  0.107812500000000E+001 -0.140682141808440E+003 -0.206539106528680E-003 -0.140182331027803E+003  0.312478410705808E-003 -0.189761081641449E+004 -0.596200822883475E-003  0.100000000000000E+001  0.000000000000000E+000  0.000000000000000E+000  0.000000000000000E+000  0.100000000000000E+001  0.000000000000000E+000  0.000000000000000E+000  0.000000000000000E+000  0.100000000000000E+001  0.590000000000000E+001  0.000000000000000E+000 -0.500000000000000E+000
  0.108125000000000E+001 -0.140709957791131E+003 -0.205935773209376E-003 -0.140437462255714E+003  0.307117451541217E-003 -0.189667984537998E+004 -0.595135058802043E-003  0.100000000000000E+001  0.000000000000000E+000  0.000000000000000E+000  0.000000000000000E+000  0.100000000000000E+001  0.000000000000000E+000  0.000000000000000E+000  0.000000000000000E+000  0.100000000000000E+001  0.590000000000000E+001  0.000000000000000E+000 -0.500000000000000E+000
  0.108437500000000E+001 -0.140725077570268E+003 -0.214504495573919E-003 -0.140567109013394E+003  0.321855422782846E-003 -0.189631423548938E+004 -0.641866805835889E-003  0.100000000000000E+001  0.000000000000000E+000  0.000000000000000E+000  0.000000000000000E+000  0.100000000000000E+001  0.000000000000000E+000  0.000000000000000E+000  0.000000000000000E+000  0.100000000000000E+001  0.590000000000000E+001  0.000000000000000E+000 -0.500000000000000E+000
  0.108750000000000E+001 -0.140732833607818E+003 -0.219316302832340E-003 -0.140630170836034E+003  0.330926438721235E-003 -0.189623398341363E+004 -0.669198584091646E-003  0.100000000000000E+001  0.000000000000000E+000  0.000000000000000E+000  0.000000000000000E+000  0.100000000000000E+001  0.000000000000000E+000  0.000000000000000E+000  0.000000000000000E+000  0.100000000000000E+001  0.590000000000000E+001  0.000000000000000E+000 -0.500000000000000E+000
  0.109062500000000E+001 -0.140763412668829E+003 -0.221361535523101E-003 -0.138149359679894E+003  0.335233808584690E-003 -0.189943491597301E+004 -0.681777745569434E-003  0.100000000000000E+001  0.000000000000000E+000  0.000000000000000E+000  0.000000000000000E+000  0.100000000000000E+001  0.000000000000000E+000  0.000000000000000E+000  0.000000000000000E+000  0.100000000000000E+001  0.590000000000000E+001  0.000000000000000E+000 -0.500000000000000E+000
  0.109375000000000E+001 -0.140767950350535E+003 -0.222765396159730E-003 -0.137482133337223E+003  0.339216975589807E-003 -0.190011121396990E+004 -0.690194764729313E-003  0.100000000000000E+001  0.000000000000000E+000  0.000000000000000E+000  0.000000000000000E+000  0.100000000000000E+001  0.000000000000000E+000  0.000000000000000E+000  0.000000000000000E+000  0.100000000000000E+001  0.590000000000000E+001  0.000000000000000E+000 -0.500000000000000E+000
  0.109687500000000E+001 -0.140753641209525E+003 -0.222309800676612E-003 -0.138592493533828E+003  0.338903985948491E-003 -0.189855795901155E+004 -0.689795338018939E-003  0.100000000000000E+001  0.000000000000000E+000  0.000000000000000E+000  0.000000000000000E+000  0.100000000000000E+001  0.000000000000000E+000  0.000000000000000E+000  0.000000000000000E+000  0.100000000000000E+001  0.590000000000000E+001  0.000000000000000E+000 -0.500000000000000E+000
  0.110000000000000E+001 -0.140750490115092E+003 -0.222064169435043E-003 -0.138883771725887E+003  0.339255997289456E-003 -0.189812077858254E+004 -0.689896172787030E-003  0.100000000000000E+001  0.000000000000000E+000  0.000000000000000E+000  0.000000000000000E+000  0.100000000000000E+001  0.000000000000000E+000  0.000000000000000E+000  0.000000000000000E+000  0.100000000000000E+001  0.590000000000000E+001  0.000000000000000E+000 -0.500000000000000E+000
  0.110312500000000E+001 -0.140749207394242E+003 -0.221782008424043E-003 -0.138974696926651E+003  0.339576320527613E-003 -0.189798514723464E+004 -0.689568710583899E-003  0.100000000000000E+001  0.000000000000000E+000  0.000000000000000E+000  0.000000000000000E+000  0.100000000000000E+001  0.000000000000000E+000  0.000000000000000E+000  0.000000000000000E+000  0.100000000000000E+001  0.590000000000000E+001  0.000000000000000E+000 -0.500000000000000E+000
  0.110625000000000E+001 -0.140748077929327E+003 -0.221459888365416E-003 -0.139019568389184E+003  0.339797126457597E-003 -0.189792221893490E+004 -0.688872995397105E-003  0.100000000000000E+001  0.000000000000000E+000  0.000000000000000E+000  0.000000000000000E+000  0.100000000000000E+001  0.000000000000000E+000  0.000000000000000E+000  0.000000000000000E+000  0.100000000000000E+001  0.590000000000000E+001  0.000000000000000E+000 -0.500000000000000E+000
  0.110937500000000E+001 -0.140746908812373E+003 -0.221116789333564E-003 -0.139050360691095E+003  0.339934005921805E-003 -0.189787888078321E+004 -0.687940951820565E-003  0.100000000000000E+001  0.000000000000000E+000  0.000000000000000E+000  0.000000000000000E+000  0.100000000000000E+001  0.000000000000000E+000  0.000000000000000E+000  0.000000000000000E+000  0.100000000000000E+001  0.590000000000000E+001  0.000000000000000E+000 -0.500000000000000E+000
  0.111250000000000E+001 -0.140745808724586E+003 -0.220763932674117E-003 -0.139074118367286E+003  0.339999585207806E-003 -0.189784150135283E+004 -0.686854201205733E-003  0.100000000000000E+001  0.000000000000000E+000  0.000000000000000E+000  0.000000000000000E+000  0.100000000000000E+001  0.000000000000000E+000  0.000000000000000E+000  0.000000000000000E+000  0.100000000000000E+001  0.590000000000000E+001  0.000000000000000E+000 -0.500000000000000E+000
  0.111562500000000E+001 -0.140744983516020E+003 -0.220412566676487E-003 -0.139092784081390E+003  0.340013879394974E-003 -0.189780588219591E+004 -0.685689003205425E-003  0.100000000000000E+001  0.000000000000000E+000  0.000000000000000E+000  0.000000000000000E+000  0.100000000000000E+001  0.000000000000000E+000  0.000000000000000E+000  0.000000000000000E+000  0.100000000000000E+001  0.590000000000000E+001  0.000000000000000E+000 -0.500000000000000E+000
  0.111875000000000E+001 -0.140744611878761E+003 -0.220069992536764E-003 -0.139106845004758E+003  0.339994486012074E-003 -0.189777121545711E+004 -0.684498476971385E-003  0.100000000000000E+001  0.000000000000000E+000  0.000000000000000E+000  0.000000000000000E+000  0.100000000000000E+001  0.000000000000000E+000  0.000000000000000E+000  0.000000000000000E+000  0.100000000000000E+001  0.590000000000000E+001  0.000000000000000E+000 -0.500000000000000E+000
  0.112187500000000E+001 -0.140744778585564E+003 -0.219744389426069E-003 -0.139114962767788E+003  0.339957402104574E-003 -0.189773930214029E+004 -0.683334283053227E-003  0.100000000000000E+001  0.000000000000000E+000  0.000000000000000E+000  0.000000000000000E+000  0.100000000000000E+001  0.000000000000000E+000  0.000000000000000E+000  0.000000000000000E+000  0.100000000000000E+001  0.590000000000000E+001  0.000000000000000E+000 -0.500000000000000E+000
  0.112500000000000E+001 -0.140689546792955E+003 -0.219360291282555E-003 -0.143722321285729E+003  0.339769391473510E-003 -0.189283548401418E+004 -0.681900666222646E-003  0.100000000000000E+001  0.000000000000000E+000  0.000000000000000E+000  0.000000000000000E+000  0.100000000000000E+001  0.000000000000000E+000  0.000000000000000E+000  0.000000000000000E+000  0.100000000000000E+001  0.590000000000000E+001  0.000000000000000E+000 -0.500000000000000E+000
  0.112812500000000E+001 -0.140648088609369E+003 -0.219010124169472E-003 -0.147834359482367E+003  0.339662305123056E-003 -0.188868131385682E+004 -0.680596846905246E-003  0.100000000000000E+001  0.000000000000000E+000  0.000000000000000E+000  0.000000000000000E+000  0.100000000000000E+001  0.000000000000000E+000  0.000000000000000E+000  0.000000000000000E+000  0.100000000000000E+001  0.590000000000000E+001  0.000000000000000E+000 -0.500000000000000E+000
  0.113125000000000E+001 -0.140659012315779E+003 -0.218731370011938E-003 -0.147968765168061E+003  0.339595604145870E-003 -0.188906208675042E+004 -0.679569991575590E-003  0.100000000000000E+001  0.000000000000000E+000  0.000000000000000E+000  0.000000000000000E+000  0.100000000000000E+001  0.000000000000000E+000  0.000000000000000E+000  0.000000000000000E+000  0.100000000000000E+001  0.590000000000000E+001  0.000000000000000E+000 -0.500000000000000E+000
  0.113437500000000E+001 -0.140690965523863E+003 -0.218493880964843E-003 -0.145995911214844E+003  0.339553374033130E-003 -0.189168181273077E+004 -0.678692218514243E-003  0.100000000000000E+001  0.000000000000000E+000  0.000000000000000E+000  0.000000000000000E+000  0.100000000000000E+001  0.000000000000000E+000  0.000000000000000E+000  0.000000000000000E+000  0.100000000000000E+001  0.590000000000000E+001  0.000000000000000E+000 -0.500000000000000E+000
  0.113750000000000E+001 -0.140760802886017E+003 -0.218351754341484E-003 -0.140241099692528E+003  0.339770768277958E-003 -0.189850385676176E+004 -0.678190604730844E-003  0.100000000000000E+001  0.000000000000000E+000  0.000000000000000E+000  0.000000000000000E+000  0.100000000000000E+001  0.000000000000000E+000  0.000000000000000E+000  0.000000000000000E+000  0.100000000000000E+001  0.590000000000000E+001  0.000000000000000E+000 -0.500000000000000E+000
  0.114062500000000E+001 -0.140730071192299E+003 -0.218064922989925E-003 -0.142259081206691E+003  0.339792630768443E-003 -0.189604129117545E+004 -0.677067413391796E-003  0.100000000000000E+001  0.000000000000000E+000  0.000000000000000E+000  0.000000000000000E+000  0.100000000000000E+001  0.000000000000000E+000  0.000000000000000E+000  0.000000000000000E+000  0.100000000000000E+001  0.590000000000000E+001  0.000000000000000E+000 -0.500000000000000E+000
  0.114375000000000E+001 -0.140723475144862E+003 -0.217879216222627E-003 -0.142936785438342E+003  0.340063544115310E-003 -0.189518086321760E+004 -0.676372875886955E-003  0.100000000000000E+001  0.000000000000000E+000  0.000000000000000E+000  0.000000000000000E+000  0.100000000000000E+001  0.000000000000000E+000  0.000000000000000E+000  0.000000000000000E+000  0.100000000000000E+001  0.590000000000000E+001  0.000000000000000E+000 -0.500000000000000E+000
  0.114687500000000E+001 -0.140723543599948E+003 -0.217641080070052E-003 -0.143125451797665E+003  0.339964132024306E-003 -0.189498208229349E+004 -0.675441480609607E-003  0.100000000000000E+001  0.000000000000000E+000  0.000000000000000E+000  0.000000000000000E+000  0.100000000000000E+001  0.000000000000000E+000  0.000000000000000E+000  0.000000000000000E+000  0.100000000000000E+001  0.590000000000000E+001  0.000000000000000E+000 -0.500000000000000E+000
  0.115000000000000E+001 -0.140724351877187E+003 -0.217457564957613E-003 -0.143195913852860E+003  0.340003786504894E-003 -0.189496654727949E+004 -0.674741259047096E-003  0.100000000000000E+001  0.000000000000000E+000  0.000000000000000E+000  0.000000000000000E+000  0.100000000000000E+001  0.000000000000000E+000  0.000000000000000E+000  0.000000000000000E+000  0.100000000000000E+001  0.590000000000000E+001  0.000000000000000E+000 -0.500000000000000E+000
  0.115312500000000E+001 -0.140724358776845E+003 -0.217252148729585E-003 -0.143228889628411E+003  0.339965720797863E-003 -0.189501587120662E+004 -0.673940030594622E-003  0.100000000000000E+001  0.000000000000000E+000  0.000000000000000E+000  0.000000000000000E+000  0.100000000000000E+001  0.000000000000000E+000  0.000000000000000E+000  0.000000000000000E+000  0.100000000000000E+001  0.590000000000000E+001  0.000000000000000E+000 -0.500000000000000E+000
  0.115625000000000E+001 -0.140723108249157E+003 -0.216512280388770E-003 -0.143233950855749E+003  0.338430046724625E-003 -0.189510817263139E+004 -0.670808058430339E-003  0.100000000000000E+001  0.000000000000000E+000  0.000000000000000E+000  0.000000000000000E+000  0.100000000000000E+001  0.000000000000000E+000  0.000000000000000E+000  0.000000000000000E+000  0.100000000000000E+001  0.590000000000000E+001  0.000000000000000E+000 -0.500000000000000E+000
  0.115937500000000E+001 -0.140721108149672E+003 -0.211657127977105E-003 -0.143189293608209E+003  0.326116690530398E-003 -0.189526074446903E+004 -0.649798543349789E-003  0.100000000000000E+001  0.000000000000000E+000  0.000000000000000E+000  0.000000000000000E+000  0.100000000000000E+001  0.000000000000000E+000  0.000000000000000E+000  0.000000000000000E+000  0.100000000000000E+001  0.590000000000000E+001  0.000000000000000E+000 -0.500000000000000E+000
  0.116250000000000E+001 -0.140714235792656E+003 -0.222346530563300E-003 -0.143500439471728E+003  0.363971807814778E-003 -0.189500349095610E+004 -0.696697855460116E-003  0.100000000000000E+001  0.000000000000000E+000  0.000000000000000E+000  0.000000000000000E+000  0.100000000000000E+001  0.000000000000000E+000  0.000000000000000E+000  0.000000000000000E+000  0.100000000000000E+001  0.590000000000000E+001  0.000000000000000E+000 -0.500000000000000E+000
  0.116562500000000E+001 -0.140712550028188E+003 -0.209056503337024E-003 -0.143471002686525E+003  0.328178643485444E-003 -0.189515730793194E+004 -0.638802884282086E-003  0.100000000000000E+001  0.000000000000000E+000  0.000000000000000E+000  0.000000000000000E+000  0.100000000000000E+001  0.000000000000000E+000  0.000000000000000E+000  0.000000000000000E+000  0.100000000000000E+001  0.590000000000000E+001  0.000000000000000E+000 -0.500000000000000E+000
  0.116875000000000E+001 -0.140713036220844E+003 -0.214150817413383E-003 -0.143349574590172E+003  0.338538077187422E-003 -0.189539503620759E+004 -0.661124430507698E-003  0.100000000000000E+001  0.000000000000000E+000  0.000000000000000E+000  0.000000000000000E+000  0.100000000000000E+001  0.000000000000000E+000  0.000000000000000E+000  0.000000000000000E+000  0.100000000000000E+001  0.590000000000000E+001  0.000000000000000E+000 -0.500000000000000E+000
  0.117187500000000E+001 -0.140713114086823E+003 -0.214206411925488E-003 -0.143356561962776E+003  0.338796478047243E-003 -0.189545227416035E+004 -0.661609986707390E-003  0.100000000000000E+001  0.000000000000000E+000  0.000000000000000E+000  0.000000000000000E+000  0.100000000000000E+001  0.000000000000000E+000  0.000000000000000E+000  0.000000000000000E+000  0.100000000000000E+001  0.590000000000000E+001  0.000000000000000E+000 -0.500000000000000E+000
  0.117500000000000E+001 -0.140714114580628E+003 -0.214338526262736E-003 -0.143372699269948E+003  0.338985875487197E-003 -0.189547128595376E+004 -0.662303947819964E-003  0.100000000000000E+001  0.000000000000000E+000  0.000000000000000E+000  0.000000000000000E+000  0.100000000000000E+001  0.000000000000000E+000  0.000000000000000E+000  0.000000000000000E+000  0.100000000000000E+001  0.590000000000000E+001  0.000000000000000E+000 -0.500000000000000E+000
  0.117812500000000E+001 -0.140715457535158E+003 -0.214479047684790E-003 -0.143388015188457E+003  0.339367744516039E-003 -0.189547210974020E+004 -0.662995921004494E-003  0.100000000000000E+001  0.000000000000000E+000  0.000000000000000E+000  0.000000000000000E+000  0.100000000000000E+001  0.000000000000000E+000  0.000000000000000E+000  0.000000000000000E+000  0.100000000000000E+001  0.590000000000000E+001  0.000000000000000E+000 -0.500000000000000E+000
  0.118125000000000E+001 -0.140716604786706E+003 -0.214540003526054E-003 -0.143399184137969E+003  0.339591108570403E-003 -0.189547165365792E+004 -0.663316992529417E-003  0.100000000000000E+001  0.000000000000000E+000  0.000000000000000E+000  0.000000000000000E+000  0.100000000000000E+001  0.000000000000000E+000  0.000000000000000E+000  0.000000000000000E+000  0.100000000000000E+001  0.590000000000000E+001  0.000000000000000E+000 -0.500000000000000E+000
  0.118437500000000E+001 -0.140717290543064E+003 -0.214557666680548E-003 -0.143407950528795E+003  0.339705807675728E-003 -0.189547526637254E+004 -0.663432278940945E-003  0.100000000000000E+001  0.000000000000000E+000  0.000000000000000E+000  0.000000000000000E+000  0.100000000000000E+001  0.000000000000000E+000  0.000000000000000E+000  0.000000000000000E+000  0.100000000000000E+001  0.590000000000000E+001  0.000000000000000E+000 -0.500000000000000E+000
  0.118750000000000E+001 -0.140717496624600E+003 -0.214556295617285E-003 -0.143416779644796E+003  0.339763721797226E-003 -0.189548041156404E+004 -0.663454195944269E-003  0.100000000000000E+001  0.000000000000000E+000  0.000000000000000E+000  0.000000000000000E+000  0.100000000000000E+001  0.000000000000000E+000  0.000000000000000E+000  0.000000000000000E+000  0.100000000000000E+001  0.590000000000000E+001  0.000000000000000E+000 -0.500000000000000E+000
  0.119062500000000E+001 -0.140717416547919E+003 -0.214546660885162E-003 -0.143424759056170E+003  0.339789781605759E-003 -0.189548674841171E+004 -0.663433152340076E-003  0.100000000000000E+001  0.000000000000000E+000  0.000000000000000E+000  0.000000000000000E+000  0.100000000000000E+001  0.000000000000000E+000  0.000000000000000E+000  0.000000000000000E+000  0.100000000000000E+001  0.590000000000000E+001  0.000000000000000E+000 -0.500000000000000E+000
  0.119375000000000E+001 -0.140717278881415E+003 -0.214534198647698E-003 -0.143431563011988E+003  0.339800864196604E-003 -0.189549422635885E+004 -0.663394838568365E-003  0.100000000000000E+001  0.000000000000000E+000  0.000000000000000E+000  0.000000000000000E+000  0.100000000000000E+001  0.000000000000000E+000  0.000000000000000E+000  0.000000000000000E+000  0.100000000000000E+001  0.590000000000000E+001  0.000000000000000E+000 -0.500000000000000E+000
  0.119687500000000E+001 -0.140717249678845E+003 -0.214519993193107E-003 -0.143437648911019E+003  0.339805433839047E-003 -0.189550260420251E+004 -0.663344780434727E-003  0.100000000000000E+001  0.000000000000000E+000  0.000000000000000E+000  0.000000000000000E+000  0.100000000000000E+001  0.000000000000000E+000  0.000000000000000E+000  0.000000000000000E+000  0.100000000000000E+001  0.590000000000000E+001  0.000000000000000E+000 -0.500000000000000E+000
  0.120000000000000E+001 -0.140717409339521E+003 -0.214505329296344E-003 -0.143443371824369E+003  0.339801815016472E-003 -0.189551016783378E+004 -0.663289849399007E-003  0.100000000000000E+001  0.000000000000000E+000  0.000000000000000E+000  0.000000000000000E+000  0.100000000000000E+001  0.000000000000000E+000  0.000000000000000E+000  0.000000000000000E+000  0.100000000000000E+001  0.590000000000000E+001  0.000000000000000E+000 -0.500000000000000E+000
  0.120312500000000E+001 -0.140717714411914E+003 -0.214490711613280E-003 -0.143449100341990E+003  0.339793146508782E-003 -0.189551431135783E+004 -0.663232251497448E-003  0.100000000000000E+001  0.000000000000000E+000  0.000000000000000E+000  0.000000000000000E+000  0.100000000000000E+001  0.000000000000000E+000  0.000000000000000E+000  0.000000000000000E+000  0.100000000000000E+001  0.590000000000000E+001  0.000000000000000E+000 -0.500000000000000E+000
  0.120625000000000E+001 -0.140718041583778E+003 -0.214478183664824E-003 -0.143455023694133E+003  0.339784634263651E-003 -0.189551421456001E+004 -0.663182891798897E-003  0.100000000000000E+001  0.000000000000000E+000  0.000000000000000E+000  0.000000000000000E+000  0.100000000000000E+001  0.000000000000000E+000  0.000000000000000E+000  0.000000000000000E+000  0.100000000000000E+001  0.590000000000000E+001  0.000000000000000E+000 -0.500000000000000E+000
  0.120937500000000E+001 -0.140718280464190E+003 -0.214468412252700E-003 -0.143460813507323E+003  0.339778787406431E-003 -0.189551189302945E+004 -0.663145574833379E-003  0.100000000000000E+001  0.000000000000000E+000  0.000000000000000E+000  0.000000000000000E+000  0.100000000000000E+001  0.000000000000000E+000  0.000000000000000E+000  0.000000000000000E+000  0.100000000000000E+001  0.590000000000000E+001  0.000000000000000E+000 -0.500000000000000E+000
  0.121250000000000E+001 -0.140718411059549E+003 -0.214460248571413E-003 -0.143465740702598E+003  0.339774776762169E-003 -0.189551125802704E+004 -0.663114640758522E-003  0.100000000000000E+001  0.000000000000000E+000  0.000000000000000E+000  0.000000000000000E+000  0.100000000000000E+001  0.000000000000000E+000  0.000000000000000E+000  0.000000000000000E+000  0.100000000000000E+001  0.590000000000000E+001  0.000000000000000E+000 -0.500000000000000E+000
  0.121562500000000E+001 -0.140718468537986E+003 -0.214453604144182E-003 -0.143471565658860E+003  0.339772513711978E-003 -0.189551032594449E+004 -0.663090183365966E-003  0.100000000000000E+001  0.000000000000000E+000  0.000000000000000E+000  0.000000000000000E+000  0.100000000000000E+001  0.000000000000000E+000  0.000000000000000E+000  0.000000000000000E+000  0.100000000000000E+001  0.590000000000000E+001  0.000000000000000E+000 -0.500000000000000E+000
  0.121875000000000E+001 -0.140718501845462E+003 -0.214447574421683E-003 -0.143477720331863E+003  0.339770227128611E-003 -0.189550875619861E+004 -0.663067804225648E-003  0.100000000000000E+001  0.000000000000000E+000  0.000000000000000E+000  0.000000000000000E+000  0.100000000000000E+001  0.000000000000000E+000  0.000000000000000E+000  0.000000000000000E+000  0.100000000000000E+001  0.590000000000000E+001  0.000000000000000E+000 -0.500000000000000E+000
  0.122187500000000E+001 -0.140718552704845E+003 -0.214442543637006E-003 -0.143481373971804E+003  0.339767852494788E-003 -0.189550974176749E+004 -0.663049365925872E-003  0.100000000000000E+001  0.000000000000000E+000  0.000000000000000E+000  0.000000000000000E+000  0.100000000000000E+001  0.000000000000000E+000  0.000000000000000E+000  0.000000000000000E+000  0.100000000000000E+001  0.590000000000000E+001  0.000000000000000E+000 -0.500000000000000E+000
  0.122500000000000E+001 -0.140718641397592E+003 -0.214438299394715E-003 -0.143480503748344E+003  0.339767111370293E-003 -0.189551554564688E+004 -0.663033716762129E-003  0.100000000000000E+001  0.000000000000000E+000  0.000000000000000E+000  0.000000000000000E+000  0.100000000000000E+001  0.000000000000000E+000  0.000000000000000E+000  0.000000000000000E+000  0.100000000000000E+001  0.590000000000000E+001  0.000000000000000E+000 -0.500000000000000E+000
  0.122812500000000E+001 -0.140718764089280E+003 -0.214434718373013E-003 -0.143474936745233E+003  0.339766392414731E-003 -0.189552631839716E+004 -0.663020557510663E-003  0.100000000000000E+001  0.000000000000000E+000  0.000000000000000E+000  0.000000000000000E+000  0.100000000000000E+001  0.000000000000000E+000  0.000000000000000E+000  0.000000000000000E+000  0.100000000000000E+001  0.590000000000000E+001  0.000000000000000E+000 -0.500000000000000E+000
  0.123125000000000E+001 -0.140718797822458E+003 -0.214431895898315E-003 -0.143475627650200E+003  0.339766305501144E-003 -0.189552853626063E+004 -0.663010514756479E-003  0.100000000000000E+001  0.000000000000000E+000  0.000000000000000E+000  0.000000000000000E+000  0.100000000000000E+001  0.000000000000000E+000  0.000000000000000E+000  0.000000000000000E+000  0.100000000000000E+001  0.590000000000000E+001  0.000000000000000E+000 -0.500000000000000E+000
  0.123437500000000E+001 -0.140718792738995E+003 -0.214428586332360E-003 -0.143479963208252E+003  0.339764242824003E-003 -0.189552594268711E+004 -0.662997587880909E-003  0.100000000000000E+001  0.000000000000000E+000  0.000000000000000E+000  0.000000000000000E+000  0.100000000000000E+001  0.000000000000000E+000  0.000000000000000E+000  0.000000000000000E+000  0.100000000000000E+001  0.590000000000000E+001  0.000000000000000E+000 -0.500000000000000E+000
  0.123750000000000E+001 -0.140718803607364E+003 -0.214426286873959E-003 -0.143483378963145E+003  0.339762380519915E-003 -0.189552432877687E+004 -0.662989359568655E-003  0.100000000000000E+001  0.000000000000000E+000  0.000000000000000E+000  0.000000000000000E+000  0.100000000000000E+001  0.000000000000000E+000  0.000000000000000E+000  0.000000000000000E+000  0.100000000000000E+001  0.590000000000000E+001  0.000000000000000E+000 -0.500000000000000E+000
  0.124062500000000E+001 -0.140718820719314E+003 -0.214424193387686E-003 -0.143486029822926E+003  0.339763086174116E-003 -0.189552348382660E+004 -0.662981720040534E-003  0.100000000000000E+001  0.000000000000000E+000  0.000000000000000E+000  0.000000000000000E+000  0.100000000000000E+001  0.000000000000000E+000  0.000000000000000E+000  0.000000000000000E+000  0.100000000000000E+001  0.590000000000000E+001  0.000000000000000E+000 -0.500000000000000E+000
  0.124375000000000E+001 -0.140718836009403E+003 -0.214422034730433E-003 -0.143488277097692E+003  0.339761922987236E-003 -0.189552299067262E+004 -0.662973478313233E-003  0.100000000000000E+001  0.000000000000000E+000  0.000000000000000E+000  0.000000000000000E+000  0.100000000000000E+001  0.000000000000000E+000  0.000000000000000E+000  0.000000000000000E+000  0.100000000000000E+001  0.590000000000000E+001  0.000000000000000E+000 -0.500000000000000E+000
  0.124687500000000E+001 -0.140718848391008E+003 -0.214419599871007E-003 -0.143490232780396E+003  0.339757809570074E-003 -0.189552271744615E+004 -0.662964211926464E-003  0.100000000000000E+001  0.000000000000000E+000  0.000000000000000E+000  0.000000000000000E+000  0.100000000000000E+001  0.000000000000000E+000  0.000000000000000E+000  0.000000000000000E+000  0.100000000000000E+001  0.590000000000000E+001  0.000000000000000E+000 -0.500000000000000E+000
  0.125000000000000E+001 -0.140718831002299E+003 -0.214409579484709E-003 -0.143494186517325E+003  0.339736589808126E-003 -0.189552020841298E+004 -0.662921672017092E-003  0.100000000000000E+001  0.000000000000000E+000  0.000000000000000E+000  0.000000000000000E+000  0.100000000000000E+001  0.000000000000000E+000  0.000000000000000E+000  0.000000000000000E+000  0.100000000000000E+001  0.590000000000000E+001  0.000000000000000E+000 -0.500000000000000E+000
  0.125312500000000E+001 -0.140718775005375E+003 -0.214419926294340E-003 -0.143501383940350E+003  0.339764715647561E-003 -0.189551417843023E+004 -0.662967767766531E-003  0.100000000000000E+001  0.000000000000000E+000  0.000000000000000E+000  0.000000000000000E+000  0.100000000000000E+001  0.000000000000000E+000  0.000000000000000E+000  0.000000000000000E+000  0.100000000000000E+001  0.590000000000000E+001  0.000000000000000E+000 -0.500000000000000E+000
  0.125625000000000E+001 -0.140718702158535E+003 -0.214409314537534E-003 -0.143510483380284E+003  0.339742783467045E-003 -0.189550631703506E+004 -0.662922379433439E-003  0.100000000000000E+001  0.000000000000000E+000  0.000000000000000E+000  0.000000000000000E+000  0.100000000000000E+001  0.000000000000000E+000  0.000000000000000E+000  0.000000000000000E+000  0.100000000000000E+001  0.590000000000000E+001  0.000000000000000E+000 -0.500000000000000E+000
  0.125937500000000E+001 -0.140718601364686E+003 -0.214402214709253E-003 -0.143522667775227E+003  0.339725669107338E-003 -0.189549524124454E+004 -0.662892594107234E-003  0.100000000000000E+001  0.000000000000000E+000  0.000000000000000E+000  0.000000000000000E+000  0.100000000000000E+001  0.000000000000000E+000  0.000000000000000E+000  0.000000000000000E+000  0.100000000000000E+001  0.590000000000000E+001  0.000000000000000E+000 -0.500000000000000E+000
  0.126250000000000E+001 -0.140718516073442E+003 -0.214404591702078E-003 -0.143534830100908E+003  0.339732833708695E-003 -0.189548440478086E+004 -0.662903933744019E-003  0.100000000000000E+001  0.000000000000000E+000  0.000000000000000E+000  0.000000000000000E+000  0.100000000000000E+001  0.000000000000000E+000  0.000000000000000E+000  0.000000000000000E+000  0.100000000000000E+001  0.590000000000000E+001  0.000000000000000E+000 -0.500000000000000E+000
  0.126562500000000E+001 -0.140718506469862E+003 -0.214405594078926E-003 -0.143541279706201E+003  0.339736597140927E-003 -0.189548048071574E+004 -0.662909703464720E-003  0.100000000000000E+001  0.000000000000000E+000  0.000000000000000E+000  0.000000000000000E+000  0.100000000000000E+001  0.000000000000000E+000  0.000000000000000E+000  0.000000000000000E+000  0.100000000000000E+001  0.590000000000000E+001  0.000000000000000E+000 -0.500000000000000E+000
  0.126875000000000E+001 -0.140718583369336E+003 -0.214405603287560E-003 -0.143539958964603E+003  0.339739251785431E-003 -0.189548536385257E+004 -0.662910309131348E-003  0.100000000000000E+001  0.000000000000000E+000  0.000000000000000E+000  0.000000000000000E+000  0.100000000000000E+001  0.000000000000000E+000  0.000000000000000E+000  0.000000000000000E+000  0.100000000000000E+001  0.590000000000000E+001  0.000000000000000E+000 -0.500000000000000E+000
  0.127187500000000E+001 -0.140718709915463E+003 -0.214405946877605E-003 -0.143532911061176E+003  0.339741823495388E-003 -0.189549623726009E+004 -0.662912200880328E-003  0.100000000000000E+001  0.000000000000000E+000  0.000000000000000E+000  0.000000000000000E+000  0.100000000000000E+001  0.000000000000000E+000  0.000000000000000E+000  0.000000000000000E+000  0.100000000000000E+001  0.590000000000000E+001  0.000000000000000E+000 -0.500000000000000E+000
  0.127500000000000E+001 -0.140718786764051E+003 -0.214406194174899E-003 -0.143528347942492E+003  0.339742102937635E-003 -0.189550331139362E+004 -0.662913890607797E-003  0.100000000000000E+001  0.000000000000000E+000  0.000000000000000E+000  0.000000000000000E+000  0.100000000000000E+001  0.000000000000000E+000  0.000000000000000E+000  0.000000000000000E+000  0.100000000000000E+001  0.590000000000000E+001  0.000000000000000E+000 -0.500000000000000E+000
  0.127812500000000E+001 -0.140718776933339E+003 -0.214406124968036E-003 -0.143530574792030E+003  0.339743784763868E-003 -0.189550196444360E+004 -0.662913819212463E-003  0.100000000000000E+001  0.000000000000000E+000  0.000000000000000E+000  0.000000000000000E+000  0.100000000000000E+001  0.000000000000000E+000  0.000000000000000E+000  0.000000000000000E+000  0.100000000000000E+001  0.590000000000000E+001  0.000000000000000E+000 -0.500000000000000E+000
  0.128125000000000E+001 -0.140718773308814E+003 -0.214405970751841E-003 -0.143532628757206E+003  0.339744852340118E-003 -0.189550080230555E+004 -0.662913375435892E-003  0.100000000000000E+001  0.000000000000000E+000  0.000000000000000E+000  0.000000000000000E+000  0.100000000000000E+001  0.000000000000000E+000  0.000000000000000E+000  0.000000000000000E+000  0.100000000000000E+001  0.590000000000000E+001  0.000000000000000E+000 -0.500000000000000E+000
  0.128437500000000E+001 -0.140718777175960E+003 -0.214405875055945E-003 -0.143533851322736E+003  0.339745706412486E-003 -0.189550069816098E+004 -0.662913124131137E-003  0.100000000000000E+001  0.000000000000000E+000  0.000000000000000E+000  0.000000000000000E+000  0.100000000000000E+001  0.000000000000000E+000  0.000000000000000E+000  0.000000000000000E+000  0.100000000000000E+001  0.590000000000000E+001  0.000000000000000E+000 -0.500000000000000E+000
  0.128750000000000E+001 -0.140718775443266E+003 -0.214405935452078E-003 -0.143535004692969E+003  0.339748108103777E-003 -0.189550073384211E+004 -0.662913627479611E-003  0.100000000000000E+001  0.000000000000000E+000  0.000000000000000E+000  0.000000000000000E+000  0.100000000000000E+001  0.000000000000000E+000  0.000000000000000E+000  0.000000000000000E+000  0.100000000000000E+001  0.590000000000000E+001  0.000000000000000E+000 -0.500000000000000E+000
  0.129062500000000E+001 -0.140718766210095E+003 -0.214405904159776E-003 -0.143536224635349E+003  0.339749996328464E-003 -0.189550072602948E+004 -0.662913567396117E-003  0.100000000000000E+001  0.000000000000000E+000  0.000000000000000E+000  0.000000000000000E+000  0.100000000000000E+001  0.000000000000000E+000  0.000000000000000E+000  0.000000000000000E+000  0.100000000000000E+001  0.590000000000000E+001  0.000000000000000E+000 -0.500000000000000E+000
  0.129375000000000E+001 -0.140718755796249E+003 -0.214405596153711E-003 -0.143537100210018E+003  0.339750962552898E-003 -0.189550112326325E+004 -0.662912335428700E-003  0.100000000000000E+001  0.000000000000000E+000  0.000000000000000E+000  0.000000000000000E+000  0.100000000000000E+001  0.000000000000000E+000  0.000000000000000E+000  0.000000000000000E+000  0.100000000000000E+001  0.590000000000000E+001  0.000000000000000E+000 -0.500000000000000E+000
  0.129687500000000E+001 -0.140718744183843E+003 -0.214405726410405E-003 -0.143537828639106E+003  0.339751952537881E-003 -0.189550163825999E+004 -0.662913011524324E-003  0.100000000000000E+001  0.000000000000000E+000  0.000000000000000E+000  0.000000000000000E+000  0.100000000000000E+001  0.000000000000000E+000  0.000000000000000E+000  0.000000000000000E+000  0.100000000000000E+001  0.590000000000000E+001  0.000000000000000E+000 -0.500000000000000E+000
  0.130000000000000E+001 -0.140718736855528E+003 -0.214406175587101E-003 -0.143538244797173E+003  0.339755181300916E-003 -0.189550241981785E+004 -0.662915198859082E-003  0.100000000000000E+001  0.000000000000000E+000  0.000000000000000E+000  0.000000000000000E+000  0.100000000000000E+001  0.000000000000000E+000  0.000000000000000E+000  0.000000000000000E+000  0.100000000000000E+001  0.590000000000000E+001  0.000000000000000E+000 -0.500000000000000E+000
  0.130312500000000E+001 -0.140718735127230E+003 -0.214405761340686E-003 -0.143538418544318E+003  0.339752947979832E-003 -0.189550333460899E+004 -0.662913342921456E-003  0.100000000000000E+001  0.000000000000000E+000  0.000000000000000E+000  0.000000000000000E+000  0.100000000000000E+001  0.000000000000000E+000  0.000000000000000E+000  0.000000000000000E+000  0.100000000000000E+001  0.590000000000000E+001  0.000000000000000E+000 -0.500000000000000E+000
  0.130625000000000E+001 -0.140718734752113E+003 -0.214405666980610E-003 -0.143538796738635E+003  0.339752652223524E-003 -0.189550385518139E+004 -0.662913014309652E-003  0.100000000000000E+001  0.000000000000000E+000  0.000000000000000E+000  0.000000000000000E+000  0.100000000000000E+001  0.000000000000000E+000  0.000000000000000E+000  0.000000000000000E+000  0.100000000000000E+001  0.590000000000000E+001  0.000000000000000E+000 -0.500000000000000E+000
  0.130937500000000E+001 -0.140718738360237E+003 -0.214405647653848E-003 -0.143539170586723E+003  0.339753708203716E-003 -0.189550422637024E+004 -0.662913005442078E-003  0.100000000000000E+001  0.000000000000000E+000  0.000000000000000E+000  0.000000000000000E+000  0.100000000000000E+001  0.000000000000000E+000  0.000000000000000E+000  0.000000000000000E+000  0.100000000000000E+001  0.590000000000000E+001  0.000000000000000E+000 -0.500000000000000E+000
  0.131250000000000E+001 -0.140718744331357E+003 -0.214405514157079E-003 -0.143539515069565E+003  0.339753599121195E-003 -0.189550449395190E+004 -0.662912335315013E-003  0.100000000000000E+001  0.000000000000000E+000  0.000000000000000E+000  0.000000000000000E+000  0.100000000000000E+001  0.000000000000000E+000  0.000000000000000E+000  0.000000000000000E+000  0.100000000000000E+001  0.590000000000000E+001  0.000000000000000E+000 -0.500000000000000E+000
  0.131562500000000E+001 -0.140718750574008E+003 -0.214405474707746E-003 -0.143539827494591E+003  0.339753673358700E-003 -0.189550469500042E+004 -0.662912328550647E-003  0.100000000000000E+001  0.000000000000000E+000  0.000000000000000E+000  0.000000000000000E+000  0.100000000000000E+001  0.000000000000000E+000  0.000000000000000E+000  0.000000000000000E+000  0.100000000000000E+001  0.590000000000000E+001  0.000000000000000E+000 -0.500000000000000E+000
  0.131875000000000E+001 -0.140718755697482E+003 -0.214405559773923E-003 -0.143540103843619E+003  0.339754824949523E-003 -0.189550487040164E+004 -0.662912738391697E-003  0.100000000000000E+001  0.000000000000000E+000  0.000000000000000E+000  0.000000000000000E+000  0.100000000000000E+001  0.000000000000000E+000  0.000000000000000E+000  0.000000000000000E+000  0.100000000000000E+001  0.590000000000000E+001  0.000000000000000E+000 -0.500000000000000E+000
  0.132187500000000E+001 -0.140718759159377E+003 -0.214405506454796E-003 -0.143540352330043E+003  0.339754909475687E-003 -0.189550503211203E+004 -0.662912571669949E-003  0.100000000000000E+001  0.000000000000000E+000  0.000000000000000E+000  0.000000000000000E+000  0.100000000000000E+001  0.000000000000000E+000  0.000000000000000E+000  0.000000000000000E+000  0.100000000000000E+001  0.590000000000000E+001  0.000000000000000E+000 -0.500000000000000E+000
  0.132500000000000E+001 -0.140718761000887E+003 -0.214405466891776E-003 -0.143540599936773E+003  0.339754114349944E-003 -0.189550515701961E+004 -0.662912432630947E-003  0.100000000000000E+001  0.000000000000000E+000  0.000000000000000E+000  0.000000000000000E+000  0.100000000000000E+001  0.000000000000000E+000  0.000000000000000E+000  0.000000000000000E+000  0.100000000000000E+001  0.590000000000000E+001  0.000000000000000E+000 -0.500000000000000E+000
  0.132812500000000E+001 -0.140718762201981E+003 -0.214405283060159E-003 -0.143540831128292E+003  0.339753465254944E-003 -0.189550526770668E+004 -0.662911513131803E-003  0.100000000000000E+001  0.000000000000000E+000  0.000000000000000E+000  0.000000000000000E+000  0.100000000000000E+001  0.000000000000000E+000  0.000000000000000E+000  0.000000000000000E+000  0.100000000000000E+001  0.590000000000000E+001  0.000000000000000E+000 -0.500000000000000E+000
  0.133125000000000E+001 -0.140718763742704E+003 -0.214405283486485E-003 -0.143541023464570E+003  0.339753933701559E-003 -0.189550539011542E+004 -0.662911605331828E-003  0.100000000000000E+001  0.000000000000000E+000  0.000000000000000E+000  0.000000000000000E+000  0.100000000000000E+001  0.000000000000000E+000  0.000000000000000E+000  0.000000000000000E+000  0.100000000000000E+001  0.590000000000000E+001  0.000000000000000E+000 -0.500000000000000E+000
  0.133437500000000E+001 -0.140718765690464E+003 -0.214405470785550E-003 -0.143541201292625E+003  0.339755276229425E-003 -0.189550549389840E+004 -0.662912540803973E-003  0.100000000000000E+001  0.000000000000000E+000  0.000000000000000E+000  0.000000000000000E+000  0.100000000000000E+001  0.000000000000000E+000  0.000000000000000E+000  0.000000000000000E+000  0.100000000000000E+001  0.590000000000000E+001  0.000000000000000E+000 -0.500000000000000E+000
  0.133750000000000E+001 -0.140718767988048E+003 -0.214405202854095E-003 -0.143541372043595E+003  0.339754386800450E-003 -0.189550556958862E+004 -0.662911211918527E-003  0.100000000000000E+001  0.000000000000000E+000  0.000000000000000E+000  0.000000000000000E+000  0.100000000000000E+001  0.000000000000000E+000  0.000000000000000E+000  0.000000000000000E+000  0.100000000000000E+001  0.590000000000000E+001  0.000000000000000E+000 -0.500000000000000E+000
  0.134062500000000E+001 -0.140718770420019E+003 -0.214405336350865E-003 -0.143541532736282E+003  0.339754180799900E-003 -0.189550562210749E+004 -0.662912000166216E-003  0.100000000000000E+001  0.000000000000000E+000  0.000000000000000E+000  0.000000000000000E+000  0.100000000000000E+001  0.000000000000000E+000  0.000000000000000E+000  0.000000000000000E+000  0.100000000000000E+001  0.590000000000000E+001  0.000000000000000E+000 -0.500000000000000E+000
  0.134375000000000E+001 -0.140718772614266E+003 -0.214405159908893E-003 -0.143541685757640E+003  0.339754417836957E-003 -0.189550565410220E+004 -0.662911097151664E-003  0.100000000000000E+001  0.000000000000000E+000  0.000000000000000E+000  0.000000000000000E+000  0.100000000000000E+001  0.000000000000000E+000  0.000000000000000E+000  0.000000000000000E+000  0.100000000000000E+001  0.590000000000000E+001  0.000000000000000E+000 -0.500000000000000E+000
  0.134687500000000E+001 -0.140718774366963E+003 -0.214405414823204E-003 -0.143541830613964E+003  0.339754915842150E-003 -0.189550567469384E+004 -0.662912396933280E-003  0.100000000000000E+001  0.000000000000000E+000  0.000000000000000E+000  0.000000000000000E+000  0.100000000000000E+001  0.000000000000000E+000  0.000000000000000E+000  0.000000000000000E+000  0.100000000000000E+001  0.590000000000000E+001  0.000000000000000E+000 -0.500000000000000E+000
  0.135000000000000E+001 -0.140718775686223E+003 -0.214405141321095E-003 -0.143541967313255E+003  0.339753644880147E-003 -0.189550569030581E+004 -0.662911128870292E-003  0.100000000000000E+001  0.000000000000000E+000  0.000000000000000E+000  0.000000000000000E+000  0.100000000000000E+001  0.000000000000000E+000  0.000000000000000E+000  0.000000000000000E+000  0.100000000000000E+001  0.590000000000000E+001  0.000000000000000E+000 -0.500000000000000E+000
  0.135312500000000E+001 -0.140718776737865E+003 -0.214405345587920E-003 -0.143542092951772E+003  0.339754388903657E-003 -0.189550570577655E+004 -0.662912101347501E-003  0.100000000000000E+001  0.000000000000000E+000  0.000000000000000E+000  0.000000000000000E+000  0.100000000000000E+001  0.000000000000000E+000  0.000000000000000E+000  0.000000000000000E+000  0.100000000000000E+001  0.590000000000000E+001  0.000000000000000E+000 -0.500000000000000E+000
  0.135625000000000E+001 -0.140718777704379E+003 -0.214405006687457E-003 -0.143542201092935E+003  0.339753210312210E-003 -0.189550572845610E+004 -0.662910408323114E-003  0.100000000000000E+001  0.000000000000000E+000  0.000000000000000E+000  0.000000000000000E+000  0.100000000000000E+001  0.000000000000000E+000  0.000000000000000E+000  0.000000000000000E+000  0.100000000000000E+001  0.590000000000000E+001  0.000000000000000E+000 -0.500000000000000E+000
  0.135937500000000E+001 -0.140718778703055E+003 -0.214405104941306E-003 -0.143542286098522E+003  0.339754124013325E-003 -0.189550576509154E+004 -0.662910973858288E-003  0.100000000000000E+001  0.000000000000000E+000  0.000000000000000E+000  0.000000000000000E+000  0.100000000000000E+001  0.000000000000000E+000  0.000000000000000E+000  0.000000000000000E+000  0.100000000000000E+001  0.590000000000000E+001  0.000000000000000E+000 -0.500000000000000E+000
  0.136250000000000E+001 -0.140718779749138E+003 -0.214405263989192E-003 -0.143542348501722E+003  0.339753560865574E-003 -0.189550581521896E+004 -0.662911722429271E-003  0.100000000000000E+001  0.000000000000000E+000  0.000000000000000E+000  0.000000000000000E+000  0.100000000000000E+001  0.000000000000000E+000  0.000000000000000E+000  0.000000000000000E+000  0.100000000000000E+001  0.590000000000000E+001  0.000000000000000E+000 -0.500000000000000E+000
  0.136562500000000E+001 -0.140718780672105E+003 -0.214405191030664E-003 -0.143542404552565E+003  0.339753423247657E-003 -0.189550585971693E+004 -0.662911399899713E-003  0.100000000000000E+001  0.000000000000000E+000  0.000000000000000E+000  0.000000000000000E+000  0.100000000000000E+001  0.000000000000000E+000  0.000000000000000E+000  0.000000000000000E+000  0.100000000000000E+001  0.590000000000000E+001  0.000000000000000E+000 -0.500000000000000E+000
  0.136875000000000E+001 -0.140718781322091E+003 -0.214405248129879E-003 -0.143542470600277E+003  0.339755015943410E-003 -0.189550588042831E+004 -0.662911650465503E-003  0.100000000000000E+001  0.000000000000000E+000  0.000000000000000E+000  0.000000000000000E+000  0.100000000000000E+001  0.000000000000000E+000  0.000000000000000E+000  0.000000000000000E+000  0.100000000000000E+001  0.590000000000000E+001  0.000000000000000E+000 -0.500000000000000E+000
  0.137187500000000E+001 -0.140718781815541E+003 -0.214405132965112E-003 -0.143542540110052E+003  0.339753898231265E-003 -0.189550588753388E+004 -0.662911151039225E-003  0.100000000000000E+001  0.000000000000000E+000  0.000000000000000E+000  0.000000000000000E+000  0.100000000000000E+001  0.000000000000000E+000  0.000000000000000E+000  0.000000000000000E+000  0.100000000000000E+001  0.590000000000000E+001  0.000000000000000E+000 -0.500000000000000E+000
  0.137500000000000E+001 -0.140718782240934E+003 -0.214405131515605E-003 -0.143542605860484E+003  0.339753864579961E-003 -0.189550589162058E+004 -0.662911096981134E-003  0.100000000000000E+001  0.000000000000000E+000  0.000000000000000E+000  0.000000000000000E+000  0.100000000000000E+001  0.000000000000000E+000  0.000000000000000E+000  0.000000000000000E+000  0.100000000000000E+001  0.590000000000000E+001  0.000000000000000E+000 -0.500000000000000E+000
  0.137812500000000E+001 -0.140718782578212E+003 -0.214405151922392E-003 -0.143542669191470E+003  0.339754796755187E-003 -0.189550589244808E+004 -0.662911168717528E-003  0.100000000000000E+001  0.000000000000000E+000  0.000000000000000E+000  0.000000000000000E+000  0.100000000000000E+001  0.000000000000000E+000  0.000000000000000E+000  0.000000000000000E+000  0.100000000000000E+001  0.590000000000000E+001  0.000000000000000E+000 -0.500000000000000E+000
  0.138125000000000E+001 -0.140718782798973E+003 -0.214405182248356E-003 -0.143542733308852E+003  0.339754424146577E-003 -0.189550588726316E+004 -0.662911405299837E-003  0.100000000000000E+001  0.000000000000000E+000  0.000000000000000E+000  0.000000000000000E+000  0.100000000000000E+001  0.000000000000000E+000  0.000000000000000E+000  0.000000000000000E+000  0.100000000000000E+001  0.590000000000000E+001  0.000000000000000E+000 -0.500000000000000E+000
  0.138437500000000E+001 -0.140718782868337E+003 -0.214405016322416E-003 -0.143542802711452E+003  0.339752933712134E-003 -0.189550587187699E+004 -0.662910556286533E-003  0.100000000000000E+001  0.000000000000000E+000  0.000000000000000E+000  0.000000000000000E+000  0.100000000000000E+001  0.000000000000000E+000  0.000000000000000E+000  0.000000000000000E+000  0.100000000000000E+001  0.590000000000000E+001  0.000000000000000E+000 -0.500000000000000E+000
  0.138750000000000E+001 -0.140718782765822E+003 -0.214405026753184E-003 -0.143542881458651E+003  0.339754438869022E-003 -0.189550584263607E+004 -0.662910541564088E-003  0.100000000000000E+001  0.000000000000000E+000  0.000000000000000E+000  0.000000000000000E+000  0.100000000000000E+001  0.000000000000000E+000  0.000000000000000E+000  0.000000000000000E+000  0.100000000000000E+001  0.590000000000000E+001  0.000000000000000E+000 -0.500000000000000E+000
  0.139062500000000E+001 -0.140718782551143E+003 -0.214405225932524E-003 -0.143542967166158E+003  0.339754413516857E-003 -0.189550580319900E+004 -0.662911648305453E-003  0.100000000000000E+001  0.000000000000000E+000  0.000000000000000E+000  0.000000000000000E+000  0.100000000000000E+001  0.000000000000000E+000  0.000000000000000E+000  0.000000000000000E+000  0.100000000000000E+001  0.590000000000000E+001  0.000000000000000E+000 -0.500000000000000E+000
  0.139375000000000E+001 -0.140718782318024E+003 -0.214405145186447E-003 -0.143543053686699E+003  0.339754186427399E-003 -0.189550576102338E+004 -0.662911156894097E-003  0.100000000000000E+001  0.000000000000000E+000  0.000000000000000E+000  0.000000000000000E+000  0.100000000000000E+001  0.000000000000000E+000  0.000000000000000E+000  0.000000000000000E+000  0.100000000000000E+001  0.590000000000000E+001  0.000000000000000E+000 -0.500000000000000E+000
  0.139687500000000E+001 -0.140718782170953E+003 -0.214405117759497E-003 -0.143543132758698E+003  0.339753725029368E-003 -0.189550572538269E+004 -0.662911026779511E-003  0.100000000000000E+001  0.000000000000000E+000  0.000000000000000E+000  0.000000000000000E+000  0.100000000000000E+001  0.000000000000000E+000  0.000000000000000E+000  0.000000000000000E+000  0.100000000000000E+001  0.590000000000000E+001  0.000000000000000E+000 -0.500000000000000E+000
  0.140000000000000E+001 -0.140718782224168E+003 -0.214404968488680E-003 -0.143543193655062E+003  0.339754020387772E-003 -0.189550570807235E+004 -0.662910380697213E-003  0.100000000000000E+001  0.000000000000000E+000  0.000000000000000E+000  0.000000000000000E+000  0.100000000000000E+001  0.000000000000000E+000  0.000000000000000E+000  0.000000000000000E+000  0.100000000000000E+001  0.590000000000000E+001  0.000000000000000E+000 -0.500000000000000E+000

