 # Integral loads: N.components: 6
 #                 Ref.sys     : Stability
 #                 Components  : wing_right , wing_left , tail_right , tail_left , lerx_right , lerx_left
 #  t , Fx , Fy , Fz , Mx , My , Mz , ref_mat(9) , ref_off(3) 
  0.100000000000000E+001  0.753340258974638E+004 -0.912957110995194E-002  0.280721816039022E+006  0.125024924054742E-001 -0.255148411554501E+006 -0.369431480939966E-001  0.100000000000000E+001  0.000000000000000E+000  0.000000000000000E+000  0.000000000000000E+000  0.100000000000000E+001  0.000000000000000E+000  0.000000000000000E+000  0.000000000000000E+000  0.100000000000000E+001  0.590000000000000E+001  0.000000000000000E+000 -0.500000000000000E+000
  0.100312500000000E+001 -0.531179030503269E+004 -0.205105523182283E-001  0.703724278690057E+005 -0.506973106945225E+000 -0.457574840886847E+005 -0.427687303599669E-001  0.100000000000000E+001  0.000000000000000E+000  0.000000000000000E+000  0.000000000000000E+000  0.100000000000000E+001  0.000000000000000E+000  0.000000000000000E+000  0.000000000000000E+000  0.100000000000000E+001  0.590000000000000E+001  0.000000000000000E+000 -0.500000000000000E+000
  0.100625000000000E+001 -0.567801268830739E+004 -0.420627389712536E-001  0.693391253516770E+005 -0.190174782146642E+001 -0.420335576533332E+005 -0.151408225054183E+000  0.100000000000000E+001  0.000000000000000E+000  0.000000000000000E+000  0.000000000000000E+000  0.100000000000000E+001  0.000000000000000E+000  0.000000000000000E+000  0.000000000000000E+000  0.100000000000000E+001  0.590000000000000E+001  0.000000000000000E+000 -0.500000000000000E+000
  0.100937500000000E+001 -0.597299353036175E+004 -0.380117997274283E-001  0.706370880839976E+005 -0.276127077711135E+001 -0.421495216410398E+005 -0.254327772719989E+000  0.100000000000000E+001  0.000000000000000E+000  0.000000000000000E+000  0.000000000000000E+000  0.100000000000000E+001  0.000000000000000E+000  0.000000000000000E+000  0.000000000000000E+000  0.100000000000000E+001  0.590000000000000E+001  0.000000000000000E+000 -0.500000000000000E+000
  0.101250000000000E+001 -0.616078434279741E+004 -0.121142952139053E-001  0.717476744075034E+005 -0.341549226420648E+001 -0.418569866294763E+005 -0.335454087678954E+000  0.100000000000000E+001  0.000000000000000E+000  0.000000000000000E+000  0.000000000000000E+000  0.100000000000000E+001  0.000000000000000E+000  0.000000000000000E+000  0.000000000000000E+000  0.100000000000000E+001  0.590000000000000E+001  0.000000000000000E+000 -0.500000000000000E+000
  0.101562500000000E+001 -0.626880942198115E+004  0.601340338471346E-002  0.723181652160278E+005 -0.395319212433606E+001 -0.400224753754774E+005 -0.389486810483504E+000  0.100000000000000E+001  0.000000000000000E+000  0.000000000000000E+000  0.000000000000000E+000  0.100000000000000E+001  0.000000000000000E+000  0.000000000000000E+000  0.000000000000000E+000  0.100000000000000E+001  0.590000000000000E+001  0.000000000000000E+000 -0.500000000000000E+000
  0.101875000000000E+001 -0.639491043280674E+004 -0.140062261934872E-001  0.725033438144861E+005 -0.382299354577663E+001 -0.371485393442673E+005 -0.447158487328124E+000  0.100000000000000E+001  0.000000000000000E+000  0.000000000000000E+000  0.000000000000000E+000  0.100000000000000E+001  0.000000000000000E+000  0.000000000000000E+000  0.000000000000000E+000  0.100000000000000E+001  0.590000000000000E+001  0.000000000000000E+000 -0.500000000000000E+000
  0.102187500000000E+001 -0.655312854566702E+004 -0.599452790379473E-001  0.725603300412939E+005 -0.370329358835988E+001 -0.338380418450543E+005 -0.585786026043934E+000  0.100000000000000E+001  0.000000000000000E+000  0.000000000000000E+000  0.000000000000000E+000  0.100000000000000E+001  0.000000000000000E+000  0.000000000000000E+000  0.000000000000000E+000  0.100000000000000E+001  0.590000000000000E+001  0.000000000000000E+000 -0.500000000000000E+000
  0.102500000000000E+001 -0.667684268190981E+004 -0.809798997552207E-001  0.721868433219809E+005 -0.373883848674814E+001 -0.296013357516232E+005 -0.594989056684426E+000  0.100000000000000E+001  0.000000000000000E+000  0.000000000000000E+000  0.000000000000000E+000  0.100000000000000E+001  0.000000000000000E+000  0.000000000000000E+000  0.000000000000000E+000  0.100000000000000E+001  0.590000000000000E+001  0.000000000000000E+000 -0.500000000000000E+000
  0.102812500000000E+001 -0.674175241209790E+004 -0.705566688552608E-001  0.722221793326990E+005 -0.397787272917503E+001 -0.277918756714137E+005 -0.517004876034662E+000  0.100000000000000E+001  0.000000000000000E+000  0.000000000000000E+000  0.000000000000000E+000  0.100000000000000E+001  0.000000000000000E+000  0.000000000000000E+000  0.000000000000000E+000  0.100000000000000E+001  0.590000000000000E+001  0.000000000000000E+000 -0.500000000000000E+000
  0.103125000000000E+001 -0.678788541389191E+004  0.169946611470095E+000  0.725054438798459E+005 -0.458551452421125E+001 -0.274354616914986E+005  0.390657691762499E+000  0.100000000000000E+001  0.000000000000000E+000  0.000000000000000E+000  0.000000000000000E+000  0.100000000000000E+001  0.000000000000000E+000  0.000000000000000E+000  0.000000000000000E+000  0.100000000000000E+001  0.590000000000000E+001  0.000000000000000E+000 -0.500000000000000E+000
  0.103437500000000E+001 -0.683940080786123E+004 -0.147200058341286E+002  0.728265622802894E+005  0.330341908156888E+002 -0.274254056024182E+005 -0.523630725075063E+002  0.100000000000000E+001  0.000000000000000E+000  0.000000000000000E+000  0.000000000000000E+000  0.100000000000000E+001  0.000000000000000E+000  0.000000000000000E+000  0.000000000000000E+000  0.100000000000000E+001  0.590000000000000E+001  0.000000000000000E+000 -0.500000000000000E+000
  0.103750000000000E+001 -0.688887930302168E+004 -0.799506500316011E+002  0.731971617905130E+005  0.195340962280789E+003 -0.277817185282157E+005 -0.315251114550162E+003  0.100000000000000E+001  0.000000000000000E+000  0.000000000000000E+000  0.000000000000000E+000  0.100000000000000E+001  0.000000000000000E+000  0.000000000000000E+000  0.000000000000000E+000  0.100000000000000E+001  0.590000000000000E+001  0.000000000000000E+000 -0.500000000000000E+000
  0.104062500000000E+001 -0.693180217644651E+004 -0.174892040221531E+003  0.734737263858596E+005  0.451554691027628E+003 -0.278970837996944E+005 -0.718012007531829E+003  0.100000000000000E+001  0.000000000000000E+000  0.000000000000000E+000  0.000000000000000E+000  0.100000000000000E+001  0.000000000000000E+000  0.000000000000000E+000  0.000000000000000E+000  0.100000000000000E+001  0.590000000000000E+001  0.000000000000000E+000 -0.500000000000000E+000
  0.104375000000000E+001 -0.697715174540382E+004 -0.193245756026182E+003  0.736229164720995E+005  0.475320075454364E+003 -0.276734353689639E+005 -0.818203983057007E+003  0.100000000000000E+001  0.000000000000000E+000  0.000000000000000E+000  0.000000000000000E+000  0.100000000000000E+001  0.000000000000000E+000  0.000000000000000E+000  0.000000000000000E+000  0.100000000000000E+001  0.590000000000000E+001  0.000000000000000E+000 -0.500000000000000E+000
  0.104687500000000E+001 -0.701896339946311E+004 -0.145395273382671E+003  0.737997913825778E+005  0.325103100704149E+003 -0.276898070918306E+005 -0.620149293685753E+003  0.100000000000000E+001  0.000000000000000E+000  0.000000000000000E+000  0.000000000000000E+000  0.100000000000000E+001  0.000000000000000E+000  0.000000000000000E+000  0.000000000000000E+000  0.100000000000000E+001  0.590000000000000E+001  0.000000000000000E+000 -0.500000000000000E+000
  0.105000000000000E+001 -0.704804193984382E+004 -0.162328986077933E+003  0.739059356934516E+005  0.366771123629812E+003 -0.274280398325795E+005 -0.682088177483954E+003  0.100000000000000E+001  0.000000000000000E+000  0.000000000000000E+000  0.000000000000000E+000  0.100000000000000E+001  0.000000000000000E+000  0.000000000000000E+000  0.000000000000000E+000  0.100000000000000E+001  0.590000000000000E+001  0.000000000000000E+000 -0.500000000000000E+000
  0.105312500000000E+001 -0.707430206267846E+004 -0.115105983168693E+003  0.739998105951230E+005  0.247746516276969E+003 -0.272483842686431E+005 -0.427605930080057E+003  0.100000000000000E+001  0.000000000000000E+000  0.000000000000000E+000  0.000000000000000E+000  0.100000000000000E+001  0.000000000000000E+000  0.000000000000000E+000  0.000000000000000E+000  0.100000000000000E+001  0.590000000000000E+001  0.000000000000000E+000 -0.500000000000000E+000
  0.105625000000000E+001 -0.710615331888857E+004 -0.166989121200742E+003  0.741913341612972E+005  0.362983998695988E+003 -0.272400841970098E+005 -0.698701803771241E+003  0.100000000000000E+001  0.000000000000000E+000  0.000000000000000E+000  0.000000000000000E+000  0.100000000000000E+001  0.000000000000000E+000  0.000000000000000E+000  0.000000000000000E+000  0.100000000000000E+001  0.590000000000000E+001  0.000000000000000E+000 -0.500000000000000E+000
  0.105937500000000E+001 -0.712892544806929E+004 -0.178103432337045E+003  0.742386965936304E+005  0.413229482379393E+003 -0.270760128249690E+005 -0.700430758685296E+003  0.100000000000000E+001  0.000000000000000E+000  0.000000000000000E+000  0.000000000000000E+000  0.100000000000000E+001  0.000000000000000E+000  0.000000000000000E+000  0.000000000000000E+000  0.100000000000000E+001  0.590000000000000E+001  0.000000000000000E+000 -0.500000000000000E+000
  0.106250000000000E+001 -0.714487004084734E+004 -0.280134624342659E+003  0.743005687182096E+005  0.677034036657753E+003 -0.269205982327835E+005 -0.115356054995309E+004  0.100000000000000E+001  0.000000000000000E+000  0.000000000000000E+000  0.000000000000000E+000  0.100000000000000E+001  0.000000000000000E+000  0.000000000000000E+000  0.000000000000000E+000  0.100000000000000E+001  0.590000000000000E+001  0.000000000000000E+000 -0.500000000000000E+000
  0.106562500000000E+001 -0.716463977409622E+004 -0.216981887370980E+003  0.743628619386873E+005  0.495248501300809E+003 -0.268385458307702E+005 -0.872368641954246E+003  0.100000000000000E+001  0.000000000000000E+000  0.000000000000000E+000  0.000000000000000E+000  0.100000000000000E+001  0.000000000000000E+000  0.000000000000000E+000  0.000000000000000E+000  0.100000000000000E+001  0.590000000000000E+001  0.000000000000000E+000 -0.500000000000000E+000
  0.106875000000000E+001 -0.718077856298977E+004 -0.234490740052787E+003  0.744644333074364E+005  0.554411741170552E+003 -0.268866448918583E+005 -0.990053785033434E+003  0.100000000000000E+001  0.000000000000000E+000  0.000000000000000E+000  0.000000000000000E+000  0.100000000000000E+001  0.000000000000000E+000  0.000000000000000E+000  0.000000000000000E+000  0.100000000000000E+001  0.590000000000000E+001  0.000000000000000E+000 -0.500000000000000E+000
  0.107187500000000E+001 -0.719619129188972E+004 -0.216877111493525E+003  0.745267554046505E+005  0.486421407538748E+003 -0.268491689396983E+005 -0.853782596025254E+003  0.100000000000000E+001  0.000000000000000E+000  0.000000000000000E+000  0.000000000000000E+000  0.100000000000000E+001  0.000000000000000E+000  0.000000000000000E+000  0.000000000000000E+000  0.100000000000000E+001  0.590000000000000E+001  0.000000000000000E+000 -0.500000000000000E+000
  0.107500000000000E+001 -0.721201747668536E+004 -0.246308532645019E+003  0.746748600689923E+005  0.570515337953329E+003 -0.270572650716776E+005 -0.990454487206532E+003  0.100000000000000E+001  0.000000000000000E+000  0.000000000000000E+000  0.000000000000000E+000  0.100000000000000E+001  0.000000000000000E+000  0.000000000000000E+000  0.000000000000000E+000  0.100000000000000E+001  0.590000000000000E+001  0.000000000000000E+000 -0.500000000000000E+000
  0.107812500000000E+001 -0.723564906925749E+004 -0.263898007038660E+003  0.748664735150494E+005  0.606542078593899E+003 -0.271060643004521E+005 -0.106977858689218E+004  0.100000000000000E+001  0.000000000000000E+000  0.000000000000000E+000  0.000000000000000E+000  0.100000000000000E+001  0.000000000000000E+000  0.000000000000000E+000  0.000000000000000E+000  0.100000000000000E+001  0.590000000000000E+001  0.000000000000000E+000 -0.500000000000000E+000
  0.108125000000000E+001 -0.726606403628372E+004 -0.174656116990373E+003  0.752734894303461E+005  0.369345922435830E+003 -0.274667666298519E+005 -0.717014400278026E+003  0.100000000000000E+001  0.000000000000000E+000  0.000000000000000E+000  0.000000000000000E+000  0.100000000000000E+001  0.000000000000000E+000  0.000000000000000E+000  0.000000000000000E+000  0.100000000000000E+001  0.590000000000000E+001  0.000000000000000E+000 -0.500000000000000E+000
  0.108437500000000E+001 -0.730119725193108E+004 -0.168713358518932E+003  0.752251439825624E+005  0.375462483726757E+003 -0.272290935511415E+005 -0.684082991809046E+003  0.100000000000000E+001  0.000000000000000E+000  0.000000000000000E+000  0.000000000000000E+000  0.100000000000000E+001  0.000000000000000E+000  0.000000000000000E+000  0.000000000000000E+000  0.100000000000000E+001  0.590000000000000E+001  0.000000000000000E+000 -0.500000000000000E+000
  0.108750000000000E+001 -0.731125115041879E+004 -0.185928194661114E+003  0.752353043041581E+005  0.458120188402440E+003 -0.272679740122798E+005 -0.731858423993393E+003  0.100000000000000E+001  0.000000000000000E+000  0.000000000000000E+000  0.000000000000000E+000  0.100000000000000E+001  0.000000000000000E+000  0.000000000000000E+000  0.000000000000000E+000  0.100000000000000E+001  0.590000000000000E+001  0.000000000000000E+000 -0.500000000000000E+000
  0.109062500000000E+001 -0.732070737446211E+004 -0.958405723955705E+002  0.752351330157354E+005  0.214791334332880E+003 -0.271499029518962E+005 -0.366169630875491E+003  0.100000000000000E+001  0.000000000000000E+000  0.000000000000000E+000  0.000000000000000E+000  0.100000000000000E+001  0.000000000000000E+000  0.000000000000000E+000  0.000000000000000E+000  0.100000000000000E+001  0.590000000000000E+001  0.000000000000000E+000 -0.500000000000000E+000
  0.109375000000000E+001 -0.733191407571870E+004 -0.107906200019043E+003  0.752788304209565E+005  0.244286991172997E+003 -0.272664905376467E+005 -0.448380971771476E+003  0.100000000000000E+001  0.000000000000000E+000  0.000000000000000E+000  0.000000000000000E+000  0.100000000000000E+001  0.000000000000000E+000  0.000000000000000E+000  0.000000000000000E+000  0.100000000000000E+001  0.590000000000000E+001  0.000000000000000E+000 -0.500000000000000E+000
  0.109687500000000E+001 -0.733768229357184E+004 -0.464098890627058E+002  0.753427984546271E+005  0.101200925160777E+003 -0.272976497394340E+005 -0.182312077435327E+003  0.100000000000000E+001  0.000000000000000E+000  0.000000000000000E+000  0.000000000000000E+000  0.100000000000000E+001  0.000000000000000E+000  0.000000000000000E+000  0.000000000000000E+000  0.100000000000000E+001  0.590000000000000E+001  0.000000000000000E+000 -0.500000000000000E+000
  0.110000000000000E+001 -0.734397132296495E+004  0.250293201502996E+002  0.753832432856424E+005 -0.675163476291873E+002 -0.273450553307241E+005  0.142831123891759E+003  0.100000000000000E+001  0.000000000000000E+000  0.000000000000000E+000  0.000000000000000E+000  0.100000000000000E+001  0.000000000000000E+000  0.000000000000000E+000  0.000000000000000E+000  0.100000000000000E+001  0.590000000000000E+001  0.000000000000000E+000 -0.500000000000000E+000
  0.110312500000000E+001 -0.735249812427192E+004 -0.956554560031361E+002  0.754069964410187E+005  0.235163621680765E+003 -0.274406986376971E+005 -0.398691646000612E+003  0.100000000000000E+001  0.000000000000000E+000  0.000000000000000E+000  0.000000000000000E+000  0.100000000000000E+001  0.000000000000000E+000  0.000000000000000E+000  0.000000000000000E+000  0.100000000000000E+001  0.590000000000000E+001  0.000000000000000E+000 -0.500000000000000E+000
  0.110625000000000E+001 -0.735378651928325E+004 -0.984409198920691E+002  0.753980307605616E+005  0.270224260757325E+003 -0.273100562006745E+005 -0.358650884232069E+003  0.100000000000000E+001  0.000000000000000E+000  0.000000000000000E+000  0.000000000000000E+000  0.100000000000000E+001  0.000000000000000E+000  0.000000000000000E+000  0.000000000000000E+000  0.100000000000000E+001  0.590000000000000E+001  0.000000000000000E+000 -0.500000000000000E+000
  0.110937500000000E+001 -0.735811343813466E+004 -0.113809720887076E+003  0.753593799628521E+005  0.269737614246449E+003 -0.270911039436411E+005 -0.491832105146324E+003  0.100000000000000E+001  0.000000000000000E+000  0.000000000000000E+000  0.000000000000000E+000  0.100000000000000E+001  0.000000000000000E+000  0.000000000000000E+000  0.000000000000000E+000  0.100000000000000E+001  0.590000000000000E+001  0.000000000000000E+000 -0.500000000000000E+000
  0.111250000000000E+001 -0.736534007128802E+004 -0.929579113894240E+002  0.753718051447085E+005  0.226941746957044E+003 -0.271000264625976E+005 -0.414439664576523E+003  0.100000000000000E+001  0.000000000000000E+000  0.000000000000000E+000  0.000000000000000E+000  0.100000000000000E+001  0.000000000000000E+000  0.000000000000000E+000  0.000000000000000E+000  0.100000000000000E+001  0.590000000000000E+001  0.000000000000000E+000 -0.500000000000000E+000
  0.111562500000000E+001 -0.736237129399232E+004 -0.818238177951946E+002  0.754019901758238E+005  0.190307517115029E+003 -0.271143009428776E+005 -0.314609093225613E+003  0.100000000000000E+001  0.000000000000000E+000  0.000000000000000E+000  0.000000000000000E+000  0.100000000000000E+001  0.000000000000000E+000  0.000000000000000E+000  0.000000000000000E+000  0.100000000000000E+001  0.590000000000000E+001  0.000000000000000E+000 -0.500000000000000E+000
  0.111875000000000E+001 -0.736299153952514E+004 -0.140171727604551E+003  0.754172304640142E+005  0.358499379964970E+003 -0.271776386259970E+005 -0.549951711664221E+003  0.100000000000000E+001  0.000000000000000E+000  0.000000000000000E+000  0.000000000000000E+000  0.100000000000000E+001  0.000000000000000E+000  0.000000000000000E+000  0.000000000000000E+000  0.100000000000000E+001  0.590000000000000E+001  0.000000000000000E+000 -0.500000000000000E+000
  0.112187500000000E+001 -0.736935018417047E+004 -0.112317049645857E+003  0.754628068910464E+005  0.224774867690169E+003 -0.273623613881544E+005 -0.471057927432013E+003  0.100000000000000E+001  0.000000000000000E+000  0.000000000000000E+000  0.000000000000000E+000  0.100000000000000E+001  0.000000000000000E+000  0.000000000000000E+000  0.000000000000000E+000  0.100000000000000E+001  0.590000000000000E+001  0.000000000000000E+000 -0.500000000000000E+000
  0.112500000000000E+001 -0.737264584864274E+004 -0.746288545609498E+002  0.754384957811429E+005  0.160231752495295E+003 -0.272047257382015E+005 -0.326194761408420E+003  0.100000000000000E+001  0.000000000000000E+000  0.000000000000000E+000  0.000000000000000E+000  0.100000000000000E+001  0.000000000000000E+000  0.000000000000000E+000  0.000000000000000E+000  0.100000000000000E+001  0.590000000000000E+001  0.000000000000000E+000 -0.500000000000000E+000
  0.112812500000000E+001 -0.737121701945963E+004 -0.212468260413398E+002  0.754228373338835E+005  0.218052517091282E+002 -0.271172275000701E+005 -0.738014727759828E+002  0.100000000000000E+001  0.000000000000000E+000  0.000000000000000E+000  0.000000000000000E+000  0.100000000000000E+001  0.000000000000000E+000  0.000000000000000E+000  0.000000000000000E+000  0.100000000000000E+001  0.590000000000000E+001  0.000000000000000E+000 -0.500000000000000E+000
  0.113125000000000E+001 -0.737220890579572E+004 -0.653230618811654E+001  0.753918648623026E+005  0.102517869984040E+002 -0.269738347420461E+005 -0.121504826862911E+002  0.100000000000000E+001  0.000000000000000E+000  0.000000000000000E+000  0.000000000000000E+000  0.100000000000000E+001  0.000000000000000E+000  0.000000000000000E+000  0.000000000000000E+000  0.100000000000000E+001  0.590000000000000E+001  0.000000000000000E+000 -0.500000000000000E+000
  0.113437500000000E+001 -0.737053111211881E+004 -0.230135234591939E+002  0.753983399921237E+005  0.568651281591219E+002 -0.269719961263218E+005 -0.696013768833664E+002  0.100000000000000E+001  0.000000000000000E+000  0.000000000000000E+000  0.000000000000000E+000  0.100000000000000E+001  0.000000000000000E+000  0.000000000000000E+000  0.000000000000000E+000  0.100000000000000E+001  0.590000000000000E+001  0.000000000000000E+000 -0.500000000000000E+000
  0.113750000000000E+001 -0.736976667631624E+004 -0.128968431927675E+003  0.753946318734463E+005  0.307008916358209E+003 -0.269232631183828E+005 -0.524834364703214E+003  0.100000000000000E+001  0.000000000000000E+000  0.000000000000000E+000  0.000000000000000E+000  0.100000000000000E+001  0.000000000000000E+000  0.000000000000000E+000  0.000000000000000E+000  0.100000000000000E+001  0.590000000000000E+001  0.000000000000000E+000 -0.500000000000000E+000
  0.114062500000000E+001 -0.737089246352515E+004 -0.131257609968449E+003  0.754242058629715E+005  0.298302748698723E+003 -0.270539260633547E+005 -0.518257406181510E+003  0.100000000000000E+001  0.000000000000000E+000  0.000000000000000E+000  0.000000000000000E+000  0.100000000000000E+001  0.000000000000000E+000  0.000000000000000E+000  0.000000000000000E+000  0.100000000000000E+001  0.590000000000000E+001  0.000000000000000E+000 -0.500000000000000E+000
  0.114375000000000E+001 -0.737183209956505E+004 -0.195169892997919E+003  0.754157452745688E+005  0.492824343438649E+003 -0.269962535312271E+005 -0.833016756078521E+003  0.100000000000000E+001  0.000000000000000E+000  0.000000000000000E+000  0.000000000000000E+000  0.100000000000000E+001  0.000000000000000E+000  0.000000000000000E+000  0.000000000000000E+000  0.100000000000000E+001  0.590000000000000E+001  0.000000000000000E+000 -0.500000000000000E+000
  0.114687500000000E+001 -0.737437591777653E+004 -0.159621096966932E+003  0.754474643574102E+005  0.371621340346366E+003 -0.271100219490579E+005 -0.669160057271151E+003  0.100000000000000E+001  0.000000000000000E+000  0.000000000000000E+000  0.000000000000000E+000  0.100000000000000E+001  0.000000000000000E+000  0.000000000000000E+000  0.000000000000000E+000  0.100000000000000E+001  0.590000000000000E+001  0.000000000000000E+000 -0.500000000000000E+000
  0.115000000000000E+001 -0.737458594519768E+004 -0.134129233586678E+003  0.754681882533557E+005  0.344159321399682E+003 -0.271840930353701E+005 -0.556246407913058E+003  0.100000000000000E+001  0.000000000000000E+000  0.000000000000000E+000  0.000000000000000E+000  0.100000000000000E+001  0.000000000000000E+000  0.000000000000000E+000  0.000000000000000E+000  0.100000000000000E+001  0.590000000000000E+001  0.000000000000000E+000 -0.500000000000000E+000
  0.115312500000000E+001 -0.737613430550694E+004 -0.125631962895471E+003  0.754729625676419E+005  0.284449276420241E+003 -0.272007128604537E+005 -0.510600225022194E+003  0.100000000000000E+001  0.000000000000000E+000  0.000000000000000E+000  0.000000000000000E+000  0.100000000000000E+001  0.000000000000000E+000  0.000000000000000E+000  0.000000000000000E+000  0.100000000000000E+001  0.590000000000000E+001  0.000000000000000E+000 -0.500000000000000E+000
  0.115625000000000E+001 -0.737949442230526E+004 -0.912459391800221E+002  0.754776057089761E+005  0.199817621119048E+003 -0.272163789906790E+005 -0.360711312149470E+003  0.100000000000000E+001  0.000000000000000E+000  0.000000000000000E+000  0.000000000000000E+000  0.100000000000000E+001  0.000000000000000E+000  0.000000000000000E+000  0.000000000000000E+000  0.100000000000000E+001  0.590000000000000E+001  0.000000000000000E+000 -0.500000000000000E+000
  0.115937500000000E+001 -0.737865604904457E+004 -0.623175163252931E+002  0.754512850469418E+005  0.165774161321036E+003 -0.270818468521789E+005 -0.240642410551307E+003  0.100000000000000E+001  0.000000000000000E+000  0.000000000000000E+000  0.000000000000000E+000  0.100000000000000E+001  0.000000000000000E+000  0.000000000000000E+000  0.000000000000000E+000  0.100000000000000E+001  0.590000000000000E+001  0.000000000000000E+000 -0.500000000000000E+000
  0.116250000000000E+001 -0.737776357116054E+004 -0.946468216587568E+002  0.754288115500054E+005  0.191017925670241E+003 -0.269803044196785E+005 -0.385728141807462E+003  0.100000000000000E+001  0.000000000000000E+000  0.000000000000000E+000  0.000000000000000E+000  0.100000000000000E+001  0.000000000000000E+000  0.000000000000000E+000  0.000000000000000E+000  0.100000000000000E+001  0.590000000000000E+001  0.000000000000000E+000 -0.500000000000000E+000
  0.116562500000000E+001 -0.737897557561017E+004 -0.124559476543807E+003  0.754501804695114E+005  0.288448060364824E+003 -0.270648233938417E+005 -0.477614765070572E+003  0.100000000000000E+001  0.000000000000000E+000  0.000000000000000E+000  0.000000000000000E+000  0.100000000000000E+001  0.000000000000000E+000  0.000000000000000E+000  0.000000000000000E+000  0.100000000000000E+001  0.590000000000000E+001  0.000000000000000E+000 -0.500000000000000E+000
  0.116875000000000E+001 -0.737767480422741E+004 -0.207083633554408E+003  0.754710120766597E+005  0.508599043728610E+003 -0.271306832407115E+005 -0.847256013495657E+003  0.100000000000000E+001  0.000000000000000E+000  0.000000000000000E+000  0.000000000000000E+000  0.100000000000000E+001  0.000000000000000E+000  0.000000000000000E+000  0.000000000000000E+000  0.100000000000000E+001  0.590000000000000E+001  0.000000000000000E+000 -0.500000000000000E+000
  0.117187500000000E+001 -0.738011755558125E+004 -0.209448136174595E+003  0.755052268620995E+005  0.496975340789379E+003 -0.272861774166467E+005 -0.882805496363451E+003  0.100000000000000E+001  0.000000000000000E+000  0.000000000000000E+000  0.000000000000000E+000  0.100000000000000E+001  0.000000000000000E+000  0.000000000000000E+000  0.000000000000000E+000  0.100000000000000E+001  0.590000000000000E+001  0.000000000000000E+000 -0.500000000000000E+000
  0.117500000000000E+001 -0.738213181270728E+004 -0.149239108975106E+003  0.755195997675839E+005  0.357376184575774E+003 -0.273547065971233E+005 -0.645800794959075E+003  0.100000000000000E+001  0.000000000000000E+000  0.000000000000000E+000  0.000000000000000E+000  0.100000000000000E+001  0.000000000000000E+000  0.000000000000000E+000  0.000000000000000E+000  0.100000000000000E+001  0.590000000000000E+001  0.000000000000000E+000 -0.500000000000000E+000
  0.117812500000000E+001 -0.738196100261591E+004 -0.136325176783489E+003  0.754904252732806E+005  0.310981397469874E+003 -0.272370857995838E+005 -0.552240336598446E+003  0.100000000000000E+001  0.000000000000000E+000  0.000000000000000E+000  0.000000000000000E+000  0.100000000000000E+001  0.000000000000000E+000  0.000000000000000E+000  0.000000000000000E+000  0.100000000000000E+001  0.590000000000000E+001  0.000000000000000E+000 -0.500000000000000E+000
  0.118125000000000E+001 -0.738058131193982E+004 -0.164057924390240E+003  0.754707475891298E+005  0.388931186054952E+003 -0.271472294575079E+005 -0.644782296076040E+003  0.100000000000000E+001  0.000000000000000E+000  0.000000000000000E+000  0.000000000000000E+000  0.100000000000000E+001  0.000000000000000E+000  0.000000000000000E+000  0.000000000000000E+000  0.100000000000000E+001  0.590000000000000E+001  0.000000000000000E+000 -0.500000000000000E+000
  0.118437500000000E+001 -0.737978399808457E+004 -0.168709185645560E+003  0.754528375293062E+005  0.427723476940119E+003 -0.270509270547893E+005 -0.673727328463914E+003  0.100000000000000E+001  0.000000000000000E+000  0.000000000000000E+000  0.000000000000000E+000  0.100000000000000E+001  0.000000000000000E+000  0.000000000000000E+000  0.000000000000000E+000  0.100000000000000E+001  0.590000000000000E+001  0.000000000000000E+000 -0.500000000000000E+000
  0.118750000000000E+001 -0.738274220281494E+004 -0.193063888081825E+003  0.754760674240779E+005  0.450420116157103E+003 -0.271622891820607E+005 -0.817492771898155E+003  0.100000000000000E+001  0.000000000000000E+000  0.000000000000000E+000  0.000000000000000E+000  0.100000000000000E+001  0.000000000000000E+000  0.000000000000000E+000  0.000000000000000E+000  0.100000000000000E+001  0.590000000000000E+001  0.000000000000000E+000 -0.500000000000000E+000
  0.119062500000000E+001 -0.738282381724644E+004 -0.169025485068861E+003  0.755234259099201E+005  0.414291684351123E+003 -0.273348133146079E+005 -0.690419228362113E+003  0.100000000000000E+001  0.000000000000000E+000  0.000000000000000E+000  0.000000000000000E+000  0.100000000000000E+001  0.000000000000000E+000  0.000000000000000E+000  0.000000000000000E+000  0.100000000000000E+001  0.590000000000000E+001  0.000000000000000E+000 -0.500000000000000E+000
  0.119375000000000E+001 -0.738146642624400E+004 -0.152940572686138E+003  0.755129673460036E+005  0.328726168065744E+003 -0.272995072541366E+005 -0.613817514577529E+003  0.100000000000000E+001  0.000000000000000E+000  0.000000000000000E+000  0.000000000000000E+000  0.100000000000000E+001  0.000000000000000E+000  0.000000000000000E+000  0.000000000000000E+000  0.100000000000000E+001  0.590000000000000E+001  0.000000000000000E+000 -0.500000000000000E+000
  0.119687500000000E+001 -0.738411489746348E+004 -0.110682962041926E+003  0.755153731510670E+005  0.234482770660190E+003 -0.273258717657499E+005 -0.443920832337104E+003  0.100000000000000E+001  0.000000000000000E+000  0.000000000000000E+000  0.000000000000000E+000  0.100000000000000E+001  0.000000000000000E+000  0.000000000000000E+000  0.000000000000000E+000  0.100000000000000E+001  0.590000000000000E+001  0.000000000000000E+000 -0.500000000000000E+000
  0.120000000000000E+001 -0.738301388677392E+004 -0.111127423774661E+003  0.754943939335398E+005  0.251447558972151E+003 -0.272005385534828E+005 -0.446268448773789E+003  0.100000000000000E+001  0.000000000000000E+000  0.000000000000000E+000  0.000000000000000E+000  0.100000000000000E+001  0.000000000000000E+000  0.000000000000000E+000  0.000000000000000E+000  0.100000000000000E+001  0.590000000000000E+001  0.000000000000000E+000 -0.500000000000000E+000
  0.120312500000000E+001 -0.738504881920713E+004 -0.100407900590451E+003  0.754844059422939E+005  0.246349817878868E+003 -0.271742307668087E+005 -0.394126857101666E+003  0.100000000000000E+001  0.000000000000000E+000  0.000000000000000E+000  0.000000000000000E+000  0.100000000000000E+001  0.000000000000000E+000  0.000000000000000E+000  0.000000000000000E+000  0.100000000000000E+001  0.590000000000000E+001  0.000000000000000E+000 -0.500000000000000E+000
  0.120625000000000E+001 -0.738149937432006E+004 -0.102076084365062E+003  0.754936751934248E+005  0.260705717184903E+003 -0.272106003356190E+005 -0.425484568310553E+003  0.100000000000000E+001  0.000000000000000E+000  0.000000000000000E+000  0.000000000000000E+000  0.100000000000000E+001  0.000000000000000E+000  0.000000000000000E+000  0.000000000000000E+000  0.100000000000000E+001  0.590000000000000E+001  0.000000000000000E+000 -0.500000000000000E+000
  0.120937500000000E+001 -0.738134929677598E+004 -0.121804765097025E+003  0.754460433462785E+005  0.284433742743421E+003 -0.270229586929662E+005 -0.478817308843776E+003  0.100000000000000E+001  0.000000000000000E+000  0.000000000000000E+000  0.000000000000000E+000  0.100000000000000E+001  0.000000000000000E+000  0.000000000000000E+000  0.000000000000000E+000  0.100000000000000E+001  0.590000000000000E+001  0.000000000000000E+000 -0.500000000000000E+000
  0.121250000000000E+001 -0.738292889341307E+004 -0.146104048466310E+003  0.754778039077040E+005  0.356257662396784E+003 -0.271604292653426E+005 -0.592004580898963E+003  0.100000000000000E+001  0.000000000000000E+000  0.000000000000000E+000  0.000000000000000E+000  0.100000000000000E+001  0.000000000000000E+000  0.000000000000000E+000  0.000000000000000E+000  0.100000000000000E+001  0.590000000000000E+001  0.000000000000000E+000 -0.500000000000000E+000
  0.121562500000000E+001 -0.738491873733381E+004 -0.133598207884261E+003  0.754979995898045E+005  0.321465425057775E+003 -0.271891782256867E+005 -0.543627019660209E+003  0.100000000000000E+001  0.000000000000000E+000  0.000000000000000E+000  0.000000000000000E+000  0.100000000000000E+001  0.000000000000000E+000  0.000000000000000E+000  0.000000000000000E+000  0.100000000000000E+001  0.590000000000000E+001  0.000000000000000E+000 -0.500000000000000E+000
  0.121875000000000E+001 -0.738449904730525E+004 -0.167692220065459E+003  0.755532444075846E+005  0.429749713895446E+003 -0.274535781939824E+005 -0.723583280685255E+003  0.100000000000000E+001  0.000000000000000E+000  0.000000000000000E+000  0.000000000000000E+000  0.100000000000000E+001  0.000000000000000E+000  0.000000000000000E+000  0.000000000000000E+000  0.100000000000000E+001  0.590000000000000E+001  0.000000000000000E+000 -0.500000000000000E+000
  0.122187500000000E+001 -0.738399145117301E+004 -0.889085801960248E+002  0.755371804118986E+005  0.221917729585947E+003 -0.273917573890656E+005 -0.360882350406481E+003  0.100000000000000E+001  0.000000000000000E+000  0.000000000000000E+000  0.000000000000000E+000  0.100000000000000E+001  0.000000000000000E+000  0.000000000000000E+000  0.000000000000000E+000  0.100000000000000E+001  0.590000000000000E+001  0.000000000000000E+000 -0.500000000000000E+000
  0.122500000000000E+001 -0.738686568448686E+004 -0.770067587210833E+002  0.755264621338632E+005  0.154274548720446E+003 -0.273657937942165E+005 -0.300126067429025E+003  0.100000000000000E+001  0.000000000000000E+000  0.000000000000000E+000  0.000000000000000E+000  0.100000000000000E+001  0.000000000000000E+000  0.000000000000000E+000  0.000000000000000E+000  0.100000000000000E+001  0.590000000000000E+001  0.000000000000000E+000 -0.500000000000000E+000
  0.122812500000000E+001 -0.738493638246895E+004 -0.142471375871292E+003  0.755220188969677E+005  0.329834976114862E+003 -0.272980389506828E+005 -0.554634755446111E+003  0.100000000000000E+001  0.000000000000000E+000  0.000000000000000E+000  0.000000000000000E+000  0.100000000000000E+001  0.000000000000000E+000  0.000000000000000E+000  0.000000000000000E+000  0.100000000000000E+001  0.590000000000000E+001  0.000000000000000E+000 -0.500000000000000E+000
  0.123125000000000E+001 -0.738401077899897E+004 -0.158537979410113E+003  0.754885757646484E+005  0.384924393129871E+003 -0.271788544357802E+005 -0.617421689590295E+003  0.100000000000000E+001  0.000000000000000E+000  0.000000000000000E+000  0.000000000000000E+000  0.100000000000000E+001  0.000000000000000E+000  0.000000000000000E+000  0.000000000000000E+000  0.100000000000000E+001  0.590000000000000E+001  0.000000000000000E+000 -0.500000000000000E+000
  0.123437500000000E+001 -0.738628646762993E+004 -0.219258906850300E+003  0.754893277991027E+005  0.542709417744724E+003 -0.271897936172976E+005 -0.939938747997073E+003  0.100000000000000E+001  0.000000000000000E+000  0.000000000000000E+000  0.000000000000000E+000  0.100000000000000E+001  0.000000000000000E+000  0.000000000000000E+000  0.000000000000000E+000  0.100000000000000E+001  0.590000000000000E+001  0.000000000000000E+000 -0.500000000000000E+000
  0.123750000000000E+001 -0.738430865620981E+004 -0.175885779205706E+003  0.754933167905078E+005  0.415453805861964E+003 -0.271919165969577E+005 -0.729300079669271E+003  0.100000000000000E+001  0.000000000000000E+000  0.000000000000000E+000  0.000000000000000E+000  0.100000000000000E+001  0.000000000000000E+000  0.000000000000000E+000  0.000000000000000E+000  0.100000000000000E+001  0.590000000000000E+001  0.000000000000000E+000 -0.500000000000000E+000
  0.124062500000000E+001 -0.738112595483664E+004 -0.150572504319367E+003  0.754719268512451E+005  0.335115907897141E+003 -0.270946233065495E+005 -0.603293392839827E+003  0.100000000000000E+001  0.000000000000000E+000  0.000000000000000E+000  0.000000000000000E+000  0.100000000000000E+001  0.000000000000000E+000  0.000000000000000E+000  0.000000000000000E+000  0.100000000000000E+001  0.590000000000000E+001  0.000000000000000E+000 -0.500000000000000E+000
  0.124375000000000E+001 -0.738329587144174E+004 -0.175790918603838E+003  0.754643808431817E+005  0.408464840900301E+003 -0.271015121847929E+005 -0.710301081621719E+003  0.100000000000000E+001  0.000000000000000E+000  0.000000000000000E+000  0.000000000000000E+000  0.100000000000000E+001  0.000000000000000E+000  0.000000000000000E+000  0.000000000000000E+000  0.100000000000000E+001  0.590000000000000E+001  0.000000000000000E+000 -0.500000000000000E+000
  0.124687500000000E+001 -0.738183505001470E+004 -0.181981182261422E+003  0.754809575814288E+005  0.451681410693941E+003 -0.271319266581666E+005 -0.741019929409401E+003  0.100000000000000E+001  0.000000000000000E+000  0.000000000000000E+000  0.000000000000000E+000  0.100000000000000E+001  0.000000000000000E+000  0.000000000000000E+000  0.000000000000000E+000  0.100000000000000E+001  0.590000000000000E+001  0.000000000000000E+000 -0.500000000000000E+000

