 # Integral loads: N.components: 4
 #                 Ref.sys     : Stability
 #                 Components  : wing_right , wing_left , tail_right , tail_left
 #  t , Fx , Fy , Fz , Mx , My , Mz , ref_mat(9) , ref_off(3) 
  0.100000000000000E+001 -0.144197280993736E+004  0.465612414463976E-001  0.205286694601151E+005  0.535691355885319E-001 -0.117768001073237E+006  0.403130351960499E+000  0.100000000000000E+001  0.000000000000000E+000  0.000000000000000E+000  0.000000000000000E+000  0.100000000000000E+001  0.000000000000000E+000  0.000000000000000E+000  0.000000000000000E+000  0.100000000000000E+001  0.100000000000000E+001  0.000000000000000E+000  0.000000000000000E+000
  0.102500000000000E+001 -0.186823986616562E+004  0.149165887128220E-001  0.127503682604741E+005  0.406507297743701E-001 -0.708274654250532E+005  0.111550043368879E+000  0.100000000000000E+001  0.000000000000000E+000  0.000000000000000E+000  0.000000000000000E+000  0.100000000000000E+001  0.000000000000000E+000  0.000000000000000E+000  0.000000000000000E+000  0.100000000000000E+001  0.100000000000000E+001  0.000000000000000E+000  0.000000000000000E+000
  0.105000000000000E+001 -0.198385301740392E+004 -0.100431736461246E+000  0.129895204216483E+005  0.221057822582452E+000 -0.717129799353277E+005 -0.913573607705985E+000  0.100000000000000E+001  0.000000000000000E+000  0.000000000000000E+000  0.000000000000000E+000  0.100000000000000E+001  0.000000000000000E+000  0.000000000000000E+000  0.000000000000000E+000  0.100000000000000E+001  0.100000000000000E+001  0.000000000000000E+000  0.000000000000000E+000
  0.107500000000000E+001 -0.206208521457612E+004 -0.991902795384476E-001  0.130527674997520E+005  0.253793301404585E+000 -0.714346302311841E+005 -0.967937610973422E+000  0.100000000000000E+001  0.000000000000000E+000  0.000000000000000E+000  0.000000000000000E+000  0.100000000000000E+001  0.000000000000000E+000  0.000000000000000E+000  0.000000000000000E+000  0.100000000000000E+001  0.100000000000000E+001  0.000000000000000E+000  0.000000000000000E+000
  0.110000000000000E+001 -0.211945700518637E+004  0.593985609966694E-001  0.130050021107508E+005 -0.690300349699555E-001 -0.702279396015618E+005  0.522004942115018E+000  0.100000000000000E+001  0.000000000000000E+000  0.000000000000000E+000  0.000000000000000E+000  0.100000000000000E+001  0.000000000000000E+000  0.000000000000000E+000  0.000000000000000E+000  0.100000000000000E+001  0.100000000000000E+001  0.000000000000000E+000  0.000000000000000E+000
  0.112500000000000E+001 -0.215610055493570E+004  0.735563261603147E-001  0.132312080768846E+005 -0.110717028082263E+000 -0.718572322129017E+005  0.649450426102703E+000  0.100000000000000E+001  0.000000000000000E+000  0.000000000000000E+000  0.000000000000000E+000  0.100000000000000E+001  0.000000000000000E+000  0.000000000000000E+000  0.000000000000000E+000  0.100000000000000E+001  0.100000000000000E+001  0.000000000000000E+000  0.000000000000000E+000
  0.115000000000000E+001 -0.218600372139309E+004  0.556583600473459E-001  0.133551212824002E+005 -0.778038680423379E-001 -0.726321708958539E+005  0.474006837576781E+000  0.100000000000000E+001  0.000000000000000E+000  0.000000000000000E+000  0.000000000000000E+000  0.100000000000000E+001  0.000000000000000E+000  0.000000000000000E+000  0.000000000000000E+000  0.100000000000000E+001  0.100000000000000E+001  0.000000000000000E+000  0.000000000000000E+000
  0.117500000000000E+001 -0.221082628246068E+004  0.419819983746947E-001  0.134474443722907E+005 -0.418368022749291E-001 -0.731712166281969E+005  0.345247301213021E+000  0.100000000000000E+001  0.000000000000000E+000  0.000000000000000E+000  0.000000000000000E+000  0.100000000000000E+001  0.000000000000000E+000  0.000000000000000E+000  0.000000000000000E+000  0.100000000000000E+001  0.100000000000000E+001  0.000000000000000E+000  0.000000000000000E+000
  0.120000000000000E+001 -0.223364142962757E+004  0.317149059721942E-001  0.135362331483780E+005 -0.149159115287603E-001 -0.736943086777207E+005  0.249671617605600E+000  0.100000000000000E+001  0.000000000000000E+000  0.000000000000000E+000  0.000000000000000E+000  0.100000000000000E+001  0.000000000000000E+000  0.000000000000000E+000  0.000000000000000E+000  0.100000000000000E+001  0.100000000000000E+001  0.000000000000000E+000  0.000000000000000E+000
  0.122500000000000E+001 -0.225006132287210E+004  0.296149103505741E-001  0.135812219175924E+005 -0.375240324547121E-002 -0.739302686471260E+005  0.231332918148837E+000  0.100000000000000E+001  0.000000000000000E+000  0.000000000000000E+000  0.000000000000000E+000  0.100000000000000E+001  0.000000000000000E+000  0.000000000000000E+000  0.000000000000000E+000  0.100000000000000E+001  0.100000000000000E+001  0.000000000000000E+000  0.000000000000000E+000
  0.125000000000000E+001 -0.226594004431504E+004  0.294161854261574E-001  0.136391733189228E+005  0.320624349228638E-002 -0.742470772460604E+005  0.230556581162091E+000  0.100000000000000E+001  0.000000000000000E+000  0.000000000000000E+000  0.000000000000000E+000  0.100000000000000E+001  0.000000000000000E+000  0.000000000000000E+000  0.000000000000000E+000  0.100000000000000E+001  0.100000000000000E+001  0.000000000000000E+000  0.000000000000000E+000
  0.127500000000000E+001 -0.228971725889549E+004  0.306399615310511E-001  0.137516308011683E+005  0.828052319570816E-002 -0.748918028019212E+005  0.242361356488800E+000  0.100000000000000E+001  0.000000000000000E+000  0.000000000000000E+000  0.000000000000000E+000  0.100000000000000E+001  0.000000000000000E+000  0.000000000000000E+000  0.000000000000000E+000  0.100000000000000E+001  0.100000000000000E+001  0.000000000000000E+000  0.000000000000000E+000
  0.130000000000000E+001 -0.230029751958232E+004  0.325644202754347E-001  0.137544606296762E+005  0.247466375594740E-002 -0.748816228747425E+005  0.259923579482347E+000  0.100000000000000E+001  0.000000000000000E+000  0.000000000000000E+000  0.000000000000000E+000  0.100000000000000E+001  0.000000000000000E+000  0.000000000000000E+000  0.000000000000000E+000  0.100000000000000E+001  0.100000000000000E+001  0.000000000000000E+000  0.000000000000000E+000
  0.132500000000000E+001 -0.230617389055885E+004  0.342702296802599E-001  0.137618005872797E+005 -0.268922581585684E-002 -0.749105742242685E+005  0.275226812676010E+000  0.100000000000000E+001  0.000000000000000E+000  0.000000000000000E+000  0.000000000000000E+000  0.100000000000000E+001  0.000000000000000E+000  0.000000000000000E+000  0.000000000000000E+000  0.100000000000000E+001  0.100000000000000E+001  0.000000000000000E+000  0.000000000000000E+000
  0.135000000000000E+001 -0.231000079007780E+004  0.353020285587036E-001  0.137689389745585E+005 -0.634474809885432E-002 -0.749419441706206E+005  0.284276614756891E+000  0.100000000000000E+001  0.000000000000000E+000  0.000000000000000E+000  0.000000000000000E+000  0.100000000000000E+001  0.000000000000000E+000  0.000000000000000E+000  0.000000000000000E+000  0.100000000000000E+001  0.100000000000000E+001  0.000000000000000E+000  0.000000000000000E+000
  0.137500000000000E+001 -0.231267301872124E+004  0.362375284194059E-001  0.137746765731382E+005 -0.982305089564761E-002 -0.749666038831482E+005  0.292536901772110E+000  0.100000000000000E+001  0.000000000000000E+000  0.000000000000000E+000  0.000000000000000E+000  0.100000000000000E+001  0.000000000000000E+000  0.000000000000000E+000  0.000000000000000E+000  0.100000000000000E+001  0.100000000000000E+001  0.000000000000000E+000  0.000000000000000E+000
  0.140000000000000E+001 -0.231465289751675E+004  0.354392125545928E-001  0.137806706063450E+005 -0.825188417525169E-002 -0.749989482018156E+005  0.284936142752485E+000  0.100000000000000E+001  0.000000000000000E+000  0.000000000000000E+000  0.000000000000000E+000  0.100000000000000E+001  0.000000000000000E+000  0.000000000000000E+000  0.000000000000000E+000  0.100000000000000E+001  0.100000000000000E+001  0.000000000000000E+000  0.000000000000000E+000
  0.142500000000000E+001 -0.231613544214672E+004  0.354370935165207E-001  0.137851529503395E+005 -0.830806429053155E-002 -0.750234840288863E+005  0.284814141461538E+000  0.100000000000000E+001  0.000000000000000E+000  0.000000000000000E+000  0.000000000000000E+000  0.100000000000000E+001  0.000000000000000E+000  0.000000000000000E+000  0.000000000000000E+000  0.100000000000000E+001  0.100000000000000E+001  0.000000000000000E+000  0.000000000000000E+000
  0.145000000000000E+001 -0.231726468875781E+004  0.354605732021582E-001  0.137885473036280E+005 -0.841005824668173E-002 -0.750419565960825E+005  0.284975263902197E+000  0.100000000000000E+001  0.000000000000000E+000  0.000000000000000E+000  0.000000000000000E+000  0.100000000000000E+001  0.000000000000000E+000  0.000000000000000E+000  0.000000000000000E+000  0.100000000000000E+001  0.100000000000000E+001  0.000000000000000E+000  0.000000000000000E+000
  0.147500000000000E+001 -0.231813155202896E+004  0.354858955413420E-001  0.137911366234022E+005 -0.851528779799082E-002 -0.750559683980603E+005  0.285170791370547E+000  0.100000000000000E+001  0.000000000000000E+000  0.000000000000000E+000  0.000000000000000E+000  0.100000000000000E+001  0.000000000000000E+000  0.000000000000000E+000  0.000000000000000E+000  0.100000000000000E+001  0.100000000000000E+001  0.000000000000000E+000  0.000000000000000E+000
  0.150000000000000E+001 -0.231878502160617E+004  0.355030329828878E-001  0.137930196064515E+005 -0.859292102381914E-002 -0.750660479842480E+005  0.285301138355862E+000  0.100000000000000E+001  0.000000000000000E+000  0.000000000000000E+000  0.000000000000000E+000  0.100000000000000E+001  0.000000000000000E+000  0.000000000000000E+000  0.000000000000000E+000  0.100000000000000E+001  0.100000000000000E+001  0.000000000000000E+000  0.000000000000000E+000
  0.152500000000000E+001 -0.231931025071000E+004  0.355135655129288E-001  0.137946537776044E+005 -0.864298810097353E-002 -0.750749158596971E+005  0.285376824656851E+000  0.100000000000000E+001  0.000000000000000E+000  0.000000000000000E+000  0.000000000000000E+000  0.100000000000000E+001  0.000000000000000E+000  0.000000000000000E+000  0.000000000000000E+000  0.100000000000000E+001  0.100000000000000E+001  0.000000000000000E+000  0.000000000000000E+000
  0.155000000000000E+001 -0.231975019157682E+004  0.355195447834831E-001  0.137960935913262E+005 -0.867120539010102E-002 -0.750828124309682E+005  0.285415621458014E+000  0.100000000000000E+001  0.000000000000000E+000  0.000000000000000E+000  0.000000000000000E+000  0.100000000000000E+001  0.000000000000000E+000  0.000000000000000E+000  0.000000000000000E+000  0.100000000000000E+001  0.100000000000000E+001  0.000000000000000E+000  0.000000000000000E+000
  0.157500000000000E+001 -0.232003627221836E+004  0.355253029641744E-001  0.137967408234002E+005 -0.870519789850732E-002 -0.750861012769338E+005  0.285457022179799E+000  0.100000000000000E+001  0.000000000000000E+000  0.000000000000000E+000  0.000000000000000E+000  0.100000000000000E+001  0.000000000000000E+000  0.000000000000000E+000  0.000000000000000E+000  0.100000000000000E+001  0.100000000000000E+001  0.000000000000000E+000  0.000000000000000E+000
  0.160000000000000E+001 -0.232022792828003E+004  0.355249651729537E-001  0.137971877918971E+005 -0.871756178389660E-002 -0.750883673469337E+005  0.285445789843834E+000  0.100000000000000E+001  0.000000000000000E+000  0.000000000000000E+000  0.000000000000000E+000  0.100000000000000E+001  0.000000000000000E+000  0.000000000000000E+000  0.000000000000000E+000  0.100000000000000E+001  0.100000000000000E+001  0.000000000000000E+000  0.000000000000000E+000
  0.162500000000000E+001 -0.232036193971738E+004  0.355274176240528E-001  0.137975207897276E+005 -0.873276472498219E-002 -0.750900623521740E+005  0.285462991793793E+000  0.100000000000000E+001  0.000000000000000E+000  0.000000000000000E+000  0.000000000000000E+000  0.100000000000000E+001  0.000000000000000E+000  0.000000000000000E+000  0.000000000000000E+000  0.100000000000000E+001  0.100000000000000E+001  0.000000000000000E+000  0.000000000000000E+000
  0.165000000000000E+001 -0.232045825937101E+004  0.355298689638630E-001  0.137977729855841E+005 -0.874479088133739E-002 -0.750913551272740E+005  0.285481923070620E+000  0.100000000000000E+001  0.000000000000000E+000  0.000000000000000E+000  0.000000000000000E+000  0.100000000000000E+001  0.000000000000000E+000  0.000000000000000E+000  0.000000000000000E+000  0.100000000000000E+001  0.100000000000000E+001  0.000000000000000E+000  0.000000000000000E+000
  0.167500000000000E+001 -0.232052869478569E+004  0.355314193795948E-001  0.137979685495238E+005 -0.875279752744973E-002 -0.750923862873996E+005  0.285493322063303E+000  0.100000000000000E+001  0.000000000000000E+000  0.000000000000000E+000  0.000000000000000E+000  0.100000000000000E+001  0.000000000000000E+000  0.000000000000000E+000  0.000000000000000E+000  0.100000000000000E+001  0.100000000000000E+001  0.000000000000000E+000  0.000000000000000E+000
  0.170000000000000E+001 -0.232058058093059E+004  0.355349738910036E-001  0.137981147617945E+005 -0.876276725944081E-002 -0.750931643750775E+005  0.285524205548427E+000  0.100000000000000E+001  0.000000000000000E+000  0.000000000000000E+000  0.000000000000000E+000  0.100000000000000E+001  0.000000000000000E+000  0.000000000000000E+000  0.000000000000000E+000  0.100000000000000E+001  0.100000000000000E+001  0.000000000000000E+000  0.000000000000000E+000
  0.172500000000000E+001 -0.232061903044779E+004  0.355359463375180E-001  0.137982235211765E+005 -0.876899180752844E-002 -0.750937438851665E+005  0.285531434876248E+000  0.100000000000000E+001  0.000000000000000E+000  0.000000000000000E+000  0.000000000000000E+000  0.100000000000000E+001  0.000000000000000E+000  0.000000000000000E+000  0.000000000000000E+000  0.100000000000000E+001  0.100000000000000E+001  0.000000000000000E+000  0.000000000000000E+000
  0.175000000000000E+001 -0.232064756720580E+004  0.355358436058850E-001  0.137983040645637E+005 -0.877100643629092E-002 -0.750941725169017E+005  0.285529112611584E+000  0.100000000000000E+001  0.000000000000000E+000  0.000000000000000E+000  0.000000000000000E+000  0.100000000000000E+001  0.000000000000000E+000  0.000000000000000E+000  0.000000000000000E+000  0.100000000000000E+001  0.100000000000000E+001  0.000000000000000E+000  0.000000000000000E+000
  0.177500000000000E+001 -0.232066872894318E+004  0.355355627198151E-001  0.137983635140180E+005 -0.877176605331442E-002 -0.750944882768582E+005  0.285525651360331E+000  0.100000000000000E+001  0.000000000000000E+000  0.000000000000000E+000  0.000000000000000E+000  0.100000000000000E+001  0.000000000000000E+000  0.000000000000000E+000  0.000000000000000E+000  0.100000000000000E+001  0.100000000000000E+001  0.000000000000000E+000  0.000000000000000E+000
  0.180000000000000E+001 -0.232068459921009E+004  0.355351761028260E-001  0.137984087372511E+005 -0.877151608506210E-002 -0.750947290997474E+005  0.285521560545021E+000  0.100000000000000E+001  0.000000000000000E+000  0.000000000000000E+000  0.000000000000000E+000  0.100000000000000E+001  0.000000000000000E+000  0.000000000000000E+000  0.000000000000000E+000  0.100000000000000E+001  0.100000000000000E+001  0.000000000000000E+000  0.000000000000000E+000
  0.182500000000000E+001 -0.232069645652017E+004  0.355346323610775E-001  0.137984423613132E+005 -0.877062892482172E-002 -0.750949080130955E+005  0.285516240604920E+000  0.100000000000000E+001  0.000000000000000E+000  0.000000000000000E+000  0.000000000000000E+000  0.100000000000000E+001  0.000000000000000E+000  0.000000000000000E+000  0.000000000000000E+000  0.100000000000000E+001  0.100000000000000E+001  0.000000000000000E+000  0.000000000000000E+000
  0.185000000000000E+001 -0.232070490374369E+004  0.355343131132031E-001  0.137984646660336E+005 -0.876944057517903E-002 -0.750950248483474E+005  0.285513146028279E+000  0.100000000000000E+001  0.000000000000000E+000  0.000000000000000E+000  0.000000000000000E+000  0.100000000000000E+001  0.000000000000000E+000  0.000000000000000E+000  0.000000000000000E+000  0.100000000000000E+001  0.100000000000000E+001  0.000000000000000E+000  0.000000000000000E+000
  0.187500000000000E+001 -0.232071092598578E+004  0.355349885371652E-001  0.137984805086873E+005 -0.877128779234226E-002 -0.750951075727004E+005  0.285519210428902E+000  0.100000000000000E+001  0.000000000000000E+000  0.000000000000000E+000  0.000000000000000E+000  0.100000000000000E+001  0.000000000000000E+000  0.000000000000000E+000  0.000000000000000E+000  0.100000000000000E+001  0.100000000000000E+001  0.000000000000000E+000  0.000000000000000E+000
  0.190000000000000E+001 -0.232071526280499E+004  0.355350961465319E-001  0.137984920735150E+005 -0.877184077785387E-002 -0.750951679960643E+005  0.285520037815331E+000  0.100000000000000E+001  0.000000000000000E+000  0.000000000000000E+000  0.000000000000000E+000  0.100000000000000E+001  0.000000000000000E+000  0.000000000000000E+000  0.000000000000000E+000  0.100000000000000E+001  0.100000000000000E+001  0.000000000000000E+000  0.000000000000000E+000
  0.192500000000000E+001 -0.232071841245993E+004  0.355351645021074E-001  0.137985006046945E+005 -0.877222269537015E-002 -0.750952127008631E+005  0.285520536444892E+000  0.100000000000000E+001  0.000000000000000E+000  0.000000000000000E+000  0.000000000000000E+000  0.100000000000000E+001  0.000000000000000E+000  0.000000000000000E+000  0.000000000000000E+000  0.100000000000000E+001  0.100000000000000E+001  0.000000000000000E+000  0.000000000000000E+000
  0.195000000000000E+001 -0.232072071286255E+004  0.355352126402977E-001  0.137985069276553E+005 -0.877249899053822E-002 -0.750952460316995E+005  0.285520882052879E+000  0.100000000000000E+001  0.000000000000000E+000  0.000000000000000E+000  0.000000000000000E+000  0.100000000000000E+001  0.000000000000000E+000  0.000000000000000E+000  0.000000000000000E+000  0.100000000000000E+001  0.100000000000000E+001  0.000000000000000E+000  0.000000000000000E+000
  0.197500000000000E+001 -0.232072239808906E+004  0.355352470928665E-001  0.137985115882142E+005 -0.877269961893035E-002 -0.750952706724591E+005  0.285521126868844E+000  0.100000000000000E+001  0.000000000000000E+000  0.000000000000000E+000  0.000000000000000E+000  0.100000000000000E+001  0.000000000000000E+000  0.000000000000000E+000  0.000000000000000E+000  0.100000000000000E+001  0.100000000000000E+001  0.000000000000000E+000  0.000000000000000E+000
  0.200000000000000E+001 -0.232072363495558E+004  0.355352727160607E-001  0.137985150155923E+005 -0.877284909597620E-002 -0.750952888082489E+005  0.285521309961950E+000  0.100000000000000E+001  0.000000000000000E+000  0.000000000000000E+000  0.000000000000000E+000  0.100000000000000E+001  0.000000000000000E+000  0.000000000000000E+000  0.000000000000000E+000  0.100000000000000E+001  0.100000000000000E+001  0.000000000000000E+000  0.000000000000000E+000
  0.202500000000000E+001 -0.232072454315591E+004  0.355352899698573E-001  0.137985175308989E+005 -0.877295442319337E-002 -0.750953021149324E+005  0.285521430208064E+000  0.100000000000000E+001  0.000000000000000E+000  0.000000000000000E+000  0.000000000000000E+000  0.100000000000000E+001  0.000000000000000E+000  0.000000000000000E+000  0.000000000000000E+000  0.100000000000000E+001  0.100000000000000E+001  0.000000000000000E+000  0.000000000000000E+000
  0.205000000000000E+001 -0.232072521004257E+004  0.355353016946083E-001  0.137985193760313E+005 -0.877302790763679E-002 -0.750953118717631E+005  0.285521510003491E+000  0.100000000000000E+001  0.000000000000000E+000  0.000000000000000E+000  0.000000000000000E+000  0.100000000000000E+001  0.000000000000000E+000  0.000000000000000E+000  0.000000000000000E+000  0.100000000000000E+001  0.100000000000000E+001  0.000000000000000E+000  0.000000000000000E+000
  0.207500000000000E+001 -0.232072570029898E+004  0.355353124996327E-001  0.137985207339613E+005 -0.877308768167495E-002 -0.750953190529289E+005  0.285521588943084E+000  0.100000000000000E+001  0.000000000000000E+000  0.000000000000000E+000  0.000000000000000E+000  0.100000000000000E+001  0.000000000000000E+000  0.000000000000000E+000  0.000000000000000E+000  0.100000000000000E+001  0.100000000000000E+001  0.000000000000000E+000  0.000000000000000E+000
  0.210000000000000E+001 -0.232072605956461E+004  0.355353190266214E-001  0.137985217242888E+005 -0.877312785746653E-002 -0.750953242842829E+005  0.285521634001270E+000  0.100000000000000E+001  0.000000000000000E+000  0.000000000000000E+000  0.000000000000000E+000  0.100000000000000E+001  0.000000000000000E+000  0.000000000000000E+000  0.000000000000000E+000  0.100000000000000E+001  0.100000000000000E+001  0.000000000000000E+000  0.000000000000000E+000
  0.212500000000000E+001 -0.232072632044985E+004  0.355353236329847E-001  0.137985224334758E+005 -0.877315640786946E-002 -0.750953280182990E+005  0.285521665603483E+000  0.100000000000000E+001  0.000000000000000E+000  0.000000000000000E+000  0.000000000000000E+000  0.100000000000000E+001  0.000000000000000E+000  0.000000000000000E+000  0.000000000000000E+000  0.100000000000000E+001  0.100000000000000E+001  0.000000000000000E+000  0.000000000000000E+000
  0.215000000000000E+001 -0.232072650973446E+004  0.355353272002503E-001  0.137985229468915E+005 -0.877317807135114E-002 -0.750953307186811E+005  0.285521690567293E+000  0.100000000000000E+001  0.000000000000000E+000  0.000000000000000E+000  0.000000000000000E+000  0.100000000000000E+001  0.000000000000000E+000  0.000000000000000E+000  0.000000000000000E+000  0.100000000000000E+001  0.100000000000000E+001  0.000000000000000E+000  0.000000000000000E+000
  0.217500000000000E+001 -0.232072664738058E+004  0.355353296696421E-001  0.137985233214103E+005 -0.877319337337212E-002 -0.750953326888378E+005  0.285521707492080E+000  0.100000000000000E+001  0.000000000000000E+000  0.000000000000000E+000  0.000000000000000E+000  0.100000000000000E+001  0.000000000000000E+000  0.000000000000000E+000  0.000000000000000E+000  0.100000000000000E+001  0.100000000000000E+001  0.000000000000000E+000  0.000000000000000E+000
  0.220000000000000E+001 -0.232072674772085E+004  0.355353317287381E-001  0.137985235956439E+005 -0.877320544600479E-002 -0.750953341328276E+005  0.285521722465091E+000  0.100000000000000E+001  0.000000000000000E+000  0.000000000000000E+000  0.000000000000000E+000  0.100000000000000E+001  0.000000000000000E+000  0.000000000000000E+000  0.000000000000000E+000  0.100000000000000E+001  0.100000000000000E+001  0.000000000000000E+000  0.000000000000000E+000
  0.222500000000000E+001 -0.232072682099789E+004  0.355353330282924E-001  0.137985237967197E+005 -0.877321347024917E-002 -0.750953351931435E+005  0.285521731284462E+000  0.100000000000000E+001  0.000000000000000E+000  0.000000000000000E+000  0.000000000000000E+000  0.100000000000000E+001  0.000000000000000E+000  0.000000000000000E+000  0.000000000000000E+000  0.100000000000000E+001  0.100000000000000E+001  0.000000000000000E+000  0.000000000000000E+000
  0.225000000000000E+001 -0.232072687456861E+004  0.355353340617057E-001  0.137985239440297E+005 -0.877322035807993E-002 -0.750953359706338E+005  0.285521738551324E+000  0.100000000000000E+001  0.000000000000000E+000  0.000000000000000E+000  0.000000000000000E+000  0.100000000000000E+001  0.000000000000000E+000  0.000000000000000E+000  0.000000000000000E+000  0.100000000000000E+001  0.100000000000000E+001  0.000000000000000E+000  0.000000000000000E+000
  0.227500000000000E+001 -0.232072691375536E+004  0.355353347824803E-001  0.137985240518664E+005 -0.877322449287021E-002 -0.750953365399693E+005  0.285521743532627E+000  0.100000000000000E+001  0.000000000000000E+000  0.000000000000000E+000  0.000000000000000E+000  0.100000000000000E+001  0.000000000000000E+000  0.000000000000000E+000  0.000000000000000E+000  0.100000000000000E+001  0.100000000000000E+001  0.000000000000000E+000  0.000000000000000E+000
  0.230000000000000E+001 -0.232072694242380E+004  0.355353352773591E-001  0.137985241307476E+005 -0.877322743986042E-002 -0.750953369564184E+005  0.285521746830455E+000  0.100000000000000E+001  0.000000000000000E+000  0.000000000000000E+000  0.000000000000000E+000  0.100000000000000E+001  0.000000000000000E+000  0.000000000000000E+000  0.000000000000000E+000  0.100000000000000E+001  0.100000000000000E+001  0.000000000000000E+000  0.000000000000000E+000
  0.232500000000000E+001 -0.232072696339579E+004  0.355353357227841E-001  0.137985241884283E+005 -0.877323019062715E-002 -0.750953372608939E+005  0.285521750101907E+000  0.100000000000000E+001  0.000000000000000E+000  0.000000000000000E+000  0.000000000000000E+000  0.100000000000000E+001  0.000000000000000E+000  0.000000000000000E+000  0.000000000000000E+000  0.100000000000000E+001  0.100000000000000E+001  0.000000000000000E+000  0.000000000000000E+000
  0.235000000000000E+001 -0.232072697873529E+004  0.355353359688024E-001  0.137985242305999E+005 -0.877323226791304E-002 -0.750953374834687E+005  0.285521751696251E+000  0.100000000000000E+001  0.000000000000000E+000  0.000000000000000E+000  0.000000000000000E+000  0.100000000000000E+001  0.000000000000000E+000  0.000000000000000E+000  0.000000000000000E+000  0.100000000000000E+001  0.100000000000000E+001  0.000000000000000E+000  0.000000000000000E+000
  0.237500000000000E+001 -0.232072698994226E+004  0.355353362587039E-001  0.137985242613548E+005 -0.877323310123757E-002 -0.750953376457149E+005  0.285521753977264E+000  0.100000000000000E+001  0.000000000000000E+000  0.000000000000000E+000  0.000000000000000E+000  0.100000000000000E+001  0.000000000000000E+000  0.000000000000000E+000  0.000000000000000E+000  0.100000000000000E+001  0.100000000000000E+001  0.000000000000000E+000  0.000000000000000E+000
  0.240000000000000E+001 -0.232072699811473E+004  0.355353363673885E-001  0.137985242837172E+005 -0.877323400845853E-002 -0.750953377636015E+005  0.285521754581168E+000  0.100000000000000E+001  0.000000000000000E+000  0.000000000000000E+000  0.000000000000000E+000  0.100000000000000E+001  0.000000000000000E+000  0.000000000000000E+000  0.000000000000000E+000  0.100000000000000E+001  0.100000000000000E+001  0.000000000000000E+000  0.000000000000000E+000
  0.242500000000000E+001 -0.232072700407235E+004  0.355353365056317E-001  0.137985243000080E+005 -0.877323484633052E-002 -0.750953378494550E+005  0.285521755628906E+000  0.100000000000000E+001  0.000000000000000E+000  0.000000000000000E+000  0.000000000000000E+000  0.100000000000000E+001  0.000000000000000E+000  0.000000000000000E+000  0.000000000000000E+000  0.100000000000000E+001  0.100000000000000E+001  0.000000000000000E+000  0.000000000000000E+000
  0.245000000000000E+001 -0.232072700841763E+004  0.355353364953999E-001  0.137985243118991E+005 -0.877323521376638E-002 -0.750953379121255E+005  0.285521755339687E+000  0.100000000000000E+001  0.000000000000000E+000  0.000000000000000E+000  0.000000000000000E+000  0.100000000000000E+001  0.000000000000000E+000  0.000000000000000E+000  0.000000000000000E+000  0.100000000000000E+001  0.100000000000000E+001  0.000000000000000E+000  0.000000000000000E+000
  0.247500000000000E+001 -0.232072701158913E+004  0.355353365878273E-001  0.137985243205890E+005 -0.877323569488908E-002 -0.750953379579383E+005  0.285521756046364E+000  0.100000000000000E+001  0.000000000000000E+000  0.000000000000000E+000  0.000000000000000E+000  0.100000000000000E+001  0.000000000000000E+000  0.000000000000000E+000  0.000000000000000E+000  0.100000000000000E+001  0.100000000000000E+001  0.000000000000000E+000  0.000000000000000E+000
  0.250000000000000E+001 -0.232072701390522E+004  0.355353366425106E-001  0.137985243269423E+005 -0.877323588292711E-002 -0.750953379914456E+005  0.285521756424714E+000  0.100000000000000E+001  0.000000000000000E+000  0.000000000000000E+000  0.000000000000000E+000  0.100000000000000E+001  0.000000000000000E+000  0.000000000000000E+000  0.000000000000000E+000  0.100000000000000E+001  0.100000000000000E+001  0.000000000000000E+000  0.000000000000000E+000

