 # Integral loads: N.components: 2
 #                 Ref.sys     : Stability
 #                 Components  : fuselage_right , fuselage_left
 #  t , Fx , Fy , Fz , Mx , My , Mz , ref_mat(9) , ref_off(3) 
  0.100000000000000E+001  0.233720061432160E+006 -0.213810622046003E+001  0.180379799499223E+007  0.202475940583099E+001  0.245819412822680E+006 -0.698684091703035E+001  0.100000000000000E+001  0.000000000000000E+000  0.000000000000000E+000  0.000000000000000E+000  0.100000000000000E+001  0.000000000000000E+000  0.000000000000000E+000  0.000000000000000E+000  0.100000000000000E+001  0.590000000000000E+001  0.000000000000000E+000 -0.500000000000000E+000
  0.100312500000000E+001  0.387665743716886E+005 -0.228355936199659E+001  0.129717473239392E+006  0.216614099481376E+001 -0.410476484609575E+005 -0.746429361240007E+001  0.100000000000000E+001  0.000000000000000E+000  0.000000000000000E+000  0.000000000000000E+000  0.100000000000000E+001  0.000000000000000E+000  0.000000000000000E+000  0.000000000000000E+000  0.100000000000000E+001  0.590000000000000E+001  0.000000000000000E+000 -0.500000000000000E+000
  0.100625000000000E+001  0.344850920718417E+005 -0.245385474292561E+001  0.119426821835461E+006  0.232769318920327E+001 -0.100776541654829E+005 -0.802112632384524E+001  0.100000000000000E+001  0.000000000000000E+000  0.000000000000000E+000  0.000000000000000E+000  0.100000000000000E+001  0.000000000000000E+000  0.000000000000000E+000  0.000000000000000E+000  0.100000000000000E+001  0.590000000000000E+001  0.000000000000000E+000 -0.500000000000000E+000
  0.100937500000000E+001  0.187709490067454E+005 -0.271133521408774E+001  0.100364046336258E+006  0.257196493149968E+001  0.471305813144561E+005 -0.886308441497386E+001  0.100000000000000E+001  0.000000000000000E+000  0.000000000000000E+000  0.000000000000000E+000  0.100000000000000E+001  0.000000000000000E+000  0.000000000000000E+000  0.000000000000000E+000  0.100000000000000E+001  0.590000000000000E+001  0.000000000000000E+000 -0.500000000000000E+000
  0.101250000000000E+001 -0.770756280199878E+004 -0.302223601029254E+001  0.689025541219913E+005  0.286716012307443E+001  0.132928784814050E+006 -0.987981470697559E+001  0.100000000000000E+001  0.000000000000000E+000  0.000000000000000E+000  0.000000000000000E+000  0.100000000000000E+001  0.000000000000000E+000  0.000000000000000E+000  0.000000000000000E+000  0.100000000000000E+001  0.590000000000000E+001  0.000000000000000E+000 -0.500000000000000E+000
  0.101562500000000E+001 -0.284305854853059E+005 -0.608158152342192E+003  0.447600474338309E+005  0.537581869785441E+003  0.199592400581258E+006 -0.195783448050404E+004  0.100000000000000E+001  0.000000000000000E+000  0.000000000000000E+000  0.000000000000000E+000  0.100000000000000E+001  0.000000000000000E+000  0.000000000000000E+000  0.000000000000000E+000  0.100000000000000E+001  0.590000000000000E+001  0.000000000000000E+000 -0.500000000000000E+000
  0.101875000000000E+001 -0.371305791073275E+005  0.718044618888083E+004  0.368689033940341E+005 -0.650660160355887E+004  0.222576335415096E+006  0.236579909982737E+005  0.100000000000000E+001  0.000000000000000E+000  0.000000000000000E+000  0.000000000000000E+000  0.100000000000000E+001  0.000000000000000E+000  0.000000000000000E+000  0.000000000000000E+000  0.100000000000000E+001  0.590000000000000E+001  0.000000000000000E+000 -0.500000000000000E+000
  0.102187500000000E+001 -0.377768091271288E+005  0.587752580813493E+004  0.395268917995962E+005 -0.495602353535476E+004  0.220570132526424E+006  0.186967529642000E+005  0.100000000000000E+001  0.000000000000000E+000  0.000000000000000E+000  0.000000000000000E+000  0.100000000000000E+001  0.000000000000000E+000  0.000000000000000E+000  0.000000000000000E+000  0.100000000000000E+001  0.590000000000000E+001  0.000000000000000E+000 -0.500000000000000E+000
  0.102500000000000E+001 -0.366229229212715E+005  0.273125868103222E+004  0.420332620073149E+005 -0.207048243712122E+004  0.218530859586281E+006  0.863047580101527E+004  0.100000000000000E+001  0.000000000000000E+000  0.000000000000000E+000  0.000000000000000E+000  0.100000000000000E+001  0.000000000000000E+000  0.000000000000000E+000  0.000000000000000E+000  0.100000000000000E+001  0.590000000000000E+001  0.000000000000000E+000 -0.500000000000000E+000
  0.102812500000000E+001 -0.386766365747828E+005  0.152003762419883E+004  0.417469641721326E+005 -0.148953320059320E+004  0.220391392594021E+006  0.503503639254579E+004  0.100000000000000E+001  0.000000000000000E+000  0.000000000000000E+000  0.000000000000000E+000  0.100000000000000E+001  0.000000000000000E+000  0.000000000000000E+000  0.000000000000000E+000  0.100000000000000E+001  0.590000000000000E+001  0.000000000000000E+000 -0.500000000000000E+000
  0.103125000000000E+001 -0.421873844806514E+005  0.123285682313703E+004  0.346147630964353E+005 -0.147686283094226E+004  0.240502806547191E+006  0.422768651923630E+004  0.100000000000000E+001  0.000000000000000E+000  0.000000000000000E+000  0.000000000000000E+000  0.100000000000000E+001  0.000000000000000E+000  0.000000000000000E+000  0.000000000000000E+000  0.100000000000000E+001  0.590000000000000E+001  0.000000000000000E+000 -0.500000000000000E+000
  0.103437500000000E+001 -0.481460116179742E+005  0.259612396233715E+003  0.281688508333733E+005 -0.464145663061761E+003  0.259249742613097E+006  0.123658609916503E+004  0.100000000000000E+001  0.000000000000000E+000  0.000000000000000E+000  0.000000000000000E+000  0.100000000000000E+001  0.000000000000000E+000  0.000000000000000E+000  0.000000000000000E+000  0.100000000000000E+001  0.590000000000000E+001  0.000000000000000E+000 -0.500000000000000E+000
  0.103750000000000E+001 -0.519748812624231E+005  0.444019836726808E+004  0.250673036614593E+005 -0.477470677914924E+004  0.266227919880298E+006  0.152314877552772E+005  0.100000000000000E+001  0.000000000000000E+000  0.000000000000000E+000  0.000000000000000E+000  0.100000000000000E+001  0.000000000000000E+000  0.000000000000000E+000  0.000000000000000E+000  0.100000000000000E+001  0.590000000000000E+001  0.000000000000000E+000 -0.500000000000000E+000
  0.104062500000000E+001 -0.526180901365539E+005  0.137106371052536E+005  0.265486398201692E+005 -0.141535941989741E+005  0.260964202958143E+006  0.455170915033398E+005  0.100000000000000E+001  0.000000000000000E+000  0.000000000000000E+000  0.000000000000000E+000  0.100000000000000E+001  0.000000000000000E+000  0.000000000000000E+000  0.000000000000000E+000  0.100000000000000E+001  0.590000000000000E+001  0.000000000000000E+000 -0.500000000000000E+000
  0.104375000000000E+001 -0.532039481153054E+005  0.173494206565525E+005  0.257492043797133E+005 -0.171873987052839E+005  0.263601049158026E+006  0.566017895482085E+005  0.100000000000000E+001  0.000000000000000E+000  0.000000000000000E+000  0.000000000000000E+000  0.100000000000000E+001  0.000000000000000E+000  0.000000000000000E+000  0.000000000000000E+000  0.100000000000000E+001  0.590000000000000E+001  0.000000000000000E+000 -0.500000000000000E+000
  0.104687500000000E+001 -0.529789013480015E+005  0.159058653167700E+005  0.264800227856009E+005 -0.156514884428721E+005  0.261599074393433E+006  0.518566520541874E+005  0.100000000000000E+001  0.000000000000000E+000  0.000000000000000E+000  0.000000000000000E+000  0.100000000000000E+001  0.000000000000000E+000  0.000000000000000E+000  0.000000000000000E+000  0.100000000000000E+001  0.590000000000000E+001  0.000000000000000E+000 -0.500000000000000E+000
  0.105000000000000E+001 -0.532821696389925E+005  0.648060552238615E+004  0.264948213607581E+005 -0.568884905564436E+004  0.261898878306214E+006  0.206665687030014E+005  0.100000000000000E+001  0.000000000000000E+000  0.000000000000000E+000  0.000000000000000E+000  0.100000000000000E+001  0.000000000000000E+000  0.000000000000000E+000  0.000000000000000E+000  0.100000000000000E+001  0.590000000000000E+001  0.000000000000000E+000 -0.500000000000000E+000
  0.105312500000000E+001 -0.530196100542403E+005 -0.403869999983360E+004  0.271082148616180E+005  0.434169895738212E+004  0.260230252459545E+006 -0.132915791911632E+005  0.100000000000000E+001  0.000000000000000E+000  0.000000000000000E+000  0.000000000000000E+000  0.100000000000000E+001  0.000000000000000E+000  0.000000000000000E+000  0.000000000000000E+000  0.100000000000000E+001  0.590000000000000E+001  0.000000000000000E+000 -0.500000000000000E+000
  0.105625000000000E+001 -0.521047382830520E+005 -0.456928770875733E+004  0.266683273412527E+005  0.485085585717810E+004  0.262212443787937E+006 -0.144073488332243E+005  0.100000000000000E+001  0.000000000000000E+000  0.000000000000000E+000  0.000000000000000E+000  0.100000000000000E+001  0.000000000000000E+000  0.000000000000000E+000  0.000000000000000E+000  0.100000000000000E+001  0.590000000000000E+001  0.000000000000000E+000 -0.500000000000000E+000
  0.105937500000000E+001 -0.518597474390984E+005 -0.472951172518660E+004  0.272019754640976E+005  0.484294491906220E+004  0.261427056498687E+006 -0.146184230847848E+005  0.100000000000000E+001  0.000000000000000E+000  0.000000000000000E+000  0.000000000000000E+000  0.100000000000000E+001  0.000000000000000E+000  0.000000000000000E+000  0.000000000000000E+000  0.100000000000000E+001  0.590000000000000E+001  0.000000000000000E+000 -0.500000000000000E+000
  0.106250000000000E+001 -0.522779209039550E+005 -0.505350547530770E+004  0.273327344228498E+005  0.518609759040165E+004  0.261252183611589E+006 -0.163953178011631E+005  0.100000000000000E+001  0.000000000000000E+000  0.000000000000000E+000  0.000000000000000E+000  0.100000000000000E+001  0.000000000000000E+000  0.000000000000000E+000  0.000000000000000E+000  0.100000000000000E+001  0.590000000000000E+001  0.000000000000000E+000 -0.500000000000000E+000
  0.106562500000000E+001 -0.528448175362222E+005 -0.340019564790046E+004  0.265053505362391E+005  0.305478243423009E+004  0.264219636512693E+006 -0.102223036368610E+005  0.100000000000000E+001  0.000000000000000E+000  0.000000000000000E+000  0.000000000000000E+000  0.100000000000000E+001  0.000000000000000E+000  0.000000000000000E+000  0.000000000000000E+000  0.100000000000000E+001  0.590000000000000E+001  0.000000000000000E+000 -0.500000000000000E+000
  0.106875000000000E+001 -0.525020535486605E+005 -0.145342826166609E+004  0.267463421440928E+005  0.125743981473998E+004  0.263329262463709E+006 -0.405044088927284E+004  0.100000000000000E+001  0.000000000000000E+000  0.000000000000000E+000  0.000000000000000E+000  0.100000000000000E+001  0.000000000000000E+000  0.000000000000000E+000  0.000000000000000E+000  0.100000000000000E+001  0.590000000000000E+001  0.000000000000000E+000 -0.500000000000000E+000
  0.107187500000000E+001 -0.526285321690126E+005 -0.180642359420017E+004  0.267246389364698E+005  0.179666465069994E+004  0.263893995025415E+006 -0.570487170932395E+004  0.100000000000000E+001  0.000000000000000E+000  0.000000000000000E+000  0.000000000000000E+000  0.100000000000000E+001  0.000000000000000E+000  0.000000000000000E+000  0.000000000000000E+000  0.100000000000000E+001  0.590000000000000E+001  0.000000000000000E+000 -0.500000000000000E+000
  0.107500000000000E+001 -0.536630228314315E+005  0.560510732195457E+003  0.258009087998950E+005 -0.572685511978576E+003  0.266584955686472E+006  0.177597987952922E+004  0.100000000000000E+001  0.000000000000000E+000  0.000000000000000E+000  0.000000000000000E+000  0.100000000000000E+001  0.000000000000000E+000  0.000000000000000E+000  0.000000000000000E+000  0.100000000000000E+001  0.590000000000000E+001  0.000000000000000E+000 -0.500000000000000E+000
  0.107812500000000E+001 -0.541750549400003E+005  0.145189765255607E+004  0.257738554778794E+005 -0.146118455042224E+004  0.267219616436998E+006  0.437867874405673E+004  0.100000000000000E+001  0.000000000000000E+000  0.000000000000000E+000  0.000000000000000E+000  0.100000000000000E+001  0.000000000000000E+000  0.000000000000000E+000  0.000000000000000E+000  0.100000000000000E+001  0.590000000000000E+001  0.000000000000000E+000 -0.500000000000000E+000
  0.108125000000000E+001 -0.542121202439026E+005  0.131012639390409E+004  0.277889266018061E+005 -0.161327852414513E+004  0.267708737647783E+006  0.440970643076999E+004  0.100000000000000E+001  0.000000000000000E+000  0.000000000000000E+000  0.000000000000000E+000  0.100000000000000E+001  0.000000000000000E+000  0.000000000000000E+000  0.000000000000000E+000  0.100000000000000E+001  0.590000000000000E+001  0.000000000000000E+000 -0.500000000000000E+000
  0.108437500000000E+001 -0.554739286566306E+005  0.194209505048487E+004  0.252465654509381E+005 -0.374145740181138E+004  0.273804918774317E+006  0.735894887264073E+004  0.100000000000000E+001  0.000000000000000E+000  0.000000000000000E+000  0.000000000000000E+000  0.100000000000000E+001  0.000000000000000E+000  0.000000000000000E+000  0.000000000000000E+000  0.100000000000000E+001  0.590000000000000E+001  0.000000000000000E+000 -0.500000000000000E+000
  0.108750000000000E+001 -0.555026660763151E+005  0.263040951388155E+004  0.252848005096444E+005 -0.310004799962218E+004  0.269453198690489E+006  0.835182129032211E+004  0.100000000000000E+001  0.000000000000000E+000  0.000000000000000E+000  0.000000000000000E+000  0.100000000000000E+001  0.000000000000000E+000  0.000000000000000E+000  0.000000000000000E+000  0.100000000000000E+001  0.590000000000000E+001  0.000000000000000E+000 -0.500000000000000E+000
  0.109062500000000E+001 -0.546720463190561E+005 -0.139694383123587E+004  0.254684708851516E+005  0.613112539783120E+003  0.269913665444402E+006 -0.436718522291444E+004  0.100000000000000E+001  0.000000000000000E+000  0.000000000000000E+000  0.000000000000000E+000  0.100000000000000E+001  0.000000000000000E+000  0.000000000000000E+000  0.000000000000000E+000  0.100000000000000E+001  0.590000000000000E+001  0.000000000000000E+000 -0.500000000000000E+000
  0.109375000000000E+001 -0.548933051772440E+005 -0.552056721658213E+003  0.256284832935832E+005 -0.221832980582258E+002  0.269252730903271E+006 -0.209120824832236E+004  0.100000000000000E+001  0.000000000000000E+000  0.000000000000000E+000  0.000000000000000E+000  0.100000000000000E+001  0.000000000000000E+000  0.000000000000000E+000  0.000000000000000E+000  0.100000000000000E+001  0.590000000000000E+001  0.000000000000000E+000 -0.500000000000000E+000
  0.109687500000000E+001 -0.556215073087572E+005  0.118133891166712E+004  0.202812123621292E+005 -0.269409298129322E+004  0.278233893956693E+006  0.585868657157151E+004  0.100000000000000E+001  0.000000000000000E+000  0.000000000000000E+000  0.000000000000000E+000  0.100000000000000E+001  0.000000000000000E+000  0.000000000000000E+000  0.000000000000000E+000  0.100000000000000E+001  0.590000000000000E+001  0.000000000000000E+000 -0.500000000000000E+000
  0.110000000000000E+001 -0.556543696678593E+005 -0.107130693914369E+003  0.240795923580632E+005 -0.140930990144110E+004  0.273632741064158E+006  0.237117973132525E+003  0.100000000000000E+001  0.000000000000000E+000  0.000000000000000E+000  0.000000000000000E+000  0.100000000000000E+001  0.000000000000000E+000  0.000000000000000E+000  0.000000000000000E+000  0.100000000000000E+001  0.590000000000000E+001  0.000000000000000E+000 -0.500000000000000E+000
  0.110312500000000E+001 -0.553568131383894E+005 -0.249029749260633E+003  0.251673255964763E+005 -0.705957259331830E+003  0.271883203098778E+006 -0.785062064820435E+003  0.100000000000000E+001  0.000000000000000E+000  0.000000000000000E+000  0.000000000000000E+000  0.100000000000000E+001  0.000000000000000E+000  0.000000000000000E+000  0.000000000000000E+000  0.100000000000000E+001  0.590000000000000E+001  0.000000000000000E+000 -0.500000000000000E+000
  0.110625000000000E+001 -0.548682607765937E+005  0.719008299076580E+003  0.256769843955405E+005 -0.774399929892970E+003  0.267949908033361E+006  0.191409334654594E+004  0.100000000000000E+001  0.000000000000000E+000  0.000000000000000E+000  0.000000000000000E+000  0.100000000000000E+001  0.000000000000000E+000  0.000000000000000E+000  0.000000000000000E+000  0.100000000000000E+001  0.590000000000000E+001  0.000000000000000E+000 -0.500000000000000E+000
  0.110937500000000E+001 -0.549128333860721E+005 -0.354560633120988E+004  0.257302692838181E+005  0.345684052204108E+004  0.268450484696495E+006 -0.126549583597821E+005  0.100000000000000E+001  0.000000000000000E+000  0.000000000000000E+000  0.000000000000000E+000  0.100000000000000E+001  0.000000000000000E+000  0.000000000000000E+000  0.000000000000000E+000  0.100000000000000E+001  0.590000000000000E+001  0.000000000000000E+000 -0.500000000000000E+000
  0.111250000000000E+001 -0.554508686071804E+005 -0.234377474361123E+004  0.256302627176274E+005  0.196764492836269E+004  0.269464511029551E+006 -0.697383972427016E+004  0.100000000000000E+001  0.000000000000000E+000  0.000000000000000E+000  0.000000000000000E+000  0.100000000000000E+001  0.000000000000000E+000  0.000000000000000E+000  0.000000000000000E+000  0.100000000000000E+001  0.590000000000000E+001  0.000000000000000E+000 -0.500000000000000E+000
  0.111562500000000E+001 -0.551725407491878E+005 -0.358019894779928E+004  0.252691901561948E+005  0.334741924966488E+004  0.270266194317060E+006 -0.116319126645434E+005  0.100000000000000E+001  0.000000000000000E+000  0.000000000000000E+000  0.000000000000000E+000  0.100000000000000E+001  0.000000000000000E+000  0.000000000000000E+000  0.000000000000000E+000  0.100000000000000E+001  0.590000000000000E+001  0.000000000000000E+000 -0.500000000000000E+000
  0.111875000000000E+001 -0.554822866961143E+005 -0.390668898616114E+004  0.240483453637395E+005  0.264776209620864E+004  0.273646855196230E+006 -0.119865643974761E+005  0.100000000000000E+001  0.000000000000000E+000  0.000000000000000E+000  0.000000000000000E+000  0.100000000000000E+001  0.000000000000000E+000  0.000000000000000E+000  0.000000000000000E+000  0.100000000000000E+001  0.590000000000000E+001  0.000000000000000E+000 -0.500000000000000E+000
  0.112187500000000E+001 -0.555721281705003E+005 -0.148193035417597E+004  0.223177125830528E+005  0.728015762285679E+003  0.275173684012611E+006 -0.535008580963174E+004  0.100000000000000E+001  0.000000000000000E+000  0.000000000000000E+000  0.000000000000000E+000  0.100000000000000E+001  0.000000000000000E+000  0.000000000000000E+000  0.000000000000000E+000  0.100000000000000E+001  0.590000000000000E+001  0.000000000000000E+000 -0.500000000000000E+000
  0.112500000000000E+001 -0.561301622983570E+005 -0.227209304363723E+004  0.250213040836838E+005  0.117275866156188E+004  0.273640260536783E+006 -0.654963563458063E+004  0.100000000000000E+001  0.000000000000000E+000  0.000000000000000E+000  0.000000000000000E+000  0.100000000000000E+001  0.000000000000000E+000  0.000000000000000E+000  0.000000000000000E+000  0.100000000000000E+001  0.590000000000000E+001  0.000000000000000E+000 -0.500000000000000E+000
  0.112812500000000E+001 -0.558931940757855E+005 -0.461408463094023E+004  0.234595348124999E+005  0.356745579439530E+004  0.275475003139453E+006 -0.146406052487819E+005  0.100000000000000E+001  0.000000000000000E+000  0.000000000000000E+000  0.000000000000000E+000  0.100000000000000E+001  0.000000000000000E+000  0.000000000000000E+000  0.000000000000000E+000  0.100000000000000E+001  0.590000000000000E+001  0.000000000000000E+000 -0.500000000000000E+000
  0.113125000000000E+001 -0.560919232880916E+005 -0.292028269830882E+004  0.226409120361285E+005  0.134411583339493E+004  0.278301854020870E+006 -0.762092155662924E+004  0.100000000000000E+001  0.000000000000000E+000  0.000000000000000E+000  0.000000000000000E+000  0.100000000000000E+001  0.000000000000000E+000  0.000000000000000E+000  0.000000000000000E+000  0.100000000000000E+001  0.590000000000000E+001  0.000000000000000E+000 -0.500000000000000E+000
  0.113437500000000E+001 -0.555782536312312E+005 -0.269159149864910E+004  0.243704700670049E+005  0.242210218707053E+004  0.271868281688529E+006 -0.885679426215356E+004  0.100000000000000E+001  0.000000000000000E+000  0.000000000000000E+000  0.000000000000000E+000  0.100000000000000E+001  0.000000000000000E+000  0.000000000000000E+000  0.000000000000000E+000  0.100000000000000E+001  0.590000000000000E+001  0.000000000000000E+000 -0.500000000000000E+000
  0.113750000000000E+001 -0.558509479437244E+005 -0.481038094694784E+004  0.252453183133220E+005  0.344877033204969E+004  0.272628964270335E+006 -0.154140153341233E+005  0.100000000000000E+001  0.000000000000000E+000  0.000000000000000E+000  0.000000000000000E+000  0.100000000000000E+001  0.000000000000000E+000  0.000000000000000E+000  0.000000000000000E+000  0.100000000000000E+001  0.590000000000000E+001  0.000000000000000E+000 -0.500000000000000E+000
  0.114062500000000E+001 -0.561704860978239E+005 -0.342703139799053E+004  0.239530120841229E+005  0.215777908755187E+004  0.274781360662637E+006 -0.100955308085689E+005  0.100000000000000E+001  0.000000000000000E+000  0.000000000000000E+000  0.000000000000000E+000  0.100000000000000E+001  0.000000000000000E+000  0.000000000000000E+000  0.000000000000000E+000  0.100000000000000E+001  0.590000000000000E+001  0.000000000000000E+000 -0.500000000000000E+000
  0.114375000000000E+001 -0.564322254333651E+005 -0.297762325680873E+004  0.238117011127318E+005  0.193213950694050E+004  0.274496171706295E+006 -0.923828822317393E+004  0.100000000000000E+001  0.000000000000000E+000  0.000000000000000E+000  0.000000000000000E+000  0.100000000000000E+001  0.000000000000000E+000  0.000000000000000E+000  0.000000000000000E+000  0.100000000000000E+001  0.590000000000000E+001  0.000000000000000E+000 -0.500000000000000E+000
  0.114687500000000E+001 -0.559503152091494E+005 -0.499681562974968E+004  0.264282930630154E+005  0.455248793381942E+004  0.268588672740266E+006 -0.157807913111327E+005  0.100000000000000E+001  0.000000000000000E+000  0.000000000000000E+000  0.000000000000000E+000  0.100000000000000E+001  0.000000000000000E+000  0.000000000000000E+000  0.000000000000000E+000  0.100000000000000E+001  0.590000000000000E+001  0.000000000000000E+000 -0.500000000000000E+000
  0.115000000000000E+001 -0.555437142977572E+005 -0.476545354760799E+004  0.259619458963327E+005  0.422426894288487E+004  0.269024518408921E+006 -0.141015337641626E+005  0.100000000000000E+001  0.000000000000000E+000  0.000000000000000E+000  0.000000000000000E+000  0.100000000000000E+001  0.000000000000000E+000  0.000000000000000E+000  0.000000000000000E+000  0.100000000000000E+001  0.590000000000000E+001  0.000000000000000E+000 -0.500000000000000E+000
  0.115312500000000E+001 -0.551573216442468E+005 -0.172709180769837E+004  0.245337828142365E+005  0.154618910781643E+004  0.272830682896243E+006 -0.530162263111444E+004  0.100000000000000E+001  0.000000000000000E+000  0.000000000000000E+000  0.000000000000000E+000  0.100000000000000E+001  0.000000000000000E+000  0.000000000000000E+000  0.000000000000000E+000  0.100000000000000E+001  0.590000000000000E+001  0.000000000000000E+000 -0.500000000000000E+000
  0.115625000000000E+001 -0.552513496370007E+005 -0.429520061951282E+004  0.244928927627530E+005  0.373278183903906E+004  0.271928502023407E+006 -0.157321170731541E+005  0.100000000000000E+001  0.000000000000000E+000  0.000000000000000E+000  0.000000000000000E+000  0.100000000000000E+001  0.000000000000000E+000  0.000000000000000E+000  0.000000000000000E+000  0.100000000000000E+001  0.590000000000000E+001  0.000000000000000E+000 -0.500000000000000E+000
  0.115937500000000E+001 -0.557908934967729E+005 -0.289704599303496E+004  0.242415349236555E+005  0.180017635752994E+004  0.274818429057096E+006 -0.840694827272603E+004  0.100000000000000E+001  0.000000000000000E+000  0.000000000000000E+000  0.000000000000000E+000  0.100000000000000E+001  0.000000000000000E+000  0.000000000000000E+000  0.000000000000000E+000  0.100000000000000E+001  0.590000000000000E+001  0.000000000000000E+000 -0.500000000000000E+000
  0.116250000000000E+001 -0.552997249877937E+005 -0.316987814948824E+004  0.261699942711087E+005  0.268099640131858E+004  0.270478042297038E+006 -0.973896691439301E+004  0.100000000000000E+001  0.000000000000000E+000  0.000000000000000E+000  0.000000000000000E+000  0.100000000000000E+001  0.000000000000000E+000  0.000000000000000E+000  0.000000000000000E+000  0.100000000000000E+001  0.590000000000000E+001  0.000000000000000E+000 -0.500000000000000E+000
  0.116562500000000E+001 -0.554212336799208E+005 -0.317824690086138E+004  0.259512481378741E+005  0.299568834354333E+004  0.270861434434377E+006 -0.110609317242987E+005  0.100000000000000E+001  0.000000000000000E+000  0.000000000000000E+000  0.000000000000000E+000  0.100000000000000E+001  0.000000000000000E+000  0.000000000000000E+000  0.000000000000000E+000  0.100000000000000E+001  0.590000000000000E+001  0.000000000000000E+000 -0.500000000000000E+000
  0.116875000000000E+001 -0.553652436653985E+005 -0.200923852588155E+004  0.254033703396868E+005  0.202715311672352E+004  0.270603487194055E+006 -0.687527491901163E+004  0.100000000000000E+001  0.000000000000000E+000  0.000000000000000E+000  0.000000000000000E+000  0.100000000000000E+001  0.000000000000000E+000  0.000000000000000E+000  0.000000000000000E+000  0.100000000000000E+001  0.590000000000000E+001  0.000000000000000E+000 -0.500000000000000E+000
  0.117187500000000E+001 -0.558807482655800E+005  0.285885536118993E+003  0.245549437040851E+005  0.339678773520514E+003  0.271538191190165E+006 -0.192535036865901E+004  0.100000000000000E+001  0.000000000000000E+000  0.000000000000000E+000  0.000000000000000E+000  0.100000000000000E+001  0.000000000000000E+000  0.000000000000000E+000  0.000000000000000E+000  0.100000000000000E+001  0.590000000000000E+001  0.000000000000000E+000 -0.500000000000000E+000
  0.117500000000000E+001 -0.568106709864623E+005 -0.776261779991910E+002  0.227035239348359E+005 -0.126232951177319E+004  0.277703950795794E+006  0.114232304606074E+004  0.100000000000000E+001  0.000000000000000E+000  0.000000000000000E+000  0.000000000000000E+000  0.100000000000000E+001  0.000000000000000E+000  0.000000000000000E+000  0.000000000000000E+000  0.100000000000000E+001  0.590000000000000E+001  0.000000000000000E+000 -0.500000000000000E+000
  0.117812500000000E+001 -0.571204906849637E+005  0.948818292734562E+003  0.228212995714805E+005 -0.243886373349419E+004  0.276801680797782E+006  0.330566781405872E+004  0.100000000000000E+001  0.000000000000000E+000  0.000000000000000E+000  0.000000000000000E+000  0.100000000000000E+001  0.000000000000000E+000  0.000000000000000E+000  0.000000000000000E+000  0.100000000000000E+001  0.590000000000000E+001  0.000000000000000E+000 -0.500000000000000E+000
  0.118125000000000E+001 -0.561575307252686E+005 -0.264563390016207E+003  0.228510724020628E+005 -0.424767605731031E+003  0.274526014462438E+006  0.143840900861425E+004  0.100000000000000E+001  0.000000000000000E+000  0.000000000000000E+000  0.000000000000000E+000  0.100000000000000E+001  0.000000000000000E+000  0.000000000000000E+000  0.000000000000000E+000  0.100000000000000E+001  0.590000000000000E+001  0.000000000000000E+000 -0.500000000000000E+000
  0.118437500000000E+001 -0.559589375821792E+005  0.811585628745612E+003  0.241675008775284E+005 -0.127232841705554E+004  0.274786913163088E+006  0.228018444848666E+004  0.100000000000000E+001  0.000000000000000E+000  0.000000000000000E+000  0.000000000000000E+000  0.100000000000000E+001  0.000000000000000E+000  0.000000000000000E+000  0.000000000000000E+000  0.100000000000000E+001  0.590000000000000E+001  0.000000000000000E+000 -0.500000000000000E+000
  0.118750000000000E+001 -0.554125720164163E+005 -0.213084073091205E+004  0.245808678194786E+005  0.200306353335117E+004  0.272833581435028E+006 -0.779916413437668E+004  0.100000000000000E+001  0.000000000000000E+000  0.000000000000000E+000  0.000000000000000E+000  0.100000000000000E+001  0.000000000000000E+000  0.000000000000000E+000  0.000000000000000E+000  0.100000000000000E+001  0.590000000000000E+001  0.000000000000000E+000 -0.500000000000000E+000
  0.119062500000000E+001 -0.562913374201093E+005 -0.270185291658016E+004  0.236554135971147E+005  0.136789103054989E+004  0.276882804801935E+006 -0.781838060466852E+004  0.100000000000000E+001  0.000000000000000E+000  0.000000000000000E+000  0.000000000000000E+000  0.100000000000000E+001  0.000000000000000E+000  0.000000000000000E+000  0.000000000000000E+000  0.100000000000000E+001  0.590000000000000E+001  0.000000000000000E+000 -0.500000000000000E+000
  0.119375000000000E+001 -0.563061868258413E+005 -0.476551696194662E+004  0.230273174789315E+005  0.307187065812945E+004  0.276926335657956E+006 -0.148476283143880E+005  0.100000000000000E+001  0.000000000000000E+000  0.000000000000000E+000  0.000000000000000E+000  0.100000000000000E+001  0.000000000000000E+000  0.000000000000000E+000  0.000000000000000E+000  0.100000000000000E+001  0.590000000000000E+001  0.000000000000000E+000 -0.500000000000000E+000
  0.119687500000000E+001 -0.559947973430853E+005 -0.392210171312396E+004  0.220616049687317E+005  0.223745547496737E+004  0.278690046451966E+006 -0.978022537117777E+004  0.100000000000000E+001  0.000000000000000E+000  0.000000000000000E+000  0.000000000000000E+000  0.100000000000000E+001  0.000000000000000E+000  0.000000000000000E+000  0.000000000000000E+000  0.100000000000000E+001  0.590000000000000E+001  0.000000000000000E+000 -0.500000000000000E+000
  0.120000000000000E+001 -0.562418296092822E+005  0.105409427525476E+004  0.231280520741959E+005 -0.231559224372997E+004  0.275334620826773E+006  0.528118654254125E+004  0.100000000000000E+001  0.000000000000000E+000  0.000000000000000E+000  0.000000000000000E+000  0.100000000000000E+001  0.000000000000000E+000  0.000000000000000E+000  0.000000000000000E+000  0.100000000000000E+001  0.590000000000000E+001  0.000000000000000E+000 -0.500000000000000E+000
  0.120312500000000E+001 -0.557072453882938E+005 -0.522048287965590E+003  0.263438507312517E+005  0.166962430848973E+003  0.271297430059615E+006 -0.166006323600421E+004  0.100000000000000E+001  0.000000000000000E+000  0.000000000000000E+000  0.000000000000000E+000  0.100000000000000E+001  0.000000000000000E+000  0.000000000000000E+000  0.000000000000000E+000  0.100000000000000E+001  0.590000000000000E+001  0.000000000000000E+000 -0.500000000000000E+000
  0.120625000000000E+001 -0.557061225493389E+005 -0.210815279100288E+004  0.241647859557214E+005  0.111655746303243E+004  0.274544386198703E+006 -0.647546862792922E+004  0.100000000000000E+001  0.000000000000000E+000  0.000000000000000E+000  0.000000000000000E+000  0.100000000000000E+001  0.000000000000000E+000  0.000000000000000E+000  0.000000000000000E+000  0.100000000000000E+001  0.590000000000000E+001  0.000000000000000E+000 -0.500000000000000E+000
  0.120937500000000E+001 -0.554712683495818E+005 -0.355316881899815E+004  0.242752954178613E+005  0.353303388188081E+004  0.273135383209912E+006 -0.130505268705208E+005  0.100000000000000E+001  0.000000000000000E+000  0.000000000000000E+000  0.000000000000000E+000  0.100000000000000E+001  0.000000000000000E+000  0.000000000000000E+000  0.000000000000000E+000  0.100000000000000E+001  0.590000000000000E+001  0.000000000000000E+000 -0.500000000000000E+000
  0.121250000000000E+001 -0.552570757060964E+005 -0.283347794445872E+004  0.254557562151291E+005  0.326474868346972E+004  0.270468465053298E+006 -0.103320372146158E+005  0.100000000000000E+001  0.000000000000000E+000  0.000000000000000E+000  0.000000000000000E+000  0.100000000000000E+001  0.000000000000000E+000  0.000000000000000E+000  0.000000000000000E+000  0.100000000000000E+001  0.590000000000000E+001  0.000000000000000E+000 -0.500000000000000E+000
  0.121562500000000E+001 -0.556485723538849E+005 -0.124850045678532E+004  0.253989428691450E+005  0.126674939103704E+004  0.270897186295051E+006 -0.338448763908772E+004  0.100000000000000E+001  0.000000000000000E+000  0.000000000000000E+000  0.000000000000000E+000  0.100000000000000E+001  0.000000000000000E+000  0.000000000000000E+000  0.000000000000000E+000  0.100000000000000E+001  0.590000000000000E+001  0.000000000000000E+000 -0.500000000000000E+000
  0.121875000000000E+001 -0.557730426876655E+005  0.671301820347668E+003  0.233537810620531E+005 -0.153485509449732E+004  0.276367041135989E+006  0.245178466468398E+004  0.100000000000000E+001  0.000000000000000E+000  0.000000000000000E+000  0.000000000000000E+000  0.100000000000000E+001  0.000000000000000E+000  0.000000000000000E+000  0.000000000000000E+000  0.100000000000000E+001  0.590000000000000E+001  0.000000000000000E+000 -0.500000000000000E+000
  0.122187500000000E+001 -0.560023091720878E+005  0.361756369748886E+004  0.247191743929637E+005 -0.335930269576702E+004  0.271610256918344E+006  0.102869875797471E+005  0.100000000000000E+001  0.000000000000000E+000  0.000000000000000E+000  0.000000000000000E+000  0.100000000000000E+001  0.000000000000000E+000  0.000000000000000E+000  0.000000000000000E+000  0.100000000000000E+001  0.590000000000000E+001  0.000000000000000E+000 -0.500000000000000E+000
  0.122500000000000E+001 -0.558644086782762E+005  0.151461257864197E+004  0.264328788294267E+005 -0.232622914380569E+004  0.269938680596237E+006  0.580465766516421E+004  0.100000000000000E+001  0.000000000000000E+000  0.000000000000000E+000  0.000000000000000E+000  0.100000000000000E+001  0.000000000000000E+000  0.000000000000000E+000  0.000000000000000E+000  0.100000000000000E+001  0.590000000000000E+001  0.000000000000000E+000 -0.500000000000000E+000
  0.122812500000000E+001 -0.566761953473219E+005  0.139081902226701E+004  0.235108457721357E+005 -0.305750498627976E+004  0.276579670488906E+006  0.506180969770253E+004  0.100000000000000E+001  0.000000000000000E+000  0.000000000000000E+000  0.000000000000000E+000  0.100000000000000E+001  0.000000000000000E+000  0.000000000000000E+000  0.000000000000000E+000  0.100000000000000E+001  0.590000000000000E+001  0.000000000000000E+000 -0.500000000000000E+000
  0.123125000000000E+001 -0.563725298917559E+005  0.209405604614201E+004  0.221431998351659E+005 -0.369291002449160E+004  0.278865891658047E+006  0.757825185223902E+004  0.100000000000000E+001  0.000000000000000E+000  0.000000000000000E+000  0.000000000000000E+000  0.100000000000000E+001  0.000000000000000E+000  0.000000000000000E+000  0.000000000000000E+000  0.100000000000000E+001  0.590000000000000E+001  0.000000000000000E+000 -0.500000000000000E+000
  0.123437500000000E+001 -0.562908656305116E+005  0.892515098564094E+003  0.224325013404444E+005 -0.239196401094063E+004  0.279180205071614E+006  0.418324034650018E+004  0.100000000000000E+001  0.000000000000000E+000  0.000000000000000E+000  0.000000000000000E+000  0.100000000000000E+001  0.000000000000000E+000  0.000000000000000E+000  0.000000000000000E+000  0.100000000000000E+001  0.590000000000000E+001  0.000000000000000E+000 -0.500000000000000E+000
  0.123750000000000E+001 -0.555911230492992E+005  0.186739243145334E+003  0.249642085871809E+005 -0.693029754287447E+003  0.272449525151570E+006  0.253431725037750E+003  0.100000000000000E+001  0.000000000000000E+000  0.000000000000000E+000  0.000000000000000E+000  0.100000000000000E+001  0.000000000000000E+000  0.000000000000000E+000  0.000000000000000E+000  0.100000000000000E+001  0.590000000000000E+001  0.000000000000000E+000 -0.500000000000000E+000
  0.124062500000000E+001 -0.553393459450825E+005 -0.869974658486200E+003  0.248495097421897E+005  0.107366309163754E+004  0.271619934751969E+006 -0.538121292016655E+004  0.100000000000000E+001  0.000000000000000E+000  0.000000000000000E+000  0.000000000000000E+000  0.100000000000000E+001  0.000000000000000E+000  0.000000000000000E+000  0.000000000000000E+000  0.100000000000000E+001  0.590000000000000E+001  0.000000000000000E+000 -0.500000000000000E+000
  0.124375000000000E+001 -0.562130967846446E+005 -0.114634285911871E+004  0.230683978954680E+005 -0.330655530950753E+002  0.277975542192071E+006 -0.305414057653537E+004  0.100000000000000E+001  0.000000000000000E+000  0.000000000000000E+000  0.000000000000000E+000  0.100000000000000E+001  0.000000000000000E+000  0.000000000000000E+000  0.000000000000000E+000  0.100000000000000E+001  0.590000000000000E+001  0.000000000000000E+000 -0.500000000000000E+000
  0.124687500000000E+001 -0.564925261407346E+005 -0.466621385267354E+003  0.232331284768768E+005 -0.774769943434512E+003  0.276307393639428E+006 -0.874178025589325E+003  0.100000000000000E+001  0.000000000000000E+000  0.000000000000000E+000  0.000000000000000E+000  0.100000000000000E+001  0.000000000000000E+000  0.000000000000000E+000  0.000000000000000E+000  0.100000000000000E+001  0.590000000000000E+001  0.000000000000000E+000 -0.500000000000000E+000

