# Chordwise load of component: right_wing
# spanwise_location: 3.000 ; chord_length: 1.514
# n_chord : 20 ; n_time : 60. Next lines: x_chord , z_chord
  0.194354205692912E+001  0.179313805915763E+001  0.164270813504688E+001  0.149215298948141E+001  0.134132397942318E+001  0.119014636069891E+001  0.103866072234585E+001  0.887051244259697E+000  0.735598938332405E+000  0.588624786792652E+000  0.587185936081897E+000  0.732214426160011E+000  0.882890152585483E+000  0.103414666869496E+001  0.118568300935415E+001  0.133729421067545E+001  0.148883343234651E+001  0.164027374001411E+001  0.179166306754933E+001  0.194303660080773E+001
  0.473297205353882E-001  0.274418633852611E-001  0.776911570943493E-002 -0.108794168171674E-001 -0.270337416078049E-001 -0.391706150192473E-001 -0.457110634815172E-001 -0.463318019106202E-001 -0.407065781311870E-001 -0.180702860250646E-001  0.235329028133345E-001  0.574010871795588E-001  0.745778157344993E-001  0.855305315023910E-001  0.905682417285226E-001  0.900024767568885E-001  0.854064715821314E-001  0.783046462482063E-001  0.701729040934892E-001  0.618252186072010E-001
# t, dFz
  0.000000000000000E+000  0.647822111791523E-003  0.965211865264225E-003  0.136271425992023E-002  0.140047241710768E-002  0.111338301334569E-002  0.578883071581777E-003  0.732676473897677E-004  0.617589934109854E-004  0.813566012259714E-003  0.868450750730921E-002 -0.110261897103272E-001 -0.398096926209051E-002 -0.293940183033785E-002 -0.198747101091757E-002 -0.476995605776730E-003  0.753450955778974E-003  0.143864516213715E-002  0.160375397292305E-002  0.132173145786771E-002  0.108348852625360E-002
  0.500000000000000E+000 -0.953512509489401E-003 -0.597606813657284E-003  0.724021189541488E-004  0.610890483215965E-003  0.881213490375156E-003  0.751707146082021E-003  0.253243014644924E-003 -0.120247120886987E-003 -0.201460328982661E-003  0.422516559999282E-002 -0.159951913813370E-001 -0.459974727272079E-002 -0.269625882684803E-002 -0.150403879257051E-002 -0.299280999626385E-003  0.378352686355405E-003  0.542105121407685E-003  0.387909492996939E-003  0.973294150931612E-004 -0.471385041977676E-004
  0.100000000000000E+001 -0.659662400771890E-003 -0.379781775194774E-003  0.231770470057793E-003  0.713298940089161E-003  0.934729609290821E-003  0.769454375777643E-003  0.253955601620605E-003 -0.117299769460176E-003 -0.168867519316735E-003  0.453894458146000E-002 -0.169482158233430E-001 -0.472058310703301E-002 -0.273762228523254E-002 -0.151415758233757E-002 -0.298430658499823E-003  0.371269910545344E-003  0.514158688373449E-003  0.332476034003112E-003  0.162404495832565E-004 -0.161337379035745E-003
  0.150000000000000E+001 -0.541413297201725E-003 -0.297034669307681E-003  0.285949634989944E-003  0.740952016676998E-003  0.941650171682328E-003  0.764732240460549E-003  0.249568911278188E-003 -0.112778077929177E-003 -0.138298992659885E-003  0.476991761539035E-002 -0.176401682393879E-001 -0.481943797007728E-002 -0.277919690916654E-002 -0.153071430951994E-002 -0.300413270020924E-003  0.371318603757358E-003  0.507039396570652E-003  0.313003365054080E-003 -0.160556994360829E-004 -0.209664332247178E-003
  0.200000000000000E+001 -0.492213337352252E-003 -0.265988797245031E-003  0.301723793285047E-003  0.743658015984949E-003  0.935315965244140E-003  0.755341973914506E-003  0.244788625841586E-003 -0.108737361379672E-003 -0.113737064937465E-003  0.494117670143331E-002 -0.181569472777404E-001 -0.489578027364401E-002 -0.281331591198353E-002 -0.154585524079631E-002 -0.302776723732505E-003  0.373288719355419E-003  0.507027410467463E-003  0.307236111800510E-003 -0.287807961228684E-004 -0.230817150766275E-003
  0.250000000000000E+001 -0.465426276938279E-003 -0.250423114553075E-003  0.307634758345494E-003  0.741666026939818E-003  0.928176392024472E-003  0.747166771759432E-003  0.240927102465431E-003 -0.105590884844309E-003 -0.950432469835974E-004  0.506807260291077E-002 -0.185454871562711E-001 -0.495343552245312E-002 -0.283938202305912E-002 -0.155765783468069E-002 -0.304703729576424E-003  0.375136873730638E-003  0.508140719375475E-003  0.304921757618371E-003 -0.355786573980786E-004 -0.242949237280939E-003
  0.300000000000000E+001 -0.446800947402980E-003 -0.239932674163459E-003  0.311144981808931E-003  0.739544014181869E-003  0.922435691935603E-003  0.740829141337793E-003  0.237966068907857E-003 -0.103192181260486E-003 -0.808679527626744E-004  0.516297658452082E-002 -0.188397862285024E-001 -0.499711701831647E-002 -0.285915759265128E-002 -0.156662579225318E-002 -0.306175100595208E-003  0.376575236333570E-003  0.509129229797894E-003  0.303464183723282E-003 -0.403057599675351E-004 -0.251575277280120E-003
  0.350000000000000E+001 -0.432987323351675E-003 -0.232298049808434E-003  0.313535650868134E-003  0.737737902064919E-003  0.917950392568643E-003  0.735941823321705E-003  0.235689646836147E-003 -0.101351229560908E-003 -0.700192348873426E-004  0.523486458059720E-002 -0.190648628049423E-001 -0.503055738840114E-002 -0.287431018494831E-002 -0.157349977903002E-002 -0.307304860987889E-003  0.377690119882037E-003  0.509941574510541E-003  0.302462527813471E-003 -0.437653118966983E-004 -0.257990639694914E-003
  0.400000000000000E+001 -0.422766014999219E-003 -0.226764162053836E-003  0.315122509717758E-003  0.736183690107509E-003  0.914403339929873E-003  0.732131379381300E-003  0.233921108727355E-003 -0.999233520992295E-004 -0.616245488197112E-004  0.529002927811142E-002 -0.192388055975528E-001 -0.505644141833933E-002 -0.288605272741446E-002 -0.157883282085879E-002 -0.308184291707085E-003  0.378569532604214E-003  0.510630949252416E-003  0.301808733160136E-003 -0.462661485555376E-004 -0.262724340704717E-003
  0.450000000000000E+001 -0.415222634252129E-003 -0.222769758181479E-003  0.316139873120714E-003  0.734839534038715E-003  0.911569012584284E-003  0.729130274976728E-003  0.232533337419842E-003 -0.988045129435986E-004 -0.550589300909200E-004  0.533288618581508E-002 -0.193746433524204E-001 -0.507668780274640E-002 -0.289524721568833E-002 -0.158301377234820E-002 -0.308876343218409E-003  0.379271361607021E-003  0.511222041301248E-003  0.301403312837240E-003 -0.480619134015699E-004 -0.266203662440869E-003
  0.500000000000000E+001 -0.409629002808082E-003 -0.219874463166424E-003  0.316774509529450E-003  0.733683256584084E-003  0.909287472951914E-003  0.726745660890850E-003  0.231434193168985E-003 -0.979192785658549E-004 -0.498710309270883E-004  0.536656884898227E-002 -0.194818083937915E-001 -0.509268330761157E-002 -0.290251619306514E-002 -0.158632221380140E-002 -0.309425806851488E-003  0.379835701455225E-003  0.511727166169646E-003  0.301163086578628E-003 -0.493558132592878E-004 -0.268772820297706E-003
  0.550000000000000E+001 -0.405446238801598E-003 -0.217758917039680E-003  0.317157677836505E-003  0.732693913008002E-003  0.907438607217883E-003  0.724834850937910E-003  0.230555781111738E-003 -0.972122646593181E-004 -0.457312514916479E-004  0.539333056706833E-002 -0.195671869526796E-001 -0.510544204394937E-002 -0.290831612203758E-002 -0.158896347679779E-002 -0.309865657652078E-003  0.380292389112073E-003  0.512156753077699E-003  0.301029153751556E-003 -0.502956675172668E-004 -0.270686441068676E-003
  0.600000000000000E+001 -0.402288655344065E-003 -0.216199226626642E-003  0.317376651032631E-003  0.731849565529907E-003  0.905930078528585E-003  0.723290854313503E-003  0.229847548478940E-003 -0.966424120199745E-004 -0.423964610715745E-004  0.541481240003167E-002 -0.196358531261036E-001 -0.511571319401918E-002 -0.291298534674298E-002 -0.159109028939853E-002 -0.310220591075044E-003  0.380664306040740E-003  0.512521093632331E-003  0.300962566118884E-003 -0.509848824192511E-004 -0.272126173038522E-003
  0.650000000000000E+001 -0.399881818790564E-003 -0.215039130731471E-003  0.317488722073227E-003  0.731129027840453E-003  0.904690536320092E-003  0.722032897055917E-003  0.229271575948990E-003 -0.961790312767477E-004 -0.396856403583399E-004  0.543222372859822E-002 -0.196915805236703E-001 -0.512405535077869E-002 -0.291677687246218E-002 -0.159281723678826E-002 -0.310509265281291E-003  0.380969154266106E-003  0.512829923702774E-003  0.300938113376488E-003 -0.514952597645526E-004 -0.273220657424524E-003
  0.700000000000000E+001 -0.398029607070551E-003 -0.214168921762820E-003  0.317531573349286E-003  0.730513157888117E-003  0.903664749295176E-003  0.720999651285501E-003  0.228799222830535E-003 -0.957990021460670E-004 -0.374628046189473E-004  0.544646566901895E-002 -0.197372011218370E-001 -0.513088867639921E-002 -0.291988143526705E-002 -0.159423093487670E-002 -0.310745869873498E-003  0.381220674888093E-003  0.513091988905022E-003  0.300939564580167E-003 -0.518768616731678E-004 -0.274061319663407E-003
  0.750000000000000E+001 -0.396719140872937E-003 -0.213654592745055E-003  0.317368239541333E-003  0.729821013844554E-003  0.902662830243858E-003  0.720038998645092E-003  0.228370491303746E-003 -0.954597342150647E-004 -0.355108047903757E-004  0.545874121267316E-002 -0.197762253858867E-001 -0.513682084545062E-002 -0.292261020849020E-002 -0.159548961436518E-002 -0.310960491549237E-003  0.381457842922444E-003  0.513367621426257E-003  0.301016192753795E-003 -0.521118188321967E-004 -0.274666351717485E-003
  0.800000000000000E+001 -0.396199224994444E-003 -0.213825470444089E-003  0.316587701854733E-003  0.728606742843108E-003  0.901263983520919E-003  0.718834847406091E-003  0.227865482529338E-003 -0.950788263073405E-004 -0.334247092305434E-004  0.547115957499052E-002 -0.198146146739311E-001 -0.514293704988195E-002 -0.292553641515875E-002 -0.159689291935194E-002 -0.311212321367649E-003  0.381762443542287E-003  0.513799236937298E-003  0.301315567218840E-003 -0.520861803389131E-004 -0.274956395182020E-003
  0.850000000000000E+001 -0.396875472242928E-003 -0.215169245714608E-003  0.314610884273733E-003  0.726253958702089E-003  0.898887812610354E-003  0.716947825714695E-003  0.227115206541512E-003 -0.945378329447714E-004 -0.306088173644825E-004  0.548689627980396E-002 -0.198614904424924E-001 -0.515084807259217E-002 -0.292949027454562E-002 -0.159886673139946E-002 -0.311584288686969E-003  0.382248431830387E-003  0.514586241431690E-003  0.302049763386128E-003 -0.516246449690242E-004 -0.274790476037987E-003
  0.900000000000000E+001 -0.398999402532339E-003 -0.218010865891162E-003  0.311030781322354E-003  0.722298137890103E-003  0.895062333108142E-003  0.713992400665966E-003  0.225960427820705E-003 -0.937164726607541E-004 -0.264119436065194E-004  0.550968852584577E-002 -0.199278387770912E-001 -0.516233422834898E-002 -0.293532183262319E-002 -0.160181697421730E-002 -0.312149480754042E-003  0.383008063596252E-003  0.515873797244755E-003  0.303355465526607E-003 -0.506294546440850E-004 -0.274106228869834E-003
  0.950000000000000E+001 -0.399497403107545E-003 -0.218978140077858E-003  0.309587353289365E-003  0.720486411903788E-003  0.893093925041810E-003  0.712298889739730E-003  0.225232198671806E-003 -0.931462958827924E-004 -0.231570681380091E-004  0.552965122219245E-002 -0.199901252805389E-001 -0.517183733204079E-002 -0.293965529738358E-002 -0.160380741965970E-002 -0.312494808682762E-003  0.383421716562782E-003  0.516488084195546E-003  0.303886983499187E-003 -0.503122976713256E-004 -0.274004962489963E-003
  0.100000000000000E+002 -0.396579471457798E-003 -0.216325589226225E-003  0.312072930781421E-003  0.722573905385986E-003  0.894569864988777E-003  0.713056742297008E-003  0.225392654327948E-003 -0.931591915200142E-004 -0.225762112003268E-004  0.553718288946391E-002 -0.200197773651679E-001 -0.517454451354120E-002 -0.294010708910406E-002 -0.160364902930920E-002 -0.312391901212864E-003  0.383172949588413E-003  0.515850778936394E-003  0.302967618259474E-003 -0.513377025159069E-004 -0.275177377760200E-003
  0.105000000000000E+002 -0.394515564512717E-003 -0.214827816239685E-003  0.313136846845774E-003  0.723205530155867E-003  0.894812101960823E-003  0.713026222961947E-003  0.225313834571317E-003 -0.930583408082110E-004 -0.217903165432051E-004  0.554327657189349E-002 -0.200411986525195E-001 -0.517729123482699E-002 -0.294113902494771E-002 -0.160401150612309E-002 -0.312428187025748E-003  0.383163283216374E-003  0.515698537984765E-003  0.302605057898511E-003 -0.519018793689193E-004 -0.276002954846426E-003
  0.110000000000000E+002 -0.393294061471706E-003 -0.214018018767685E-003  0.313618814069734E-003  0.723387852250925E-003  0.894756599808548E-003  0.712850422939553E-003  0.225205655502033E-003 -0.929555638807873E-004 -0.211091535815659E-004  0.554804496094475E-002 -0.200574191187506E-001 -0.517954933093792E-002 -0.294208386496977E-002 -0.160440106099933E-002 -0.312484014188455E-003  0.383203776828563E-003  0.515684016266177E-003  0.302459307645845E-003 -0.521977215270226E-004 -0.276487443506113E-003
  0.115000000000000E+002 -0.392501524554952E-003 -0.213512493846843E-003  0.313891630108563E-003  0.723452741001487E-003  0.894662173532799E-003  0.712686979861358E-003  0.225114874613480E-003 -0.928732561121434E-004 -0.205795650546803E-004  0.555167986383224E-002 -0.200697170109143E-001 -0.518128978294055E-002 -0.294282810538559E-002 -0.160471747757357E-002 -0.312531973718212E-003  0.383244909423391E-003  0.515697752889467E-003  0.302385231637523E-003 -0.523785931343172E-004 -0.276800249583974E-003
  0.120000000000000E+002 -0.391941596695533E-003 -0.213165653976696E-003  0.314064215724369E-003  0.723472270799357E-003  0.894567384389822E-003  0.712548312402634E-003  0.225041260197892E-003 -0.928080823671242E-004 -0.201672225180062E-004  0.555447552415567E-002 -0.200791404052215E-001 -0.518263740079841E-002 -0.294341162691663E-002 -0.160496955651669E-002 -0.312571193651509E-003  0.383280813052142E-003  0.515718232208464E-003  0.302342429466409E-003 -0.525014513359625E-004 -0.277021209550420E-003
  0.125000000000000E+002 -0.391528112429123E-003 -0.212914870683083E-003  0.314181474273677E-003  0.723473579262780E-003  0.894483596221817E-003  0.712434683070700E-003  0.224982370278037E-003 -0.927566535566254E-004 -0.198452202090887E-004  0.555664101342887E-002 -0.200864204980690E-001 -0.518368583882568E-002 -0.294386915524212E-002 -0.160516904126798E-002 -0.312602671611881E-003  0.383310578345012E-003  0.515738498697024E-003  0.302315358579864E-003 -0.525898977440110E-004 -0.277184605341669E-003
  0.130000000000000E+002 -0.391217618645097E-003 -0.212729902677724E-003  0.314263223232975E-003  0.723466445648115E-003  0.894412123349747E-003  0.712342366312447E-003  0.224935315302625E-003 -0.927159597136484E-004 -0.195923946376318E-004  0.555833058969725E-002 -0.200920881853756E-001 -0.518450657960958E-002 -0.294422939292741E-002 -0.160532715059529E-002 -0.312627869044282E-003  0.383334940525001E-003  0.515756892744538E-003  0.302297837013397E-003 -0.526548713486791E-004 -0.277307408325174E-003
  0.135000000000000E+002 -0.390982604737140E-003 -0.212592161772080E-003  0.314320834587435E-003  0.723455481671545E-003  0.894352065240646E-003  0.712267536698348E-003  0.224897655342692E-003 -0.926836336341179E-004 -0.193927626957412E-004  0.555965791790746E-002 -0.200965322723340E-001 -0.518515301756664E-002 -0.294451439669637E-002 -0.160545287624421E-002 -0.312648059953598E-003  0.383354803472451E-003  0.515773039602801E-003  0.302286535908279E-003 -0.527030101231986E-004 -0.277400356106220E-003
  0.140000000000000E+002 -0.390803539622131E-003 -0.212488781059278E-003  0.314361754240957E-003  0.723443182663530E-003  0.894302004890503E-003  0.712206883052116E-003  0.224867434622099E-003 -0.926578446908475E-004 -0.192342580352580E-004  0.556070741676573E-002 -0.201000402815329E-001 -0.518566517240565E-002 -0.294474098771875E-002 -0.160555322992893E-002 -0.312664274857860E-003  0.383370980082597E-003  0.515786952747779E-003  0.302279337648585E-003 -0.527389226966069E-004 -0.277471125577409E-003
  0.145000000000000E+002 -0.390666197338109E-003 -0.212410597051287E-003  0.314391020626292E-003  0.723430901316605E-003  0.894260456894076E-003  0.712157655284283E-003  0.224843104082805E-003 -0.926371786475045E-004 -0.191077238087869E-004  0.556154233550852E-002 -0.201028268600535E-001 -0.518607324448606E-002 -0.294492202677779E-002 -0.160563365866802E-002 -0.312677334321892E-003  0.383384159672607E-003  0.515798804759857E-003  0.302274846287990E-003 -0.527659002248319E-004 -0.277525341943718E-003
  0.150000000000000E+002 -0.390560193232391E-003 -0.212351067432879E-003  0.314412044677655E-003  0.723419293919072E-003  0.894226005462395E-003  0.712117590115686E-003  0.224823435654330E-003 -0.926205365975220E-004 -0.190061514498545E-004  0.556221054282303E-002 -0.201050539060148E-001 -0.518640023106022E-002 -0.294506741628872E-002 -0.160569841182631E-002 -0.312687891446680E-003  0.383394918761811E-003  0.515808841751407E-003  0.302272150842670E-003 -0.527862933070918E-004 -0.277567126806897E-003
  0.155000000000000E+002 -0.390478054336194E-003 -0.212305646968484E-003  0.314426973141817E-003  0.723408439892940E-003  0.894197224018158E-003  0.712084732057303E-003  0.224807415818225E-003 -0.926070350230210E-004 -0.189240188799284E-004  0.556274913671245E-002 -0.201068461206708E-001 -0.518666408026378E-002 -0.294518499355258E-002 -0.160575090784087E-002 -0.312696484884110E-003  0.383403761926501E-003  0.515817383636837E-003  0.302270721251287E-003 -0.528017317126651E-004 -0.277599458378789E-003
  0.160000000000000E+002 -0.390414700592059E-003 -0.212271524106722E-003  0.314436735977153E-003  0.723397702662923E-003  0.894172411163437E-003  0.712057154486267E-003  0.224794114256263E-003 -0.925958971157860E-004 -0.188566422320845E-004  0.556318860190116E-002 -0.201083045239668E-001 -0.518687968872391E-002 -0.294528142064510E-002 -0.160579413134307E-002 -0.312703603914947E-003  0.383411189740592E-003  0.515824893858345E-003  0.302270409568617E-003 -0.528132199876977E-004 -0.277624381075995E-003
  0.165000000000000E+002 -0.390367080498608E-003 -0.212247451241813E-003  0.314441047777844E-003  0.723385586351777E-003  0.894149353197465E-003  0.712032715161069E-003  0.224782568996173E-003 -0.925863578552393E-004 -0.187996091399712E-004  0.556355643307421E-002 -0.201095181720388E-001 -0.518706063647144E-002 -0.294536295832145E-002 -0.160583097852539E-002 -0.312709745626624E-003  0.383417760075175E-003  0.515832047912316E-003  0.302271466102202E-003 -0.528211962124238E-004 -0.277643153029903E-003
  0.170000000000000E+002 -0.390333156880321E-003 -0.212232801232971E-003  0.314439317641463E-003  0.723370542874204E-003  0.894125950708470E-003  0.712009440554685E-003  0.224771902800704E-003 -0.925777226906388E-004 -0.187489265470849E-004  0.556387739930441E-002 -0.201105666989619E-001 -0.518721909072884E-002 -0.294543521684047E-002 -0.160586404856317E-002 -0.312715358686282E-003  0.383423986034995E-003  0.515839504047965E-003  0.302274229151960E-003 -0.528258692626979E-004 -0.277656624825524E-003
  0.175000000000000E+002 -0.390310069939451E-003 -0.212225712300847E-003  0.314432590382670E-003  0.723352841500315E-003  0.894101829672249E-003  0.711986644587669E-003  0.224761719485746E-003 -0.925696202336967E-004 -0.187021361086997E-004  0.556416873546848E-002 -0.201115081213074E-001 -0.518736308052965E-002 -0.294550154163968E-002 -0.160589472642521E-002 -0.312720647258970E-003  0.383430037397228E-003  0.515847317573839E-003  0.302278415690535E-003 -0.528279137951976E-004 -0.277665942954635E-003
  0.180000000000000E+002 -0.390293292330738E-003 -0.212222333097815E-003  0.314424254640829E-003  0.723335222517848E-003  0.894078918433249E-003  0.711965365737589E-003  0.224752279615757E-003 -0.925621338082011E-004 -0.186590371849400E-004  0.556443587656795E-002 -0.201123668088557E-001 -0.518749465156111E-002 -0.294556215889892E-002 -0.160592277905405E-002 -0.312725496515862E-003  0.383435641063801E-003  0.515854759607734E-003  0.302282899163509E-003 -0.528287065139341E-004 -0.277672822751221E-003
  0.185000000000000E+002 -0.390276626447523E-003 -0.212216785483903E-003  0.314420127937136E-003  0.723323063793635E-003  0.894061694516169E-003  0.711948629160223E-003  0.224744630852791E-003 -0.925559167461891E-004 -0.186223880883586E-004  0.556466798426364E-002 -0.201131195469095E-001 -0.518760766474510E-002 -0.294561317181101E-002 -0.160594589948368E-002 -0.312729395917871E-003  0.383439990701537E-003  0.515860188874774E-003  0.302285602032070E-003 -0.528303994954763E-004 -0.277679597332363E-003
  0.190000000000000E+002 -0.390255499259646E-003 -0.212204747591972E-003  0.314424507686039E-003  0.723320449810723E-003  0.894053736883371E-003  0.711939031778729E-003  0.224739752768459E-003 -0.925516503006468E-004 -0.185955742929039E-004  0.556484757502828E-002 -0.201137170240600E-001 -0.518769306721775E-002 -0.294564984174094E-002 -0.160596162075384E-002 -0.312731852627715E-003  0.383442372388841E-003  0.515862244400302E-003  0.302284867863009E-003 -0.528346845284085E-004 -0.277688093844802E-003
  0.195000000000000E+002 -0.390233217322735E-003 -0.212190265116319E-003  0.314432615938517E-003  0.723322502615181E-003  0.894050791736675E-003  0.711933685990975E-003  0.224736676821948E-003 -0.925487739528528E-004 -0.185765724113294E-004  0.556498001078016E-002 -0.201141656806413E-001 -0.518775517287059E-002 -0.294567560847637E-002 -0.160597220005984E-002 -0.312733390821879E-003  0.383443615484957E-003  0.515862538052847E-003  0.302282529809287E-003 -0.528400008315288E-004 -0.277697038964372E-003
  0.200000000000000E+002 -0.390215068975456E-003 -0.212178871324654E-003  0.314438493666083E-003  0.723323346718242E-003  0.894047697563436E-003  0.711928936422148E-003  0.224734084611483E-003 -0.925464279417561E-004 -0.185614725173451E-004  0.556508323364087E-002 -0.201145133311501E-001 -0.518780418766186E-002 -0.294569639246619E-002 -0.160598095502792E-002 -0.312734710285132E-003  0.383444765156513E-003  0.515863066632869E-003  0.302280932325470E-003 -0.528441475480085E-004 -0.277704304852134E-003
  0.205000000000000E+002 -0.390201202436542E-003 -0.212170428484120E-003  0.314442485202351E-003  0.723323363831480E-003  0.894044708038163E-003  0.711924835541806E-003  0.224731930128688E-003 -0.925445222475856E-004 -0.185494224668454E-004  0.556516452559476E-002 -0.201147859686305E-001 -0.518784310514546E-002 -0.294571313731969E-002 -0.160598813387063E-002 -0.312735820590856E-003  0.383445788286458E-003  0.515863717721394E-003  0.302279944520450E-003 -0.528471848170434E-004 -0.277709840845021E-003
  0.210000000000000E+002 -0.390190554110386E-003 -0.212164058394425E-003  0.314445330858235E-003  0.723323096876082E-003  0.894042124703888E-003  0.711921460284756E-003  0.224730188261168E-003 -0.925429980815613E-004 -0.185398638826638E-004  0.556522862637576E-002 -0.201150005822874E-001 -0.518787391740950E-002 -0.294572648771745E-002 -0.160599390641945E-002 -0.312736724754229E-003  0.383446643842934E-003  0.515864333153955E-003  0.302279292488671E-003 -0.528494582524848E-004 -0.277714085034821E-003
  0.215000000000000E+002 -0.390182282733450E-003 -0.212159170681903E-003  0.314447425581246E-003  0.723322742614250E-003  0.894039967697260E-003  0.711918720246662E-003  0.224728789480994E-003 -0.925417823565879E-004 -0.185322794730157E-004  0.556527929509572E-002 -0.201151700361802E-001 -0.518789833801517E-002 -0.294573711596901E-002 -0.160599852651846E-002 -0.312737454038647E-003  0.383447344878897E-003  0.515864871493643E-003  0.302278841547013E-003 -0.528511940128656E-004 -0.277717379345046E-003
  0.220000000000000E+002 -0.390175816843321E-003 -0.212155387625390E-003  0.314448991090930E-003  0.723322374224092E-003  0.894038187648834E-003  0.711916504520675E-003  0.224727667325765E-003 -0.925408119425076E-004 -0.185262495448369E-004  0.556531945740100E-002 -0.201153042290700E-001 -0.518791773470025E-002 -0.294574558645712E-002 -0.160600222337392E-002 -0.312738040895028E-003  0.383447915411765E-003  0.515865329307418E-003  0.302278522941209E-003 -0.528525323827933E-004 -0.277719953467692E-003
  0.225000000000000E+002 -0.390170747194376E-003 -0.212152447838328E-003  0.314450168284304E-003  0.723322021098995E-003  0.894036725304037E-003  0.711914713760834E-003  0.224726766299855E-003 -0.925400359689116E-004 -0.185214436303176E-004  0.556535138560080E-002 -0.201154108141338E-001 -0.518793318002684E-002 -0.294575235006198E-002 -0.160600518471743E-002 -0.312738513139704E-003  0.383448378827908E-003  0.515865714262179E-003  0.302278296814794E-003 -0.528535688424889E-004 -0.277721971008716E-003
  0.230000000000000E+002 -0.390166764224320E-003 -0.212150157902910E-003  0.314451056367599E-003  0.723321696085414E-003  0.894035525893382E-003  0.711913265593475E-003  0.224726041712226E-003 -0.925394141001492E-004 -0.185176032168753E-004  0.556537684135451E-002 -0.201154957233415E-001 -0.518794551147104E-002 -0.294575776259916E-002 -0.160600756069768E-002 -0.312738893508699E-003  0.383448755059002E-003  0.515866036176209E-003  0.302278136708680E-003 -0.528543735454669E-004 -0.277723555171065E-003
  0.235000000000000E+002 -0.390163629221952E-003 -0.212148369830828E-003  0.314451727472940E-003  0.723321403598610E-003  0.894034542597230E-003  0.711912093114136E-003  0.224725457890455E-003 -0.925389145713556E-004 -0.185145258886237E-004  0.556539719808969E-002 -0.201155635684079E-001 -0.518795538364323E-002 -0.294576210432995E-002 -0.160600947095774E-002 -0.312739200325826E-003  0.383449060690459E-003  0.515866304375317E-003  0.302278023763712E-003 -0.528549996710841E-004 -0.277724801557709E-003
  0.240000000000000E+002 -0.390161157122941E-003 -0.212146971430897E-003  0.314452234957559E-003  0.723321143603895E-003  0.894033735285168E-003  0.711911141497604E-003  0.224724986268224E-003 -0.925385121452125E-004 -0.185120523515187E-004  0.556541352932854E-002 -0.201156179520212E-001 -0.518796331105088E-002 -0.294576559689801E-002 -0.160601101071699E-002 -0.312739448359495E-003  0.383449309345330E-003  0.515866527783149E-003  0.302277945245687E-003 -0.528554877383807E-004 -0.277725783868401E-003
  0.245000000000000E+002 -0.390159206107225E-003 -0.212145878072123E-003  0.314452615345041E-003  0.723320911774357E-003  0.894033068653620E-003  0.711910365480647E-003  0.224724603514837E-003 -0.925381865035996E-004 -0.185100557747170E-004  0.556542668366132E-002 -0.201156617120862E-001 -0.518796970214681E-002 -0.294576841729460E-002 -0.160601225660792E-002 -0.312739649699641E-003  0.383449512553754E-003  0.515866714740571E-003  0.302277892412496E-003 -0.528558680056682E-004 -0.277726558743849E-003
  0.250000000000000E+002 -0.390157668177923E-003 -0.212145027316043E-003  0.314452893896616E-003  0.723320700266078E-003  0.894032511667424E-003  0.711909726897965E-003  0.224724290435775E-003 -0.925379211480167E-004 -0.185084338166423E-004  0.556543733881024E-002 -0.201156971099408E-001 -0.518797488351668E-002 -0.294577070909694E-002 -0.160601327143026E-002 -0.312739814284117E-003  0.383449680013282E-003  0.515866873186284E-003  0.302277860319345E-003 -0.528561627844024E-004 -0.277727169707833E-003
  0.255000000000000E+002 -0.390156459988217E-003 -0.212144372116575E-003  0.314453087738878E-003  0.723320500508024E-003  0.894032037064450E-003  0.711909193697440E-003  0.224724031241789E-003 -0.925377026033675E-004 -0.185071036069532E-004  0.556544604189415E-002 -0.201157259624084E-001 -0.518797911996207E-002 -0.294577258812567E-002 -0.160601410617137E-002 -0.312739950316747E-003  0.383449819922538E-003  0.515867010303601E-003  0.302277845788812E-003 -0.528563889366323E-004 -0.277727649849078E-003
  0.260000000000000E+002 -0.390155515041905E-003 -0.212143873731655E-003  0.314453212061480E-003  0.723320307288443E-003  0.894031624988773E-003  0.711908741803205E-003  0.224723813726660E-003 -0.925375202994182E-004 -0.185060001687091E-004  0.556545322551374E-002 -0.201157497122081E-001 -0.518798262022292E-002 -0.294577414570266E-002 -0.160601480059267E-002 -0.312740064146222E-003  0.383449938437469E-003  0.515867131190731E-003  0.302277845919519E-003 -0.528565600910121E-004 -0.277728026077275E-003
  0.265000000000000E+002 -0.390154773762286E-003 -0.212143494918794E-003  0.314453286092532E-003  0.723320123506848E-003  0.894031265873388E-003  0.711908356082237E-003  0.224723629740321E-003 -0.925373669618973E-004 -0.185050762769021E-004  0.556545921259914E-002 -0.201157694487768E-001 -0.518798553799782E-002 -0.294577544766537E-002 -0.160601538285147E-002 -0.312740160049819E-003  0.383450039425772E-003  0.515867237842471E-003  0.302277855801789E-003 -0.528566896213825E-004 -0.277728321921549E-003
  0.270000000000000E+002 -0.390154181340099E-003 -0.212143197859075E-003  0.314453334005037E-003  0.723319960949240E-003  0.894030960146713E-003  0.711908031075552E-003  0.224723475237720E-003 -0.925372383875283E-004 -0.185043025664978E-004  0.556546421860464E-002 -0.201157859256653E-001 -0.518798797524861E-002 -0.294577653515331E-002 -0.160601586921740E-002 -0.312740240213478E-003  0.383450124198207E-003  0.515867328854815E-003  0.302277868111738E-003 -0.528567910667107E-004 -0.277728558894261E-003
  0.275000000000000E+002 -0.390153690058309E-003 -0.212142947448811E-003  0.314453381162776E-003  0.723319834813473E-003  0.894030714839725E-003  0.711907766924636E-003  0.224723348812747E-003 -0.925371326263539E-004 -0.185036630134218E-004  0.556546837244149E-002 -0.201157996108125E-001 -0.518798999147118E-002 -0.294577743099054E-002 -0.160601626799513E-002 -0.312740305595184E-003  0.383450192689792E-003  0.515867400886347E-003  0.302277875030144E-003 -0.528568771770001E-004 -0.277728755563773E-003
  0.280000000000000E+002 -0.390153266030722E-003 -0.212142720279816E-003  0.314453443093165E-003  0.723319753421118E-003  0.894030532113223E-003  0.711907562639107E-003  0.224723249172606E-003 -0.925370481736802E-004 -0.185031468852149E-004  0.556547175643400E-002 -0.201158108053101E-001 -0.518799162702998E-002 -0.294577815118961E-002 -0.160601658556936E-002 -0.312740356964114E-003  0.383450245240973E-003  0.515867452656288E-003  0.302277871690614E-003 -0.528569564699258E-004 -0.277728925354842E-003
  0.285000000000000E+002 -0.390152896239358E-003 -0.212142511799160E-003  0.314453516726218E-003  0.723319709072566E-003  0.894030401591621E-003  0.711907408739614E-003  0.224723172347791E-003 -0.925369821414323E-004 -0.185027380497619E-004  0.556547446553948E-002 -0.201158198088802E-001 -0.518799293059310E-002 -0.294577872000433E-002 -0.160601683376423E-002 -0.312740396512879E-003  0.383450284495195E-003  0.515867487653751E-003  0.302277860006710E-003 -0.528570300198610E-004 -0.277729073319653E-003
  0.290000000000000E+002 -0.390152583295519E-003 -0.212142331283917E-003  0.314453587449561E-003  0.723319682698345E-003  0.894030303799155E-003  0.711907289497779E-003  0.224723112165198E-003 -0.925369300155282E-004 -0.185024138373795E-004  0.556547662310168E-002 -0.201158269993256E-001 -0.518799396785079E-002 -0.294577917128784E-002 -0.160601702982562E-002 -0.312740427540652E-003  0.383450314761466E-003  0.515867512906343E-003  0.302277846474171E-003 -0.528570941510487E-004 -0.277729198399917E-003
  0.295000000000000E+002 -0.390152327721469E-003 -0.212142183575234E-003  0.314453645426833E-003  0.723319662157841E-003  0.894030225352450E-003  0.711907193848513E-003  0.224723063884510E-003 -0.925368883058410E-004 -0.185021545273239E-004  0.556547834774299E-002 -0.201158327458190E-001 -0.518799479787241E-002 -0.294577953280175E-002 -0.160601718717718E-002 -0.312740452469484E-003  0.383450339103405E-003  0.515867533183955E-003  0.302277835355839E-003 -0.528571465475151E-004 -0.277729300518677E-003
