 # Integral loads: N.components: 2
 #                 Ref.sys     : Stability
 #                 Components  : fuselage_right , fuselage_left
 #  t , Fx , Fy , Fz , Mx , My , Mz , ref_mat(9) , ref_off(3) 
  0.100000000000000E+001  0.191212596305857E+006 -0.856791091966443E+000  0.390344594792860E+006  0.812666664613062E+000  0.570757649982685E+005 -0.279903258359991E+001  0.100000000000000E+001  0.000000000000000E+000  0.000000000000000E+000  0.000000000000000E+000  0.100000000000000E+001  0.000000000000000E+000  0.000000000000000E+000  0.000000000000000E+000  0.100000000000000E+001  0.590000000000000E+001  0.000000000000000E+000 -0.500000000000000E+000
  0.100312500000000E+001  0.464454686768280E+005 -0.892825536779128E+000  0.882843197100492E+005  0.847753860027296E+000 -0.127653524678556E+006 -0.291867056034971E+001  0.100000000000000E+001  0.000000000000000E+000  0.000000000000000E+000  0.000000000000000E+000  0.100000000000000E+001  0.000000000000000E+000  0.000000000000000E+000  0.000000000000000E+000  0.100000000000000E+001  0.590000000000000E+001  0.000000000000000E+000 -0.500000000000000E+000
  0.100625000000000E+001  0.473039693763646E+005 -0.930618833954213E+000  0.854821389965828E+005  0.883623624249594E+000 -0.122750882729759E+006 -0.304216263664421E+001  0.100000000000000E+001  0.000000000000000E+000  0.000000000000000E+000  0.000000000000000E+000  0.100000000000000E+001  0.000000000000000E+000  0.000000000000000E+000  0.000000000000000E+000  0.100000000000000E+001  0.590000000000000E+001  0.000000000000000E+000 -0.500000000000000E+000
  0.100937500000000E+001  0.471822883293923E+005 -0.977243102417560E+000  0.841885043276325E+005  0.927878596645314E+000 -0.119159535197708E+006 -0.319456252723467E+001  0.100000000000000E+001  0.000000000000000E+000  0.000000000000000E+000  0.000000000000000E+000  0.100000000000000E+001  0.000000000000000E+000  0.000000000000000E+000  0.000000000000000E+000  0.100000000000000E+001  0.590000000000000E+001  0.000000000000000E+000 -0.500000000000000E+000
  0.101250000000000E+001  0.470874607062519E+005 -0.101477879786398E+001  0.836329947252255E+005  0.963563666125992E+000 -0.116832053446740E+006 -0.331726826622616E+001  0.100000000000000E+001  0.000000000000000E+000  0.000000000000000E+000  0.000000000000000E+000  0.100000000000000E+001  0.000000000000000E+000  0.000000000000000E+000  0.000000000000000E+000  0.100000000000000E+001  0.590000000000000E+001  0.000000000000000E+000 -0.500000000000000E+000
  0.101562500000000E+001  0.474990018105927E+005 -0.104066538374173E+001  0.839195562175129E+005  0.988202624575933E+000 -0.116516034178020E+006 -0.340190277865622E+001  0.100000000000000E+001  0.000000000000000E+000  0.000000000000000E+000  0.000000000000000E+000  0.100000000000000E+001  0.000000000000000E+000  0.000000000000000E+000  0.000000000000000E+000  0.100000000000000E+001  0.590000000000000E+001  0.000000000000000E+000 -0.500000000000000E+000
  0.101875000000000E+001  0.477730519192892E+005 -0.106368539613322E+001  0.841503142581350E+005  0.101013487871387E+001 -0.116188772848442E+006 -0.347717771085445E+001  0.100000000000000E+001  0.000000000000000E+000  0.000000000000000E+000  0.000000000000000E+000  0.100000000000000E+001  0.000000000000000E+000  0.000000000000000E+000  0.000000000000000E+000  0.100000000000000E+001  0.590000000000000E+001  0.000000000000000E+000 -0.500000000000000E+000
  0.102187500000000E+001  0.478831058116125E+005 -0.108417600963730E+001  0.842938872503927E+005  0.102966999786440E+001 -0.115881565570786E+006 -0.354420337057672E+001  0.100000000000000E+001  0.000000000000000E+000  0.000000000000000E+000  0.000000000000000E+000  0.100000000000000E+001  0.000000000000000E+000  0.000000000000000E+000  0.000000000000000E+000  0.100000000000000E+001  0.590000000000000E+001  0.000000000000000E+000 -0.500000000000000E+000
  0.102500000000000E+001  0.479174191801938E+005 -0.110146287549287E+001  0.844494182990831E+005  0.104614007240161E+001 -0.115802758785724E+006 -0.360074764071032E+001  0.100000000000000E+001  0.000000000000000E+000  0.000000000000000E+000  0.000000000000000E+000  0.100000000000000E+001  0.000000000000000E+000  0.000000000000000E+000  0.000000000000000E+000  0.100000000000000E+001  0.590000000000000E+001  0.000000000000000E+000 -0.500000000000000E+000
  0.102812500000000E+001  0.479698324746198E+005 -0.111638600283186E+001  0.847382768301326E+005  0.106032361116377E+001 -0.116190068842644E+006 -0.364954995037988E+001  0.100000000000000E+001  0.000000000000000E+000  0.000000000000000E+000  0.000000000000000E+000  0.100000000000000E+001  0.000000000000000E+000  0.000000000000000E+000  0.000000000000000E+000  0.100000000000000E+001  0.590000000000000E+001  0.000000000000000E+000 -0.500000000000000E+000
  0.103125000000000E+001  0.480600588943783E+005 -0.112954186281422E+001  0.850942162143615E+005  0.107281263225013E+001 -0.116809433888230E+006 -0.369257083628327E+001  0.100000000000000E+001  0.000000000000000E+000  0.000000000000000E+000  0.000000000000000E+000  0.100000000000000E+001  0.000000000000000E+000  0.000000000000000E+000  0.000000000000000E+000  0.100000000000000E+001  0.590000000000000E+001  0.000000000000000E+000 -0.500000000000000E+000
  0.103437500000000E+001  0.481559443298632E+005 -0.114095378521597E+001  0.854170055019001E+005  0.108364370712661E+001 -0.117373402759734E+006 -0.372987696365453E+001  0.100000000000000E+001  0.000000000000000E+000  0.000000000000000E+000  0.000000000000000E+000  0.100000000000000E+001  0.000000000000000E+000  0.000000000000000E+000  0.000000000000000E+000  0.100000000000000E+001  0.590000000000000E+001  0.000000000000000E+000 -0.500000000000000E+000
  0.103750000000000E+001  0.482450228446263E+005 -0.115076320007211E+001  0.856888589544234E+005  0.109295293682953E+001 -0.117837584006055E+006 -0.376193791313563E+001  0.100000000000000E+001  0.000000000000000E+000  0.000000000000000E+000  0.000000000000000E+000  0.100000000000000E+001  0.000000000000000E+000  0.000000000000000E+000  0.000000000000000E+000  0.100000000000000E+001  0.590000000000000E+001  0.000000000000000E+000 -0.500000000000000E+000
  0.104062500000000E+001  0.483247408223059E+005 -0.115919611207210E+001  0.859154236267209E+005  0.110095512351836E+001 -0.118213230879081E+006 -0.378949842706788E+001  0.100000000000000E+001  0.000000000000000E+000  0.000000000000000E+000  0.000000000000000E+000  0.100000000000000E+001  0.000000000000000E+000  0.000000000000000E+000  0.000000000000000E+000  0.100000000000000E+001  0.590000000000000E+001  0.000000000000000E+000 -0.500000000000000E+000
  0.104375000000000E+001  0.483951778640254E+005 -0.116647145268507E+001  0.861051255570327E+005  0.110785838836455E+001 -0.118515986492368E+006 -0.381327590299770E+001  0.100000000000000E+001  0.000000000000000E+000  0.000000000000000E+000  0.000000000000000E+000  0.100000000000000E+001  0.000000000000000E+000  0.000000000000000E+000  0.000000000000000E+000  0.100000000000000E+001  0.590000000000000E+001  0.000000000000000E+000 -0.500000000000000E+000
  0.104687500000000E+001  0.484571569840468E+005 -0.117277550668223E+001  0.862649572800088E+005  0.111383982424741E+001 -0.118759989648356E+006 -0.383387953939382E+001  0.100000000000000E+001  0.000000000000000E+000  0.000000000000000E+000  0.000000000000000E+000  0.100000000000000E+001  0.000000000000000E+000  0.000000000000000E+000  0.000000000000000E+000  0.100000000000000E+001  0.590000000000000E+001  0.000000000000000E+000 -0.500000000000000E+000
  0.105000000000000E+001  0.485116621307812E+005 -0.117826253169915E+001  0.864004970294043E+005  0.111904599738773E+001 -0.118957182382327E+006 -0.385181340959389E+001  0.100000000000000E+001  0.000000000000000E+000  0.000000000000000E+000  0.000000000000000E+000  0.100000000000000E+001  0.000000000000000E+000  0.000000000000000E+000  0.000000000000000E+000  0.100000000000000E+001  0.590000000000000E+001  0.000000000000000E+000 -0.500000000000000E+000
  0.105312500000000E+001  0.485596371815021E+005 -0.118305897060782E+001  0.865161557357128E+005  0.112359699478839E+001 -0.119117175712282E+006 -0.386749059020076E+001  0.100000000000000E+001  0.000000000000000E+000  0.000000000000000E+000  0.000000000000000E+000  0.100000000000000E+001  0.000000000000000E+000  0.000000000000000E+000  0.000000000000000E+000  0.100000000000000E+001  0.590000000000000E+001  0.000000000000000E+000 -0.500000000000000E+000
  0.105625000000000E+001  0.486177030405673E+005 -0.118812883435749E+001  0.868788151530137E+005  0.112839887791779E+001 -0.119389077819843E+006 -0.388403794087935E+001  0.100000000000000E+001  0.000000000000000E+000  0.000000000000000E+000  0.000000000000000E+000  0.100000000000000E+001  0.000000000000000E+000  0.000000000000000E+000  0.000000000000000E+000  0.100000000000000E+001  0.590000000000000E+001  0.000000000000000E+000 -0.500000000000000E+000
  0.105937500000000E+001  0.486600164662779E+005 -0.119205633096863E+001  0.868006218945280E+005  0.113212861612556E+001 -0.119408528940149E+006 -0.389689726906363E+001  0.100000000000000E+001  0.000000000000000E+000  0.000000000000000E+000  0.000000000000000E+000  0.100000000000000E+001  0.000000000000000E+000  0.000000000000000E+000  0.000000000000000E+000  0.100000000000000E+001  0.590000000000000E+001  0.000000000000000E+000 -0.500000000000000E+000
  0.106250000000000E+001  0.486917114902389E+005 -0.119541299674893E+001  0.868316338264425E+005  0.113531438019709E+001 -0.119463280763233E+006 -0.390787393669598E+001  0.100000000000000E+001  0.000000000000000E+000  0.000000000000000E+000  0.000000000000000E+000  0.100000000000000E+001  0.000000000000000E+000  0.000000000000000E+000  0.000000000000000E+000  0.100000000000000E+001  0.590000000000000E+001  0.000000000000000E+000 -0.500000000000000E+000
  0.106562500000000E+001  0.487189090021620E+005 -0.119835373619571E+001  0.868831644722122E+005  0.113810510994517E+001 -0.119520260249916E+006 -0.391748782549985E+001  0.100000000000000E+001  0.000000000000000E+000  0.000000000000000E+000  0.000000000000000E+000  0.100000000000000E+001  0.000000000000000E+000  0.000000000000000E+000  0.000000000000000E+000  0.100000000000000E+001  0.590000000000000E+001  0.000000000000000E+000 -0.500000000000000E+000
  0.106875000000000E+001  0.487441493878891E+005 -0.120094141492154E+001  0.869351396170762E+005  0.114056082526804E+001 -0.119574752858791E+006 -0.392594693193678E+001  0.100000000000000E+001  0.000000000000000E+000  0.000000000000000E+000  0.000000000000000E+000  0.100000000000000E+001  0.000000000000000E+000  0.000000000000000E+000  0.000000000000000E+000  0.100000000000000E+001  0.590000000000000E+001  0.000000000000000E+000 -0.500000000000000E+000
  0.107187500000000E+001  0.487674147978362E+005 -0.120323505130364E+001  0.869830915383957E+005  0.114273755799513E+001 -0.119624477306278E+006 -0.393344449147116E+001  0.100000000000000E+001  0.000000000000000E+000  0.000000000000000E+000  0.000000000000000E+000  0.100000000000000E+001  0.000000000000000E+000  0.000000000000000E+000  0.000000000000000E+000  0.100000000000000E+001  0.590000000000000E+001  0.000000000000000E+000 -0.500000000000000E+000
  0.107500000000000E+001  0.487922614502559E+005 -0.120557826192817E+001  0.871236351375278E+005  0.114496101572877E+001 -0.119717543113791E+006 -0.394110367901158E+001  0.100000000000000E+001  0.000000000000000E+000  0.000000000000000E+000  0.000000000000000E+000  0.100000000000000E+001  0.000000000000000E+000  0.000000000000000E+000  0.000000000000000E+000  0.100000000000000E+001  0.590000000000000E+001  0.000000000000000E+000 -0.500000000000000E+000
  0.107812500000000E+001  0.488273942296559E+005 -0.120850832067663E+001  0.874342508048150E+005  0.114774029664113E+001 -0.119894787897066E+006 -0.395067956356797E+001  0.100000000000000E+001  0.000000000000000E+000  0.000000000000000E+000  0.000000000000000E+000  0.100000000000000E+001  0.000000000000000E+000  0.000000000000000E+000  0.000000000000000E+000  0.100000000000000E+001  0.590000000000000E+001  0.000000000000000E+000 -0.500000000000000E+000
  0.108125000000000E+001  0.488785084360332E+005 -0.121222803200362E+001  0.878129212204920E+005  0.115127271888196E+001 -0.120105246760923E+006 -0.396285051072482E+001  0.100000000000000E+001  0.000000000000000E+000  0.000000000000000E+000  0.000000000000000E+000  0.100000000000000E+001  0.000000000000000E+000  0.000000000000000E+000  0.000000000000000E+000  0.100000000000000E+001  0.590000000000000E+001  0.000000000000000E+000 -0.500000000000000E+000
  0.108437500000000E+001  0.489593468631636E+005 -0.121763784094946E+001  0.884707070998527E+005  0.115640175648150E+001 -0.120474458868895E+006 -0.398052213212941E+001  0.100000000000000E+001  0.000000000000000E+000  0.000000000000000E+000  0.000000000000000E+000  0.100000000000000E+001  0.000000000000000E+000  0.000000000000000E+000  0.000000000000000E+000  0.100000000000000E+001  0.590000000000000E+001  0.000000000000000E+000 -0.500000000000000E+000
  0.108750000000000E+001  0.489825542401382E+005 -0.121973383915611E+001  0.876352476631695E+005  0.115839410456829E+001 -0.120003429564925E+006 -0.398737347847782E+001  0.100000000000000E+001  0.000000000000000E+000  0.000000000000000E+000  0.000000000000000E+000  0.100000000000000E+001  0.000000000000000E+000  0.000000000000000E+000  0.000000000000000E+000  0.100000000000000E+001  0.590000000000000E+001  0.000000000000000E+000 -0.500000000000000E+000
  0.109062500000000E+001  0.489837644305236E+005 -0.122133165667765E+001  0.875431935792472E+005  0.115991051017772E+001 -0.119898450321513E+006 -0.399259426654316E+001  0.100000000000000E+001  0.000000000000000E+000  0.000000000000000E+000  0.000000000000000E+000  0.100000000000000E+001  0.000000000000000E+000  0.000000000000000E+000  0.000000000000000E+000  0.100000000000000E+001  0.590000000000000E+001  0.000000000000000E+000 -0.500000000000000E+000
  0.109375000000000E+001  0.489861834762727E+005 -0.122256805625511E+001  0.875047100492778E+005  0.116108408526634E+001 -0.119846039828491E+006 -0.399663542350754E+001  0.100000000000000E+001  0.000000000000000E+000  0.000000000000000E+000  0.000000000000000E+000  0.100000000000000E+001  0.000000000000000E+000  0.000000000000000E+000  0.000000000000000E+000  0.100000000000000E+001  0.590000000000000E+001  0.000000000000000E+000 -0.500000000000000E+000
  0.109687500000000E+001  0.489939582083471E+005 -0.122354558721418E+001  0.874990465993353E+005  0.116201199474744E+001 -0.119838792447945E+006 -0.399983064620756E+001  0.100000000000000E+001  0.000000000000000E+000  0.000000000000000E+000  0.000000000000000E+000  0.100000000000000E+001  0.000000000000000E+000  0.000000000000000E+000  0.000000000000000E+000  0.100000000000000E+001  0.590000000000000E+001  0.000000000000000E+000 -0.500000000000000E+000
  0.110000000000000E+001  0.490030057068830E+005 -0.122436416044366E+001  0.875017652323248E+005  0.116278917909949E+001 -0.119849135069372E+006 -0.400250637112185E+001  0.100000000000000E+001  0.000000000000000E+000  0.000000000000000E+000  0.000000000000000E+000  0.100000000000000E+001  0.000000000000000E+000  0.000000000000000E+000  0.000000000000000E+000  0.100000000000000E+001  0.590000000000000E+001  0.000000000000000E+000 -0.500000000000000E+000
  0.110312500000000E+001  0.490105836912233E+005 -0.122509016096592E+001  0.875114252942836E+005  0.116347868388402E+001 -0.119864961501699E+006 -0.400487953587435E+001  0.100000000000000E+001  0.000000000000000E+000  0.000000000000000E+000  0.000000000000000E+000  0.100000000000000E+001  0.000000000000000E+000  0.000000000000000E+000  0.000000000000000E+000  0.100000000000000E+001  0.590000000000000E+001  0.000000000000000E+000 -0.500000000000000E+000
  0.110625000000000E+001  0.490178514526418E+005 -0.122581985319266E+001  0.875450723011842E+005  0.116417131910566E+001 -0.119896087563304E+006 -0.400726868200582E+001  0.100000000000000E+001  0.000000000000000E+000  0.000000000000000E+000  0.000000000000000E+000  0.100000000000000E+001  0.000000000000000E+000  0.000000000000000E+000  0.000000000000000E+000  0.100000000000000E+001  0.590000000000000E+001  0.000000000000000E+000 -0.500000000000000E+000
  0.110937500000000E+001  0.490228591388998E+005 -0.122636412829161E+001  0.875253214417649E+005  0.116468848229852E+001 -0.119889874676230E+006 -0.400904168235138E+001  0.100000000000000E+001  0.000000000000000E+000  0.000000000000000E+000  0.000000000000000E+000  0.100000000000000E+001  0.000000000000000E+000  0.000000000000000E+000  0.000000000000000E+000  0.100000000000000E+001  0.590000000000000E+001  0.000000000000000E+000 -0.500000000000000E+000
  0.111250000000000E+001  0.490267194616798E+005 -0.122683628136292E+001  0.875307456755976E+005  0.116513667671825E+001 -0.119898048885005E+006 -0.401058472099248E+001  0.100000000000000E+001  0.000000000000000E+000  0.000000000000000E+000  0.000000000000000E+000  0.100000000000000E+001  0.000000000000000E+000  0.000000000000000E+000  0.000000000000000E+000  0.100000000000000E+001  0.590000000000000E+001  0.000000000000000E+000 -0.500000000000000E+000
  0.111562500000000E+001  0.490302810032141E+005 -0.122724667802686E+001  0.875360524370208E+005  0.116552620308357E+001 -0.119905723080657E+006 -0.401192606776021E+001  0.100000000000000E+001  0.000000000000000E+000  0.000000000000000E+000  0.000000000000000E+000  0.100000000000000E+001  0.000000000000000E+000  0.000000000000000E+000  0.000000000000000E+000  0.100000000000000E+001  0.590000000000000E+001  0.000000000000000E+000 -0.500000000000000E+000
  0.111875000000000E+001  0.490336073202003E+005 -0.122760241082869E+001  0.875410334389693E+005  0.116586383644608E+001 -0.119912908892304E+006 -0.401308873307426E+001  0.100000000000000E+001  0.000000000000000E+000  0.000000000000000E+000  0.000000000000000E+000  0.100000000000000E+001  0.000000000000000E+000  0.000000000000000E+000  0.000000000000000E+000  0.100000000000000E+001  0.590000000000000E+001  0.000000000000000E+000 -0.500000000000000E+000
  0.112187500000000E+001  0.490366084615276E+005 -0.122791248402791E+001  0.875455838468035E+005  0.116615812884993E+001 -0.119919352661342E+006 -0.401410215767100E+001  0.100000000000000E+001  0.000000000000000E+000  0.000000000000000E+000  0.000000000000000E+000  0.100000000000000E+001  0.000000000000000E+000  0.000000000000000E+000  0.000000000000000E+000  0.100000000000000E+001  0.590000000000000E+001  0.000000000000000E+000 -0.500000000000000E+000
  0.112500000000000E+001  0.490392393680535E+005 -0.122818386700237E+001  0.875496201421581E+005  0.116641570223146E+001 -0.119924832499842E+006 -0.401498910936061E+001  0.100000000000000E+001  0.000000000000000E+000  0.000000000000000E+000  0.000000000000000E+000  0.100000000000000E+001  0.000000000000000E+000  0.000000000000000E+000  0.000000000000000E+000  0.100000000000000E+001  0.590000000000000E+001  0.000000000000000E+000 -0.500000000000000E+000
  0.112812500000000E+001  0.490415448605825E+005 -0.122842170437798E+001  0.875532017183333E+005  0.116664143724483E+001 -0.119929443191749E+006 -0.401576641772408E+001  0.100000000000000E+001  0.000000000000000E+000  0.000000000000000E+000  0.000000000000000E+000  0.100000000000000E+001  0.000000000000000E+000  0.000000000000000E+000  0.000000000000000E+000  0.100000000000000E+001  0.590000000000000E+001  0.000000000000000E+000 -0.500000000000000E+000
  0.113125000000000E+001  0.490435837196993E+005 -0.122863102046540E+001  0.875565710850955E+005  0.116684010543395E+001 -0.119933420695927E+006 -0.401645051152445E+001  0.100000000000000E+001  0.000000000000000E+000  0.000000000000000E+000  0.000000000000000E+000  0.100000000000000E+001  0.000000000000000E+000  0.000000000000000E+000  0.000000000000000E+000  0.100000000000000E+001  0.590000000000000E+001  0.000000000000000E+000 -0.500000000000000E+000
  0.113437500000000E+001  0.490454176457159E+005 -0.122881659673294E+001  0.875598395727786E+005  0.116701623742119E+001 -0.119936947228378E+006 -0.401705701823812E+001  0.100000000000000E+001  0.000000000000000E+000  0.000000000000000E+000  0.000000000000000E+000  0.100000000000000E+001  0.000000000000000E+000  0.000000000000000E+000  0.000000000000000E+000  0.100000000000000E+001  0.590000000000000E+001  0.000000000000000E+000 -0.500000000000000E+000
  0.113750000000000E+001  0.490470835460115E+005 -0.122898187703686E+001  0.875628350921770E+005  0.116717311847606E+001 -0.119939984763938E+006 -0.401759721746203E+001  0.100000000000000E+001  0.000000000000000E+000  0.000000000000000E+000  0.000000000000000E+000  0.100000000000000E+001  0.000000000000000E+000  0.000000000000000E+000  0.000000000000000E+000  0.100000000000000E+001  0.590000000000000E+001  0.000000000000000E+000 -0.500000000000000E+000
  0.114062500000000E+001  0.490485794506491E+005 -0.122912871860899E+001  0.875652543278037E+005  0.116731250614976E+001 -0.119942406271249E+006 -0.401807716034818E+001  0.100000000000000E+001  0.000000000000000E+000  0.000000000000000E+000  0.000000000000000E+000  0.100000000000000E+001  0.000000000000000E+000  0.000000000000000E+000  0.000000000000000E+000  0.100000000000000E+001  0.590000000000000E+001  0.000000000000000E+000 -0.500000000000000E+000
  0.114375000000000E+001  0.490498519120813E+005 -0.122925677482272E+001  0.875666686754234E+005  0.116743405259331E+001 -0.119944044177507E+006 -0.401849560474511E+001  0.100000000000000E+001  0.000000000000000E+000  0.000000000000000E+000  0.000000000000000E+000  0.100000000000000E+001  0.000000000000000E+000  0.000000000000000E+000  0.000000000000000E+000  0.100000000000000E+001  0.590000000000000E+001  0.000000000000000E+000 -0.500000000000000E+000
  0.114687500000000E+001  0.490509469133324E+005 -0.122936825093348E+001  0.875678072059930E+005  0.116753987074480E+001 -0.119945328856770E+006 -0.401885992719326E+001  0.100000000000000E+001  0.000000000000000E+000  0.000000000000000E+000  0.000000000000000E+000  0.100000000000000E+001  0.000000000000000E+000  0.000000000000000E+000  0.000000000000000E+000  0.100000000000000E+001  0.590000000000000E+001  0.000000000000000E+000 -0.500000000000000E+000
  0.115000000000000E+001  0.490519091374582E+005 -0.122946610144572E+001  0.875690152741491E+005  0.116763275655103E+001 -0.119946519542237E+006 -0.401917971507646E+001  0.100000000000000E+001  0.000000000000000E+000  0.000000000000000E+000  0.000000000000000E+000  0.100000000000000E+001  0.000000000000000E+000  0.000000000000000E+000  0.000000000000000E+000  0.100000000000000E+001  0.590000000000000E+001  0.000000000000000E+000 -0.500000000000000E+000
  0.115312500000000E+001  0.490527795936311E+005 -0.122955317847664E+001  0.875704566085456E+005  0.116771541337948E+001 -0.119947750362959E+006 -0.401946427882649E+001  0.100000000000000E+001  0.000000000000000E+000  0.000000000000000E+000  0.000000000000000E+000  0.100000000000000E+001  0.000000000000000E+000  0.000000000000000E+000  0.000000000000000E+000  0.100000000000000E+001  0.590000000000000E+001  0.000000000000000E+000 -0.500000000000000E+000
  0.115625000000000E+001  0.490535982332155E+005 -0.122963268909371E+001  0.875723538117788E+005  0.116779088741168E+001 -0.119949157513937E+006 -0.401972412108444E+001  0.100000000000000E+001  0.000000000000000E+000  0.000000000000000E+000  0.000000000000000E+000  0.100000000000000E+001  0.000000000000000E+000  0.000000000000000E+000  0.000000000000000E+000  0.100000000000000E+001  0.590000000000000E+001  0.000000000000000E+000 -0.500000000000000E+000
  0.115937500000000E+001  0.490544055382228E+005 -0.122970815416193E+001  0.875749386591974E+005  0.116786251575104E+001 -0.119950862002620E+006 -0.401997073902749E+001  0.100000000000000E+001  0.000000000000000E+000  0.000000000000000E+000  0.000000000000000E+000  0.100000000000000E+001  0.000000000000000E+000  0.000000000000000E+000  0.000000000000000E+000  0.100000000000000E+001  0.590000000000000E+001  0.000000000000000E+000 -0.500000000000000E+000
  0.116250000000000E+001  0.490552137977086E+005 -0.122978047258221E+001  0.875774647634600E+005  0.116793116438203E+001 -0.119952469383374E+006 -0.402020710543729E+001  0.100000000000000E+001  0.000000000000000E+000  0.000000000000000E+000  0.000000000000000E+000  0.100000000000000E+001  0.000000000000000E+000  0.000000000000000E+000  0.000000000000000E+000  0.100000000000000E+001  0.590000000000000E+001  0.000000000000000E+000 -0.500000000000000E+000
  0.116562500000000E+001  0.490559673797648E+005 -0.122984667075798E+001  0.875787351718823E+005  0.116799399128649E+001 -0.119953282206515E+006 -0.402042341092601E+001  0.100000000000000E+001  0.000000000000000E+000  0.000000000000000E+000  0.000000000000000E+000  0.100000000000000E+001  0.000000000000000E+000  0.000000000000000E+000  0.000000000000000E+000  0.100000000000000E+001  0.590000000000000E+001  0.000000000000000E+000 -0.500000000000000E+000
  0.116875000000000E+001  0.490565541427462E+005 -0.122990251646843E+001  0.875784143773196E+005  0.116804699387285E+001 -0.119953100181354E+006 -0.402060589077882E+001  0.100000000000000E+001  0.000000000000000E+000  0.000000000000000E+000  0.000000000000000E+000  0.100000000000000E+001  0.000000000000000E+000  0.000000000000000E+000  0.000000000000000E+000  0.100000000000000E+001  0.590000000000000E+001  0.000000000000000E+000 -0.500000000000000E+000
  0.117187500000000E+001  0.490569399387610E+005 -0.122994561493397E+001  0.875769092542507E+005  0.116808790323557E+001 -0.119952189896509E+006 -0.402074671699665E+001  0.100000000000000E+001  0.000000000000000E+000  0.000000000000000E+000  0.000000000000000E+000  0.100000000000000E+001  0.000000000000000E+000  0.000000000000000E+000  0.000000000000000E+000  0.100000000000000E+001  0.590000000000000E+001  0.000000000000000E+000 -0.500000000000000E+000
  0.117500000000000E+001  0.490572312044169E+005 -0.122998103499413E+001  0.875765193767111E+005  0.116812152395141E+001 -0.119951900460033E+006 -0.402086246781982E+001  0.100000000000000E+001  0.000000000000000E+000  0.000000000000000E+000  0.000000000000000E+000  0.100000000000000E+001  0.000000000000000E+000  0.000000000000000E+000  0.000000000000000E+000  0.100000000000000E+001  0.590000000000000E+001  0.000000000000000E+000 -0.500000000000000E+000
  0.117812500000000E+001  0.490574925911753E+005 -0.123001089133322E+001  0.875765185873756E+005  0.116814986587269E+001 -0.119951932097344E+006 -0.402096005226485E+001  0.100000000000000E+001  0.000000000000000E+000  0.000000000000000E+000  0.000000000000000E+000  0.100000000000000E+001  0.000000000000000E+000  0.000000000000000E+000  0.000000000000000E+000  0.100000000000000E+001  0.590000000000000E+001  0.000000000000000E+000 -0.500000000000000E+000
  0.118125000000000E+001  0.490577344441146E+005 -0.123003644222626E+001  0.875766691949443E+005  0.116817412080127E+001 -0.119952131490780E+006 -0.402104355185293E+001  0.100000000000000E+001  0.000000000000000E+000  0.000000000000000E+000  0.000000000000000E+000  0.100000000000000E+001  0.000000000000000E+000  0.000000000000000E+000  0.000000000000000E+000  0.100000000000000E+001  0.590000000000000E+001  0.000000000000000E+000 -0.500000000000000E+000
  0.118437500000000E+001  0.490579505037927E+005 -0.123005861963611E+001  0.875768691765379E+005  0.116819516988471E+001 -0.119952388261379E+006 -0.402111603121739E+001  0.100000000000000E+001  0.000000000000000E+000  0.000000000000000E+000  0.000000000000000E+000  0.100000000000000E+001  0.000000000000000E+000  0.000000000000000E+000  0.000000000000000E+000  0.100000000000000E+001  0.590000000000000E+001  0.000000000000000E+000 -0.500000000000000E+000
  0.118750000000000E+001  0.490581385785812E+005 -0.123007793677971E+001  0.875770633087903E+005  0.116821351033286E+001 -0.119952636213969E+006 -0.402117916860152E+001  0.100000000000000E+001  0.000000000000000E+000  0.000000000000000E+000  0.000000000000000E+000  0.100000000000000E+001  0.000000000000000E+000  0.000000000000000E+000  0.000000000000000E+000  0.100000000000000E+001  0.590000000000000E+001  0.000000000000000E+000 -0.500000000000000E+000
  0.119062500000000E+001  0.490583000208413E+005 -0.123009472421836E+001  0.875772217873319E+005  0.116822944543674E+001 -0.119952848056655E+006 -0.402123403572477E+001  0.100000000000000E+001  0.000000000000000E+000  0.000000000000000E+000  0.000000000000000E+000  0.100000000000000E+001  0.000000000000000E+000  0.000000000000000E+000  0.000000000000000E+000  0.100000000000000E+001  0.590000000000000E+001  0.000000000000000E+000 -0.500000000000000E+000
  0.119375000000000E+001  0.490584375596989E+005 -0.123010918119689E+001  0.875773260501806E+005  0.116824316841667E+001 -0.119953012696083E+006 -0.402128127962351E+001  0.100000000000000E+001  0.000000000000000E+000  0.000000000000000E+000  0.000000000000000E+000  0.100000000000000E+001  0.000000000000000E+000  0.000000000000000E+000  0.000000000000000E+000  0.100000000000000E+001  0.590000000000000E+001  0.000000000000000E+000 -0.500000000000000E+000
  0.119687500000000E+001  0.490585571301894E+005 -0.123012179043144E+001  0.875774506731864E+005  0.116825513658114E+001 -0.119953173578002E+006 -0.402132248401176E+001  0.100000000000000E+001  0.000000000000000E+000  0.000000000000000E+000  0.000000000000000E+000  0.100000000000000E+001  0.000000000000000E+000  0.000000000000000E+000  0.000000000000000E+000  0.100000000000000E+001  0.590000000000000E+001  0.000000000000000E+000 -0.500000000000000E+000
  0.120000000000000E+001  0.490587600086121E+005 -0.123013924487168E+001  0.875798703886473E+005  0.116827143030241E+001 -0.119955213517137E+006 -0.402137738990132E+001  0.100000000000000E+001  0.000000000000000E+000  0.000000000000000E+000  0.000000000000000E+000  0.100000000000000E+001  0.000000000000000E+000  0.000000000000000E+000  0.000000000000000E+000  0.100000000000000E+001  0.590000000000000E+001  0.000000000000000E+000 -0.500000000000000E+000
  0.120312500000000E+001  0.490588983283333E+005 -0.123014796333155E+001  0.875780510495240E+005  0.116827983828261E+001 -0.119953886913440E+006 -0.402140874089673E+001  0.100000000000000E+001  0.000000000000000E+000  0.000000000000000E+000  0.000000000000000E+000  0.100000000000000E+001  0.000000000000000E+000  0.000000000000000E+000  0.000000000000000E+000  0.100000000000000E+001  0.590000000000000E+001  0.000000000000000E+000 -0.500000000000000E+000
  0.120625000000000E+001  0.490589554561628E+005 -0.123015652585309E+001  0.875781232347574E+005  0.116828795487527E+001 -0.119953898474897E+006 -0.402143673691899E+001  0.100000000000000E+001  0.000000000000000E+000  0.000000000000000E+000  0.000000000000000E+000  0.100000000000000E+001  0.000000000000000E+000  0.000000000000000E+000  0.000000000000000E+000  0.100000000000000E+001  0.590000000000000E+001  0.000000000000000E+000 -0.500000000000000E+000
  0.120937500000000E+001  0.490590103673627E+005 -0.123016401135828E+001  0.875781937880926E+005  0.116829505917849E+001 -0.119953933518879E+006 -0.402146120416000E+001  0.100000000000000E+001  0.000000000000000E+000  0.000000000000000E+000  0.000000000000000E+000  0.100000000000000E+001  0.000000000000000E+000  0.000000000000000E+000  0.000000000000000E+000  0.100000000000000E+001  0.590000000000000E+001  0.000000000000000E+000 -0.500000000000000E+000
  0.121250000000000E+001  0.490590709187009E+005 -0.123017050744966E+001  0.875782727268319E+005  0.116830122238025E+001 -0.119954009325698E+006 -0.402148244273849E+001  0.100000000000000E+001  0.000000000000000E+000  0.000000000000000E+000  0.000000000000000E+000  0.100000000000000E+001  0.000000000000000E+000  0.000000000000000E+000  0.000000000000000E+000  0.100000000000000E+001  0.590000000000000E+001  0.000000000000000E+000 -0.500000000000000E+000
  0.121562500000000E+001  0.490591296898957E+005 -0.123017618642189E+001  0.875783517531574E+005  0.116830661680433E+001 -0.119954099250963E+006 -0.402150101447478E+001  0.100000000000000E+001  0.000000000000000E+000  0.000000000000000E+000  0.000000000000000E+000  0.100000000000000E+001  0.000000000000000E+000  0.000000000000000E+000  0.000000000000000E+000  0.100000000000000E+001  0.590000000000000E+001  0.000000000000000E+000 -0.500000000000000E+000
  0.121875000000000E+001  0.490591807084248E+005 -0.123018127091927E+001  0.875784205187493E+005  0.116831144198659E+001 -0.119954177363104E+006 -0.402151762775611E+001  0.100000000000000E+001  0.000000000000000E+000  0.000000000000000E+000  0.000000000000000E+000  0.100000000000000E+001  0.000000000000000E+000  0.000000000000000E+000  0.000000000000000E+000  0.100000000000000E+001  0.590000000000000E+001  0.000000000000000E+000 -0.500000000000000E+000
  0.122187500000000E+001  0.490592244380550E+005 -0.123018567787949E+001  0.875784769839485E+005  0.116831562988227E+001 -0.119954240333117E+006 -0.402153203112539E+001  0.100000000000000E+001  0.000000000000000E+000  0.000000000000000E+000  0.000000000000000E+000  0.100000000000000E+001  0.000000000000000E+000  0.000000000000000E+000  0.000000000000000E+000  0.100000000000000E+001  0.590000000000000E+001  0.000000000000000E+000 -0.500000000000000E+000
  0.122500000000000E+001  0.490592620644232E+005 -0.123018956667511E+001  0.875785220528149E+005  0.116831932391506E+001 -0.119954290079662E+006 -0.402154475578573E+001  0.100000000000000E+001  0.000000000000000E+000  0.000000000000000E+000  0.000000000000000E+000  0.100000000000000E+001  0.000000000000000E+000  0.000000000000000E+000  0.000000000000000E+000  0.100000000000000E+001  0.590000000000000E+001  0.000000000000000E+000 -0.500000000000000E+000
  0.122812500000000E+001  0.490592950402306E+005 -0.123019294487312E+001  0.875785592398431E+005  0.116832253194298E+001 -0.119954331649925E+006 -0.402155579428654E+001  0.100000000000000E+001  0.000000000000000E+000  0.000000000000000E+000  0.000000000000000E+000  0.100000000000000E+001  0.000000000000000E+000  0.000000000000000E+000  0.000000000000000E+000  0.100000000000000E+001  0.590000000000000E+001  0.000000000000000E+000 -0.500000000000000E+000
  0.123125000000000E+001  0.490593240725999E+005 -0.123019590508193E+001  0.875785924701333E+005  0.116832534314017E+001 -0.119954367517859E+006 -0.402156546164770E+001  0.100000000000000E+001  0.000000000000000E+000  0.000000000000000E+000  0.000000000000000E+000  0.100000000000000E+001  0.000000000000000E+000  0.000000000000000E+000  0.000000000000000E+000  0.100000000000000E+001  0.590000000000000E+001  0.000000000000000E+000 -0.500000000000000E+000
  0.123437500000000E+001  0.490593497044542E+005 -0.123019851406571E+001  0.875786243394393E+005  0.116832782092388E+001 -0.119954399725614E+006 -0.402157399442513E+001  0.100000000000000E+001  0.000000000000000E+000  0.000000000000000E+000  0.000000000000000E+000  0.100000000000000E+001  0.000000000000000E+000  0.000000000000000E+000  0.000000000000000E+000  0.100000000000000E+001  0.590000000000000E+001  0.000000000000000E+000 -0.500000000000000E+000
  0.123750000000000E+001  0.490593725251241E+005 -0.123020080121933E+001  0.875786560808812E+005  0.116832999352482E+001 -0.119954429580633E+006 -0.402158146875445E+001  0.100000000000000E+001  0.000000000000000E+000  0.000000000000000E+000  0.000000000000000E+000  0.100000000000000E+001  0.000000000000000E+000  0.000000000000000E+000  0.000000000000000E+000  0.100000000000000E+001  0.590000000000000E+001  0.000000000000000E+000 -0.500000000000000E+000
  0.124062500000000E+001  0.490593929979703E+005 -0.123020285338862E+001  0.875786869345620E+005  0.116833194278297E+001 -0.119954456973360E+006 -0.402158817229792E+001  0.100000000000000E+001  0.000000000000000E+000  0.000000000000000E+000  0.000000000000000E+000  0.100000000000000E+001  0.000000000000000E+000  0.000000000000000E+000  0.000000000000000E+000  0.100000000000000E+001  0.590000000000000E+001  0.000000000000000E+000 -0.500000000000000E+000
  0.124375000000000E+001  0.490594113374280E+005 -0.123020464519504E+001  0.875787138285958E+005  0.116833364265040E+001 -0.119954480379057E+006 -0.402159403776750E+001  0.100000000000000E+001  0.000000000000000E+000  0.000000000000000E+000  0.000000000000000E+000  0.100000000000000E+001  0.000000000000000E+000  0.000000000000000E+000  0.000000000000000E+000  0.100000000000000E+001  0.590000000000000E+001  0.000000000000000E+000 -0.500000000000000E+000
  0.124687500000000E+001  0.490594274807473E+005 -0.123020626761718E+001  0.875787327006905E+005  0.116833518384374E+001 -0.119954497694446E+006 -0.402159933536313E+001  0.100000000000000E+001  0.000000000000000E+000  0.000000000000000E+000  0.000000000000000E+000  0.100000000000000E+001  0.000000000000000E+000  0.000000000000000E+000  0.000000000000000E+000  0.100000000000000E+001  0.590000000000000E+001  0.000000000000000E+000 -0.500000000000000E+000
  0.125000000000000E+001  0.490594412868698E+005 -0.123020763834938E+001  0.875787425532153E+005  0.116833648507600E+001 -0.119954508554627E+006 -0.402160381840076E+001  0.100000000000000E+001  0.000000000000000E+000  0.000000000000000E+000  0.000000000000000E+000  0.100000000000000E+001  0.000000000000000E+000  0.000000000000000E+000  0.000000000000000E+000  0.100000000000000E+001  0.590000000000000E+001  0.000000000000000E+000 -0.500000000000000E+000
  0.125312500000000E+001  0.490594528418340E+005 -0.123020884254947E+001  0.875787468985172E+005  0.116833763060276E+001 -0.119954515286329E+006 -0.402160776103847E+001  0.100000000000000E+001  0.000000000000000E+000  0.000000000000000E+000  0.000000000000000E+000  0.100000000000000E+001  0.000000000000000E+000  0.000000000000000E+000  0.000000000000000E+000  0.100000000000000E+001  0.590000000000000E+001  0.000000000000000E+000 -0.500000000000000E+000
  0.125625000000000E+001  0.490594626032410E+005 -0.123020982841263E+001  0.875787505792782E+005  0.116833856326411E+001 -0.119954521062423E+006 -0.402161097456701E+001  0.100000000000000E+001  0.000000000000000E+000  0.000000000000000E+000  0.000000000000000E+000  0.100000000000000E+001  0.000000000000000E+000  0.000000000000000E+000  0.000000000000000E+000  0.100000000000000E+001  0.590000000000000E+001  0.000000000000000E+000 -0.500000000000000E+000
  0.125937500000000E+001  0.490594709500069E+005 -0.123021071671974E+001  0.875787555823404E+005  0.116833940704237E+001 -0.119954527452547E+006 -0.402161387051456E+001  0.100000000000000E+001  0.000000000000000E+000  0.000000000000000E+000  0.000000000000000E+000  0.100000000000000E+001  0.000000000000000E+000  0.000000000000000E+000  0.000000000000000E+000  0.100000000000000E+001  0.590000000000000E+001  0.000000000000000E+000 -0.500000000000000E+000
  0.126250000000000E+001  0.490594782290283E+005 -0.123021146556130E+001  0.875787612843275E+005  0.116834011708852E+001 -0.119954534226235E+006 -0.402161632629577E+001  0.100000000000000E+001  0.000000000000000E+000  0.000000000000000E+000  0.000000000000000E+000  0.100000000000000E+001  0.000000000000000E+000  0.000000000000000E+000  0.000000000000000E+000  0.100000000000000E+001  0.590000000000000E+001  0.000000000000000E+000 -0.500000000000000E+000
  0.126562500000000E+001  0.490594845989178E+005 -0.123021212220192E+001  0.875787670044700E+005  0.116834074270446E+001 -0.119954540889315E+006 -0.402161847206298E+001  0.100000000000000E+001  0.000000000000000E+000  0.000000000000000E+000  0.000000000000000E+000  0.100000000000000E+001  0.000000000000000E+000  0.000000000000000E+000  0.000000000000000E+000  0.100000000000000E+001  0.590000000000000E+001  0.000000000000000E+000 -0.500000000000000E+000
  0.126875000000000E+001  0.490594901641932E+005 -0.123021269257879E+001  0.875787724154182E+005  0.116834128400660E+001 -0.119954547110695E+006 -0.402162033529021E+001  0.100000000000000E+001  0.000000000000000E+000  0.000000000000000E+000  0.000000000000000E+000  0.100000000000000E+001  0.000000000000000E+000  0.000000000000000E+000  0.000000000000000E+000  0.100000000000000E+001  0.590000000000000E+001  0.000000000000000E+000 -0.500000000000000E+000
  0.127187500000000E+001  0.490594950233043E+005 -0.123021318990504E+001  0.875787773193363E+005  0.116834175444092E+001 -0.119954552702461E+006 -0.402162196417339E+001  0.100000000000000E+001  0.000000000000000E+000  0.000000000000000E+000  0.000000000000000E+000  0.100000000000000E+001  0.000000000000000E+000  0.000000000000000E+000  0.000000000000000E+000  0.100000000000000E+001  0.590000000000000E+001  0.000000000000000E+000 -0.500000000000000E+000
  0.127500000000000E+001  0.490594992913664E+005 -0.123021363432053E+001  0.875787825938606E+005  0.116834217676660E+001 -0.119954558108860E+006 -0.402162342623342E+001  0.100000000000000E+001  0.000000000000000E+000  0.000000000000000E+000  0.000000000000000E+000  0.100000000000000E+001  0.000000000000000E+000  0.000000000000000E+000  0.000000000000000E+000  0.100000000000000E+001  0.590000000000000E+001  0.000000000000000E+000 -0.500000000000000E+000
  0.127812500000000E+001  0.490595031128088E+005 -0.123021400230937E+001  0.875787883915177E+005  0.116834252866101E+001 -0.119954563493934E+006 -0.402162463695277E+001  0.100000000000000E+001  0.000000000000000E+000  0.000000000000000E+000  0.000000000000000E+000  0.100000000000000E+001  0.000000000000000E+000  0.000000000000000E+000  0.000000000000000E+000  0.100000000000000E+001  0.590000000000000E+001  0.000000000000000E+000 -0.500000000000000E+000
  0.128125000000000E+001  0.490595065866056E+005 -0.123021434666589E+001  0.875787934324906E+005  0.116834285104414E+001 -0.119954568155557E+006 -0.402162574243266E+001  0.100000000000000E+001  0.000000000000000E+000  0.000000000000000E+000  0.000000000000000E+000  0.100000000000000E+001  0.000000000000000E+000  0.000000000000000E+000  0.000000000000000E+000  0.100000000000000E+001  0.590000000000000E+001  0.000000000000000E+000 -0.500000000000000E+000
  0.128437500000000E+001  0.490595096054878E+005 -0.123021465667989E+001  0.875787966022236E+005  0.116834314851440E+001 -0.119954571458931E+006 -0.402162676083390E+001  0.100000000000000E+001  0.000000000000000E+000  0.000000000000000E+000  0.000000000000000E+000  0.100000000000000E+001  0.000000000000000E+000  0.000000000000000E+000  0.000000000000000E+000  0.100000000000000E+001  0.590000000000000E+001  0.000000000000000E+000 -0.500000000000000E+000
  0.128750000000000E+001  0.490595120472339E+005 -0.123021489940584E+001  0.875787961282896E+005  0.116834337814362E+001 -0.119954572429717E+006 -0.402162755874451E+001  0.100000000000000E+001  0.000000000000000E+000  0.000000000000000E+000  0.000000000000000E+000  0.100000000000000E+001  0.000000000000000E+000  0.000000000000000E+000  0.000000000000000E+000  0.100000000000000E+001  0.590000000000000E+001  0.000000000000000E+000 -0.500000000000000E+000
  0.129062500000000E+001  0.490595141121767E+005 -0.123021512717241E+001  0.875787977142542E+005  0.116834359554923E+001 -0.119954574278169E+006 -0.402162830077577E+001  0.100000000000000E+001  0.000000000000000E+000  0.000000000000000E+000  0.000000000000000E+000  0.100000000000000E+001  0.000000000000000E+000  0.000000000000000E+000  0.000000000000000E+000  0.100000000000000E+001  0.590000000000000E+001  0.000000000000000E+000 -0.500000000000000E+000
  0.129375000000000E+001  0.490595159377726E+005 -0.123021531774430E+001  0.875787995749622E+005  0.116834377465420E+001 -0.119954576247048E+006 -0.402162892778870E+001  0.100000000000000E+001  0.000000000000000E+000  0.000000000000000E+000  0.000000000000000E+000  0.100000000000000E+001  0.000000000000000E+000  0.000000000000000E+000  0.000000000000000E+000  0.100000000000000E+001  0.590000000000000E+001  0.000000000000000E+000 -0.500000000000000E+000
  0.129687500000000E+001  0.490595175628467E+005 -0.123021549265832E+001  0.875788013232162E+005  0.116834394205944E+001 -0.119954578130441E+006 -0.402162949379999E+001  0.100000000000000E+001  0.000000000000000E+000  0.000000000000000E+000  0.000000000000000E+000  0.100000000000000E+001  0.000000000000000E+000  0.000000000000000E+000  0.000000000000000E+000  0.100000000000000E+001  0.590000000000000E+001  0.000000000000000E+000 -0.500000000000000E+000
  0.130000000000000E+001  0.490595189935011E+005 -0.123021563421935E+001  0.875788028801571E+005  0.116834407622810E+001 -0.119954579826513E+006 -0.402162995189428E+001  0.100000000000000E+001  0.000000000000000E+000  0.000000000000000E+000  0.000000000000000E+000  0.100000000000000E+001  0.000000000000000E+000  0.000000000000000E+000  0.000000000000000E+000  0.100000000000000E+001  0.590000000000000E+001  0.000000000000000E+000 -0.500000000000000E+000
  0.130000000000000E+001  0.490595202414239E+005 -0.123021574510494E+001  0.875788042281501E+005  0.116834418071085E+001 -0.119954581293102E+006 -0.402163031662349E+001  0.100000000000000E+001  0.000000000000000E+000  0.000000000000000E+000  0.000000000000000E+000  0.100000000000000E+001  0.000000000000000E+000  0.000000000000000E+000  0.000000000000000E+000  0.100000000000000E+001  0.590000000000000E+001  0.000000000000000E+000 -0.500000000000000E+000

