 # Integral loads: N.components: 2
 #                 Ref.sys     : Stability
 #                 Components  : fuselage_right , fuselage_left
 #  t , Fx , Fy , Fz , Mx , My , Mz , ref_mat(9) , ref_off(3) 
  0.100000000000000E+001  0.386672138897448E+005 -0.326336659018125E-001 -0.167530362912438E+005  0.309424495080748E-001  0.208919262948128E+005 -0.106256100363680E+000  0.100000000000000E+001  0.000000000000000E+000  0.000000000000000E+000  0.000000000000000E+000  0.100000000000000E+001  0.000000000000000E+000  0.000000000000000E+000  0.000000000000000E+000  0.100000000000000E+001  0.590000000000000E+001  0.000000000000000E+000 -0.500000000000000E+000
  0.100312500000000E+001  0.773851263255745E+004 -0.332527576483699E-001  0.575754455931368E+004  0.315686651874785E-001 -0.298522510459418E+005 -0.108911738090683E+000  0.100000000000000E+001  0.000000000000000E+000  0.000000000000000E+000  0.000000000000000E+000  0.100000000000000E+001  0.000000000000000E+000  0.000000000000000E+000  0.000000000000000E+000  0.100000000000000E+001  0.590000000000000E+001  0.000000000000000E+000 -0.500000000000000E+000
  0.100625000000000E+001  0.773658437294811E+004 -0.332648467538093E-001  0.577271340524897E+004  0.315805985346742E-001 -0.298893553253829E+005 -0.108946191336145E+000  0.100000000000000E+001  0.000000000000000E+000  0.000000000000000E+000  0.000000000000000E+000  0.100000000000000E+001  0.000000000000000E+000  0.000000000000000E+000  0.000000000000000E+000  0.100000000000000E+001  0.590000000000000E+001  0.000000000000000E+000 -0.500000000000000E+000
  0.100937500000000E+001  0.773554085765096E+004 -0.332758975182514E-001  0.577128226026801E+004  0.315911167881495E-001 -0.298884738068180E+005 -0.108981001718348E+000  0.100000000000000E+001  0.000000000000000E+000  0.000000000000000E+000  0.000000000000000E+000  0.100000000000000E+001  0.000000000000000E+000  0.000000000000000E+000  0.000000000000000E+000  0.100000000000000E+001  0.590000000000000E+001  0.000000000000000E+000 -0.500000000000000E+000
  0.101250000000000E+001  0.773341138404150E+004 -0.333036188058031E-001  0.576707447497777E+004  0.316173528144645E-001 -0.298791782608643E+005 -0.109070958180382E+000  0.100000000000000E+001  0.000000000000000E+000  0.000000000000000E+000  0.000000000000000E+000  0.100000000000000E+001  0.000000000000000E+000  0.000000000000000E+000  0.000000000000000E+000  0.100000000000000E+001  0.590000000000000E+001  0.000000000000000E+000 -0.500000000000000E+000
  0.101562500000000E+001  0.773074228755352E+004 -0.333525212954555E-001  0.576183558469965E+004  0.316636508277952E-001 -0.298679552481616E+005 -0.109230456961086E+000  0.100000000000000E+001  0.000000000000000E+000  0.000000000000000E+000  0.000000000000000E+000  0.100000000000000E+001  0.000000000000000E+000  0.000000000000000E+000  0.000000000000000E+000  0.100000000000000E+001  0.590000000000000E+001  0.000000000000000E+000 -0.500000000000000E+000
  0.101875000000000E+001  0.772866784607493E+004 -0.334114581983158E-001  0.575817368542707E+004  0.317193268838309E-001 -0.298618882202715E+005 -0.109422943300160E+000  0.100000000000000E+001  0.000000000000000E+000  0.000000000000000E+000  0.000000000000000E+000  0.100000000000000E+001  0.000000000000000E+000  0.000000000000000E+000  0.000000000000000E+000  0.100000000000000E+001  0.590000000000000E+001  0.000000000000000E+000 -0.500000000000000E+000
  0.102187500000000E+001  0.772697042766410E+004 -0.334772367368714E-001  0.575629853147652E+004  0.317814009376889E-001 -0.298600714460115E+005 -0.109637886336714E+000  0.100000000000000E+001  0.000000000000000E+000  0.000000000000000E+000  0.000000000000000E+000  0.100000000000000E+001  0.000000000000000E+000  0.000000000000000E+000  0.000000000000000E+000  0.100000000000000E+001  0.590000000000000E+001  0.000000000000000E+000 -0.500000000000000E+000
  0.102500000000000E+001  0.772632086085480E+004 -0.335250959742552E-001  0.575613665963627E+004  0.318264632815044E-001 -0.298621689987959E+005 -0.109794321335357E+000  0.100000000000000E+001  0.000000000000000E+000  0.000000000000000E+000  0.000000000000000E+000  0.100000000000000E+001  0.000000000000000E+000  0.000000000000000E+000  0.000000000000000E+000  0.100000000000000E+001  0.590000000000000E+001  0.000000000000000E+000 -0.500000000000000E+000
  0.102812500000000E+001  0.772660698426592E+004 -0.335541400781949E-001  0.575680616053564E+004  0.318537098410161E-001 -0.298653663254918E+005 -0.109889385050337E+000  0.100000000000000E+001  0.000000000000000E+000  0.000000000000000E+000  0.000000000000000E+000  0.100000000000000E+001  0.000000000000000E+000  0.000000000000000E+000  0.000000000000000E+000  0.100000000000000E+001  0.590000000000000E+001  0.000000000000000E+000 -0.500000000000000E+000
  0.103125000000000E+001  0.772742231355210E+004 -0.335720406583278E-001  0.575711619929559E+004  0.318704164665178E-001 -0.298675537573279E+005 -0.109948078963498E+000  0.100000000000000E+001  0.000000000000000E+000  0.000000000000000E+000  0.000000000000000E+000  0.100000000000000E+001  0.000000000000000E+000  0.000000000000000E+000  0.000000000000000E+000  0.100000000000000E+001  0.590000000000000E+001  0.000000000000000E+000 -0.500000000000000E+000
  0.103437500000000E+001  0.772851001033969E+004 -0.335837070215348E-001  0.575548493446072E+004  0.318811999468380E-001 -0.298667180022707E+005 -0.109986384417425E+000  0.100000000000000E+001  0.000000000000000E+000  0.000000000000000E+000  0.000000000000000E+000  0.100000000000000E+001  0.000000000000000E+000  0.000000000000000E+000  0.000000000000000E+000  0.100000000000000E+001  0.590000000000000E+001  0.000000000000000E+000 -0.500000000000000E+000
  0.103750000000000E+001  0.772946520914957E+004 -0.335914990373567E-001  0.575379098811879E+004  0.318883772215486E-001 -0.298647831460155E+005 -0.110011884680716E+000  0.100000000000000E+001  0.000000000000000E+000  0.000000000000000E+000  0.000000000000000E+000  0.100000000000000E+001  0.000000000000000E+000  0.000000000000000E+000  0.000000000000000E+000  0.100000000000000E+001  0.590000000000000E+001  0.000000000000000E+000 -0.500000000000000E+000
  0.104062500000000E+001  0.773014306090211E+004 -0.335965501144528E-001  0.575341073941367E+004  0.318930901075873E-001 -0.298642197052734E+005 -0.110028218292427E+000  0.100000000000000E+001  0.000000000000000E+000  0.000000000000000E+000  0.000000000000000E+000  0.100000000000000E+001  0.000000000000000E+000  0.000000000000000E+000  0.000000000000000E+000  0.100000000000000E+001  0.590000000000000E+001  0.000000000000000E+000 -0.500000000000000E+000
  0.104375000000000E+001  0.773055261801140E+004 -0.335991401807405E-001  0.575344280518541E+004  0.318955776010625E-001 -0.298640784684297E+005 -0.110036447265884E+000  0.100000000000000E+001  0.000000000000000E+000  0.000000000000000E+000  0.000000000000000E+000  0.100000000000000E+001  0.000000000000000E+000  0.000000000000000E+000  0.000000000000000E+000  0.100000000000000E+001  0.590000000000000E+001  0.000000000000000E+000 -0.500000000000000E+000
  0.104687500000000E+001  0.773092945310375E+004 -0.335987056641898E-001  0.575387265968623E+004  0.318952202023866E-001 -0.298653453294014E+005 -0.110034821645968E+000  0.100000000000000E+001  0.000000000000000E+000  0.000000000000000E+000  0.000000000000000E+000  0.100000000000000E+001  0.000000000000000E+000  0.000000000000000E+000  0.000000000000000E+000  0.100000000000000E+001  0.590000000000000E+001  0.000000000000000E+000 -0.500000000000000E+000
  0.105000000000000E+001  0.773144720670605E+004 -0.335952756031475E-001  0.575474035554708E+004  0.318919875189749E-001 -0.298680721242744E+005 -0.110023474626360E+000  0.100000000000000E+001  0.000000000000000E+000  0.000000000000000E+000  0.000000000000000E+000  0.100000000000000E+001  0.000000000000000E+000  0.000000000000000E+000  0.000000000000000E+000  0.100000000000000E+001  0.590000000000000E+001  0.000000000000000E+000 -0.500000000000000E+000
  0.105312500000000E+001  0.773172696777893E+004 -0.335948655392713E-001  0.575531295860584E+004  0.318915844327421E-001 -0.298700347763733E+005 -0.110022049262625E+000  0.100000000000000E+001  0.000000000000000E+000  0.000000000000000E+000  0.000000000000000E+000  0.100000000000000E+001  0.000000000000000E+000  0.000000000000000E+000  0.000000000000000E+000  0.100000000000000E+001  0.590000000000000E+001  0.000000000000000E+000 -0.500000000000000E+000
  0.105625000000000E+001  0.773178485719927E+004 -0.335949588479707E-001  0.575544394184974E+004  0.318916600526791E-001 -0.298706748762842E+005 -0.110022296961688E+000  0.100000000000000E+001  0.000000000000000E+000  0.000000000000000E+000  0.000000000000000E+000  0.100000000000000E+001  0.000000000000000E+000  0.000000000000000E+000  0.000000000000000E+000  0.100000000000000E+001  0.590000000000000E+001  0.000000000000000E+000 -0.500000000000000E+000
  0.105937500000000E+001  0.773174989038220E+004 -0.335935659713869E-001  0.575523932049825E+004  0.318903391453205E-001 -0.298702339064934E+005 -0.110017706676445E+000  0.100000000000000E+001  0.000000000000000E+000  0.000000000000000E+000  0.000000000000000E+000  0.100000000000000E+001  0.000000000000000E+000  0.000000000000000E+000  0.000000000000000E+000  0.100000000000000E+001  0.590000000000000E+001  0.000000000000000E+000 -0.500000000000000E+000
  0.106250000000000E+001  0.773169789391518E+004 -0.335911222973664E-001  0.575485326337809E+004  0.318880331715263E-001 -0.298691673596808E+005 -0.110009686981357E+000  0.100000000000000E+001  0.000000000000000E+000  0.000000000000000E+000  0.000000000000000E+000  0.100000000000000E+001  0.000000000000000E+000  0.000000000000000E+000  0.000000000000000E+000  0.100000000000000E+001  0.590000000000000E+001  0.000000000000000E+000 -0.500000000000000E+000
  0.106562500000000E+001  0.773166667088165E+004 -0.335883496973111E-001  0.575441501484401E+004  0.318854075121635E-001 -0.298678562168374E+005 -0.110000580083579E+000  0.100000000000000E+001  0.000000000000000E+000  0.000000000000000E+000  0.000000000000000E+000  0.100000000000000E+001  0.000000000000000E+000  0.000000000000000E+000  0.000000000000000E+000  0.100000000000000E+001  0.590000000000000E+001  0.000000000000000E+000 -0.500000000000000E+000
  0.106875000000000E+001  0.773166777682738E+004 -0.335857020272670E-001  0.575401769427856E+004  0.318828862491500E-001 -0.298666027421074E+005 -0.109991878704022E+000  0.100000000000000E+001  0.000000000000000E+000  0.000000000000000E+000  0.000000000000000E+000  0.100000000000000E+001  0.000000000000000E+000  0.000000000000000E+000  0.000000000000000E+000  0.100000000000000E+001  0.590000000000000E+001  0.000000000000000E+000 -0.500000000000000E+000
  0.107187500000000E+001  0.773169459855105E+004 -0.335833667522820E-001  0.575369969402018E+004  0.318806548648354E-001 -0.298655650057602E+005 -0.109984204504144E+000  0.100000000000000E+001  0.000000000000000E+000  0.000000000000000E+000  0.000000000000000E+000  0.100000000000000E+001  0.000000000000000E+000  0.000000000000000E+000  0.000000000000000E+000  0.100000000000000E+001  0.590000000000000E+001  0.000000000000000E+000 -0.500000000000000E+000
  0.107500000000000E+001  0.773173148233158E+004 -0.335813552810578E-001  0.575344149892566E+004  0.318787305050137E-001 -0.298647143516267E+005 -0.109977620435529E+000  0.100000000000000E+001  0.000000000000000E+000  0.000000000000000E+000  0.000000000000000E+000  0.100000000000000E+001  0.000000000000000E+000  0.000000000000000E+000  0.000000000000000E+000  0.100000000000000E+001  0.590000000000000E+001  0.000000000000000E+000 -0.500000000000000E+000
  0.107812500000000E+001  0.773176220988708E+004 -0.335796626659430E-001  0.575326465695460E+004  0.318771060519794E-001 -0.298641596803023E+005 -0.109972101850872E+000  0.100000000000000E+001  0.000000000000000E+000  0.000000000000000E+000  0.000000000000000E+000  0.100000000000000E+001  0.000000000000000E+000  0.000000000000000E+000  0.000000000000000E+000  0.100000000000000E+001  0.590000000000000E+001  0.000000000000000E+000 -0.500000000000000E+000
  0.108125000000000E+001  0.773178799744766E+004 -0.335782849615498E-001  0.575317456687087E+004  0.318757784662012E-001 -0.298639226755410E+005 -0.109967624091951E+000  0.100000000000000E+001  0.000000000000000E+000  0.000000000000000E+000  0.000000000000000E+000  0.100000000000000E+001  0.000000000000000E+000  0.000000000000000E+000  0.000000000000000E+000  0.100000000000000E+001  0.590000000000000E+001  0.000000000000000E+000 -0.500000000000000E+000
  0.108437500000000E+001  0.773181265937338E+004 -0.335771844056580E-001  0.575313199762023E+004  0.318747144519875E-001 -0.298638442070044E+005 -0.109964051258430E+000  0.100000000000000E+001  0.000000000000000E+000  0.000000000000000E+000  0.000000000000000E+000  0.100000000000000E+001  0.000000000000000E+000  0.000000000000000E+000  0.000000000000000E+000  0.100000000000000E+001  0.590000000000000E+001  0.000000000000000E+000 -0.500000000000000E+000
  0.108750000000000E+001  0.773183664468065E+004 -0.335763068342203E-001  0.575310932864086E+004  0.318738633704925E-001 -0.298638208227189E+005 -0.109961205605941E+000  0.100000000000000E+001  0.000000000000000E+000  0.000000000000000E+000  0.000000000000000E+000  0.100000000000000E+001  0.000000000000000E+000  0.000000000000000E+000  0.000000000000000E+000  0.100000000000000E+001  0.590000000000000E+001  0.000000000000000E+000 -0.500000000000000E+000
  0.109062500000000E+001  0.773175492581616E+004 -0.335798953638005E-001  0.575782991128364E+004  0.318771359206949E-001 -0.298660085518307E+005 -0.109972492682573E+000  0.100000000000000E+001  0.000000000000000E+000  0.000000000000000E+000  0.000000000000000E+000  0.100000000000000E+001  0.000000000000000E+000  0.000000000000000E+000  0.000000000000000E+000  0.100000000000000E+001  0.590000000000000E+001  0.000000000000000E+000 -0.500000000000000E+000
  0.109375000000000E+001  0.773175717319568E+004 -0.335839887920883E-001  0.575816785745923E+004  0.318805000897555E-001 -0.298659292474386E+005 -0.109983451664448E+000  0.100000000000000E+001  0.000000000000000E+000  0.000000000000000E+000  0.000000000000000E+000  0.100000000000000E+001  0.000000000000000E+000  0.000000000000000E+000  0.000000000000000E+000  0.100000000000000E+001  0.590000000000000E+001  0.000000000000000E+000 -0.500000000000000E+000
  0.109687500000000E+001  0.773182753115916E+004 -0.335837659149547E-001  0.575522537977740E+004  0.318806519280770E-001 -0.298643811377992E+005 -0.109985204337136E+000  0.100000000000000E+001  0.000000000000000E+000  0.000000000000000E+000  0.000000000000000E+000  0.100000000000000E+001  0.000000000000000E+000  0.000000000000000E+000  0.000000000000000E+000  0.100000000000000E+001  0.590000000000000E+001  0.000000000000000E+000 -0.500000000000000E+000
  0.110000000000000E+001  0.773186022454145E+004 -0.335837622824329E-001  0.575451551212501E+004  0.318806978293651E-001 -0.298639631474841E+005 -0.109985603405221E+000  0.100000000000000E+001  0.000000000000000E+000  0.000000000000000E+000  0.000000000000000E+000  0.100000000000000E+001  0.000000000000000E+000  0.000000000000000E+000  0.000000000000000E+000  0.100000000000000E+001  0.590000000000000E+001  0.000000000000000E+000 -0.500000000000000E+000
  0.110312500000000E+001  0.773188448818391E+004 -0.335837324200838E-001  0.575428517986463E+004  0.318806745972324E-001 -0.298638131130267E+005 -0.109985612831224E+000  0.100000000000000E+001  0.000000000000000E+000  0.000000000000000E+000  0.000000000000000E+000  0.100000000000000E+001  0.000000000000000E+000  0.000000000000000E+000  0.000000000000000E+000  0.100000000000000E+001  0.590000000000000E+001  0.000000000000000E+000 -0.500000000000000E+000
  0.110625000000000E+001  0.773190662269552E+004 -0.335836587473750E-001  0.575416800285993E+004  0.318806047744147E-001 -0.298637377068786E+005 -0.109985429731751E+000  0.100000000000000E+001  0.000000000000000E+000  0.000000000000000E+000  0.000000000000000E+000  0.100000000000000E+001  0.000000000000000E+000  0.000000000000000E+000  0.000000000000000E+000  0.100000000000000E+001  0.590000000000000E+001  0.000000000000000E+000 -0.500000000000000E+000
  0.110937500000000E+001  0.773192707481574E+004 -0.335835579080594E-001  0.575409633940796E+004  0.318805084270934E-001 -0.298636938259039E+005 -0.109985139399214E+000  0.100000000000000E+001  0.000000000000000E+000  0.000000000000000E+000  0.000000000000000E+000  0.100000000000000E+001  0.000000000000000E+000  0.000000000000000E+000  0.000000000000000E+000  0.100000000000000E+001  0.590000000000000E+001  0.000000000000000E+000 -0.500000000000000E+000
  0.111250000000000E+001  0.773194552099093E+004 -0.335834452107520E-001  0.575405249871489E+004  0.318804004527919E-001 -0.298636662251103E+005 -0.109984798193182E+000  0.100000000000000E+001  0.000000000000000E+000  0.000000000000000E+000  0.000000000000000E+000  0.100000000000000E+001  0.000000000000000E+000  0.000000000000000E+000  0.000000000000000E+000  0.100000000000000E+001  0.590000000000000E+001  0.000000000000000E+000 -0.500000000000000E+000
  0.111562500000000E+001  0.773196159268172E+004 -0.335833313656622E-001  0.575402809221819E+004  0.318802911215244E-001 -0.298636470532214E+005 -0.109984446495218E+000  0.100000000000000E+001  0.000000000000000E+000  0.000000000000000E+000  0.000000000000000E+000  0.100000000000000E+001  0.000000000000000E+000  0.000000000000000E+000  0.000000000000000E+000  0.100000000000000E+001  0.590000000000000E+001  0.000000000000000E+000 -0.500000000000000E+000
  0.111875000000000E+001  0.773197493346739E+004 -0.335832410983130E-001  0.575401842191776E+004  0.318802038909780E-001 -0.298636323718424E+005 -0.109984161870671E+000  0.100000000000000E+001  0.000000000000000E+000  0.000000000000000E+000  0.000000000000000E+000  0.100000000000000E+001  0.000000000000000E+000  0.000000000000000E+000  0.000000000000000E+000  0.100000000000000E+001  0.590000000000000E+001  0.000000000000000E+000 -0.500000000000000E+000
  0.112187500000000E+001  0.773198550903477E+004 -0.335831812117249E-001  0.575402224838201E+004  0.318801451785475E-001 -0.298636216775435E+005 -0.109983972939517E+000  0.100000000000000E+001  0.000000000000000E+000  0.000000000000000E+000  0.000000000000000E+000  0.100000000000000E+001  0.000000000000000E+000  0.000000000000000E+000  0.000000000000000E+000  0.100000000000000E+001  0.590000000000000E+001  0.000000000000000E+000 -0.500000000000000E+000
  0.112500000000000E+001  0.773224508698656E+004 -0.335762763934326E-001  0.574520551488319E+004  0.318736007093321E-001 -0.298603576427530E+005 -0.109961405509239E+000  0.100000000000000E+001  0.000000000000000E+000  0.000000000000000E+000  0.000000000000000E+000  0.100000000000000E+001  0.000000000000000E+000  0.000000000000000E+000  0.000000000000000E+000  0.100000000000000E+001  0.590000000000000E+001  0.000000000000000E+000 -0.500000000000000E+000
  0.112812500000000E+001  0.773249149074410E+004 -0.335650298802648E-001  0.573911639267324E+004  0.318629365101515E-001 -0.298582173144411E+005 -0.109924684267753E+000  0.100000000000000E+001  0.000000000000000E+000  0.000000000000000E+000  0.000000000000000E+000  0.100000000000000E+001  0.000000000000000E+000  0.000000000000000E+000  0.000000000000000E+000  0.100000000000000E+001  0.590000000000000E+001  0.000000000000000E+000 -0.500000000000000E+000
  0.113125000000000E+001  0.773251613390525E+004 -0.335565832883731E-001  0.574166730085854E+004  0.318549139228708E-001 -0.298597613652855E+005 -0.109897167170857E+000  0.100000000000000E+001  0.000000000000000E+000  0.000000000000000E+000  0.000000000000000E+000  0.100000000000000E+001  0.000000000000000E+000  0.000000000000000E+000  0.000000000000000E+000  0.100000000000000E+001  0.590000000000000E+001  0.000000000000000E+000 -0.500000000000000E+000
  0.113437500000000E+001  0.773241323947951E+004 -0.335532119788695E-001  0.574738102159618E+004  0.318516923534844E-001 -0.298624662285351E+005 -0.109886159672897E+000  0.100000000000000E+001  0.000000000000000E+000  0.000000000000000E+000  0.000000000000000E+000  0.100000000000000E+001  0.000000000000000E+000  0.000000000000000E+000  0.000000000000000E+000  0.100000000000000E+001  0.590000000000000E+001  0.000000000000000E+000 -0.500000000000000E+000
  0.113750000000000E+001  0.773209536825525E+004 -0.335597226858226E-001  0.575913647736670E+004  0.318578388687456E-001 -0.298678255942240E+005 -0.109907408830622E+000  0.100000000000000E+001  0.000000000000000E+000  0.000000000000000E+000  0.000000000000000E+000  0.100000000000000E+001  0.000000000000000E+000  0.000000000000000E+000  0.000000000000000E+000  0.100000000000000E+001  0.590000000000000E+001  0.000000000000000E+000 -0.500000000000000E+000
  0.114062500000000E+001  0.773218367945623E+004 -0.335610104557418E-001  0.575348943827873E+004  0.318590768429203E-001 -0.298650811315887E+005 -0.109911620660569E+000  0.100000000000000E+001  0.000000000000000E+000  0.000000000000000E+000  0.000000000000000E+000  0.100000000000000E+001  0.000000000000000E+000  0.000000000000000E+000  0.000000000000000E+000  0.100000000000000E+001  0.590000000000000E+001  0.000000000000000E+000 -0.500000000000000E+000
  0.114375000000000E+001  0.773219774083585E+004 -0.335610184829420E-001  0.575195930156922E+004  0.318590903480072E-001 -0.298642630096748E+005 -0.109911659463251E+000  0.100000000000000E+001  0.000000000000000E+000  0.000000000000000E+000  0.000000000000000E+000  0.100000000000000E+001  0.000000000000000E+000  0.000000000000000E+000  0.000000000000000E+000  0.100000000000000E+001  0.590000000000000E+001  0.000000000000000E+000 -0.500000000000000E+000
  0.114687500000000E+001  0.773218995501514E+004 -0.335608424957172E-001  0.575162400729847E+004  0.318589239741414E-001 -0.298640471246929E+005 -0.109911094630661E+000  0.100000000000000E+001  0.000000000000000E+000  0.000000000000000E+000  0.000000000000000E+000  0.100000000000000E+001  0.000000000000000E+000  0.000000000000000E+000  0.000000000000000E+000  0.100000000000000E+001  0.590000000000000E+001  0.000000000000000E+000 -0.500000000000000E+000
  0.115000000000000E+001  0.773218161147317E+004 -0.335606567550712E-001  0.575151531736403E+004  0.318587465071687E-001 -0.298639711600852E+005 -0.109910497012606E+000  0.100000000000000E+001  0.000000000000000E+000  0.000000000000000E+000  0.000000000000000E+000  0.100000000000000E+001  0.000000000000000E+000  0.000000000000000E+000  0.000000000000000E+000  0.100000000000000E+001  0.590000000000000E+001  0.000000000000000E+000 -0.500000000000000E+000
  0.115312500000000E+001  0.773217745805445E+004 -0.335604682786652E-001  0.575145835716666E+004  0.318585655986681E-001 -0.298639455306941E+005 -0.109909887411050E+000  0.100000000000000E+001  0.000000000000000E+000  0.000000000000000E+000  0.000000000000000E+000  0.100000000000000E+001  0.000000000000000E+000  0.000000000000000E+000  0.000000000000000E+000  0.100000000000000E+001  0.590000000000000E+001  0.000000000000000E+000 -0.500000000000000E+000
  0.115625000000000E+001  0.773217758298816E+004 -0.335602699742594E-001  0.575142568008456E+004  0.318583744647185E-001 -0.298639464027760E+005 -0.109909245165909E+000  0.100000000000000E+001  0.000000000000000E+000  0.000000000000000E+000  0.000000000000000E+000  0.100000000000000E+001  0.000000000000000E+000  0.000000000000000E+000  0.000000000000000E+000  0.100000000000000E+001  0.590000000000000E+001  0.000000000000000E+000 -0.500000000000000E+000
  0.115937500000000E+001  0.773218129630899E+004 -0.335600642138161E-001  0.575141612019990E+004  0.318581761839596E-001 -0.298639635498332E+005 -0.109908577473107E+000  0.100000000000000E+001  0.000000000000000E+000  0.000000000000000E+000  0.000000000000000E+000  0.100000000000000E+001  0.000000000000000E+000  0.000000000000000E+000  0.000000000000000E+000  0.100000000000000E+001  0.590000000000000E+001  0.000000000000000E+000 -0.500000000000000E+000
  0.116250000000000E+001  0.773219228927968E+004 -0.335597402772692E-001  0.575126585937655E+004  0.318578662718210E-001 -0.298639039267970E+005 -0.109907523717993E+000  0.100000000000000E+001  0.000000000000000E+000  0.000000000000000E+000  0.000000000000000E+000  0.100000000000000E+001  0.000000000000000E+000  0.000000000000000E+000  0.000000000000000E+000  0.100000000000000E+001  0.590000000000000E+001  0.000000000000000E+000 -0.500000000000000E+000
  0.116562500000000E+001  0.773220162020952E+004 -0.335594042498997E-001  0.575119704529812E+004  0.318575454703023E-001 -0.298639085227934E+005 -0.109906432269781E+000  0.100000000000000E+001  0.000000000000000E+000  0.000000000000000E+000  0.000000000000000E+000  0.100000000000000E+001  0.000000000000000E+000  0.000000000000000E+000  0.000000000000000E+000  0.100000000000000E+001  0.590000000000000E+001  0.000000000000000E+000 -0.500000000000000E+000
  0.116875000000000E+001  0.773220312711875E+004 -0.335592613009794E-001  0.575138708535991E+004  0.318574067123336E-001 -0.298640145710065E+005 -0.109905964494828E+000  0.100000000000000E+001  0.000000000000000E+000  0.000000000000000E+000  0.000000000000000E+000  0.100000000000000E+001  0.000000000000000E+000  0.000000000000000E+000  0.000000000000000E+000  0.100000000000000E+001  0.590000000000000E+001  0.000000000000000E+000 -0.500000000000000E+000
  0.117187500000000E+001  0.773220861098724E+004 -0.335591033490346E-001  0.575135384713808E+004  0.318572561163819E-001 -0.298640144226452E+005 -0.109905451779923E+000  0.100000000000000E+001  0.000000000000000E+000  0.000000000000000E+000  0.000000000000000E+000  0.100000000000000E+001  0.000000000000000E+000  0.000000000000000E+000  0.000000000000000E+000  0.100000000000000E+001  0.590000000000000E+001  0.000000000000000E+000 -0.500000000000000E+000
  0.117500000000000E+001  0.773221210316822E+004 -0.335589803999028E-001  0.575139027217400E+004  0.318571384177631E-001 -0.298640395945364E+005 -0.109905049754161E+000  0.100000000000000E+001  0.000000000000000E+000  0.000000000000000E+000  0.000000000000000E+000  0.100000000000000E+001  0.000000000000000E+000  0.000000000000000E+000  0.000000000000000E+000  0.100000000000000E+001  0.590000000000000E+001  0.000000000000000E+000 -0.500000000000000E+000
  0.117812500000000E+001  0.773221573978277E+004 -0.335588626785466E-001  0.575139111262039E+004  0.318570263243600E-001 -0.298640491898907E+005 -0.109904665598151E+000  0.100000000000000E+001  0.000000000000000E+000  0.000000000000000E+000  0.000000000000000E+000  0.100000000000000E+001  0.000000000000000E+000  0.000000000000000E+000  0.000000000000000E+000  0.100000000000000E+001  0.590000000000000E+001  0.000000000000000E+000 -0.500000000000000E+000
  0.118125000000000E+001  0.773221835901136E+004 -0.335587568970368E-001  0.575139522305422E+004  0.318569254686736E-001 -0.298640571047255E+005 -0.109904319950147E+000  0.100000000000000E+001  0.000000000000000E+000  0.000000000000000E+000  0.000000000000000E+000  0.100000000000000E+001  0.000000000000000E+000  0.000000000000000E+000  0.000000000000000E+000  0.100000000000000E+001  0.590000000000000E+001  0.000000000000000E+000 -0.500000000000000E+000
  0.118437500000000E+001  0.773221985741857E+004 -0.335586628225428E-001  0.575139546470030E+004  0.318568347420296E-001 -0.298640580469672E+005 -0.109904008255398E+000  0.100000000000000E+001  0.000000000000000E+000  0.000000000000000E+000  0.000000000000000E+000  0.100000000000000E+001  0.000000000000000E+000  0.000000000000000E+000  0.000000000000000E+000  0.100000000000000E+001  0.590000000000000E+001  0.000000000000000E+000 -0.500000000000000E+000
  0.118750000000000E+001  0.773222059359079E+004 -0.335585701996024E-001  0.575138899668730E+004  0.318567465992601E-001 -0.298640510722700E+005 -0.109903706899786E+000  0.100000000000000E+001  0.000000000000000E+000  0.000000000000000E+000  0.000000000000000E+000  0.100000000000000E+001  0.000000000000000E+000  0.000000000000000E+000  0.000000000000000E+000  0.100000000000000E+001  0.590000000000000E+001  0.000000000000000E+000 -0.500000000000000E+000
  0.119062500000000E+001  0.773222128331586E+004 -0.335584737949830E-001  0.575138154192784E+004  0.318566552723496E-001 -0.298640419975641E+005 -0.109903396380105E+000  0.100000000000000E+001  0.000000000000000E+000  0.000000000000000E+000  0.000000000000000E+000  0.100000000000000E+001  0.000000000000000E+000  0.000000000000000E+000  0.000000000000000E+000  0.100000000000000E+001  0.590000000000000E+001  0.000000000000000E+000 -0.500000000000000E+000
  0.119375000000000E+001  0.773222216914969E+004 -0.335583836422302E-001  0.575137540794775E+004  0.318565694333302E-001 -0.298640339760151E+005 -0.109903102980752E+000  0.100000000000000E+001  0.000000000000000E+000  0.000000000000000E+000  0.000000000000000E+000  0.100000000000000E+001  0.000000000000000E+000  0.000000000000000E+000  0.000000000000000E+000  0.100000000000000E+001  0.590000000000000E+001  0.000000000000000E+000 -0.500000000000000E+000
  0.119687500000000E+001  0.773222322270514E+004 -0.335583012711140E-001  0.575137045725618E+004  0.318564910485293E-001 -0.298640279137834E+005 -0.109902835509274E+000  0.100000000000000E+001  0.000000000000000E+000  0.000000000000000E+000  0.000000000000000E+000  0.100000000000000E+001  0.000000000000000E+000  0.000000000000000E+000  0.000000000000000E+000  0.100000000000000E+001  0.590000000000000E+001  0.000000000000000E+000 -0.500000000000000E+000
  0.120000000000000E+001  0.773222434271220E+004 -0.335582290863385E-001  0.575136649351942E+004  0.318564222588975E-001 -0.298640238758142E+005 -0.109902600048372E+000  0.100000000000000E+001  0.000000000000000E+000  0.000000000000000E+000  0.000000000000000E+000  0.100000000000000E+001  0.000000000000000E+000  0.000000000000000E+000  0.000000000000000E+000  0.100000000000000E+001  0.590000000000000E+001  0.000000000000000E+000 -0.500000000000000E+000
  0.120312500000000E+001  0.773222541481895E+004 -0.335581642375473E-001  0.575136338707171E+004  0.318563604678275E-001 -0.298640216538311E+005 -0.109902388725459E+000  0.100000000000000E+001  0.000000000000000E+000  0.000000000000000E+000  0.000000000000000E+000  0.100000000000000E+001  0.000000000000000E+000  0.000000000000000E+000  0.000000000000000E+000  0.100000000000000E+001  0.590000000000000E+001  0.000000000000000E+000 -0.500000000000000E+000
  0.120625000000000E+001  0.773222636644944E+004 -0.335581075942173E-001  0.575136094587307E+004  0.318563064593036E-001 -0.298640208907294E+005 -0.109902204589162E+000  0.100000000000000E+001  0.000000000000000E+000  0.000000000000000E+000  0.000000000000000E+000  0.100000000000000E+001  0.000000000000000E+000  0.000000000000000E+000  0.000000000000000E+000  0.100000000000000E+001  0.590000000000000E+001  0.000000000000000E+000 -0.500000000000000E+000
  0.120937500000000E+001  0.773222718434308E+004 -0.335580555201886E-001  0.575135898356832E+004  0.318562568700145E-001 -0.298640211209610E+005 -0.109902035143023E+000  0.100000000000000E+001  0.000000000000000E+000  0.000000000000000E+000  0.000000000000000E+000  0.100000000000000E+001  0.000000000000000E+000  0.000000000000000E+000  0.000000000000000E+000  0.100000000000000E+001  0.590000000000000E+001  0.000000000000000E+000 -0.500000000000000E+000
  0.121250000000000E+001  0.773222789503890E+004 -0.335580098344508E-001  0.575135741574858E+004  0.318562133243177E-001 -0.298640218989818E+005 -0.109901885974978E+000  0.100000000000000E+001  0.000000000000000E+000  0.000000000000000E+000  0.000000000000000E+000  0.100000000000000E+001  0.000000000000000E+000  0.000000000000000E+000  0.000000000000000E+000  0.100000000000000E+001  0.590000000000000E+001  0.000000000000000E+000 -0.500000000000000E+000
  0.121562500000000E+001  0.773222858607503E+004 -0.335579656366463E-001  0.575135277141895E+004  0.318561712974770E-001 -0.298640209745544E+005 -0.109901742413058E+000  0.100000000000000E+001  0.000000000000000E+000  0.000000000000000E+000  0.000000000000000E+000  0.100000000000000E+001  0.000000000000000E+000  0.000000000000000E+000  0.000000000000000E+000  0.100000000000000E+001  0.590000000000000E+001  0.000000000000000E+000 -0.500000000000000E+000
  0.121875000000000E+001  0.773222921175772E+004 -0.335579201837390E-001  0.575134741741635E+004  0.318561278754714E-001 -0.298640194215913E+005 -0.109901593430550E+000  0.100000000000000E+001  0.000000000000000E+000  0.000000000000000E+000  0.000000000000000E+000  0.100000000000000E+001  0.000000000000000E+000  0.000000000000000E+000  0.000000000000000E+000  0.100000000000000E+001  0.590000000000000E+001  0.000000000000000E+000 -0.500000000000000E+000
  0.122187500000000E+001  0.773222965611855E+004 -0.335578799604264E-001  0.575134707304255E+004  0.318560898804208E-001 -0.298640200991339E+005 -0.109901463525603E+000  0.100000000000000E+001  0.000000000000000E+000  0.000000000000000E+000  0.000000000000000E+000  0.100000000000000E+001  0.000000000000000E+000  0.000000000000000E+000  0.000000000000000E+000  0.100000000000000E+001  0.590000000000000E+001  0.000000000000000E+000 -0.500000000000000E+000
  0.122500000000000E+001  0.773222984170444E+004 -0.335578520844138E-001  0.575135458709115E+004  0.318560631912987E-001 -0.298640241690021E+005 -0.109901373009052E+000  0.100000000000000E+001  0.000000000000000E+000  0.000000000000000E+000  0.000000000000000E+000  0.100000000000000E+001  0.000000000000000E+000  0.000000000000000E+000  0.000000000000000E+000  0.100000000000000E+001  0.590000000000000E+001  0.000000000000000E+000 -0.500000000000000E+000
  0.122812500000000E+001  0.773222979901812E+004 -0.335578388639988E-001  0.575136866552497E+004  0.318560503546905E-001 -0.298640307876996E+005 -0.109901328811247E+000  0.100000000000000E+001  0.000000000000000E+000  0.000000000000000E+000  0.000000000000000E+000  0.100000000000000E+001  0.000000000000000E+000  0.000000000000000E+000  0.000000000000000E+000  0.100000000000000E+001  0.590000000000000E+001  0.000000000000000E+000 -0.500000000000000E+000
  0.123125000000000E+001  0.773223005146027E+004 -0.335578271551640E-001  0.575136759135141E+004  0.318560392151994E-001 -0.298640298737140E+005 -0.109901289742993E+000  0.100000000000000E+001  0.000000000000000E+000  0.000000000000000E+000  0.000000000000000E+000  0.100000000000000E+001  0.000000000000000E+000  0.000000000000000E+000  0.000000000000000E+000  0.100000000000000E+001  0.590000000000000E+001  0.000000000000000E+000 -0.500000000000000E+000
  0.123437500000000E+001  0.773223045092481E+004 -0.335578104150045E-001  0.575135992091241E+004  0.318560233390599E-001 -0.298640259567597E+005 -0.109901235813595E+000  0.100000000000000E+001  0.000000000000000E+000  0.000000000000000E+000  0.000000000000000E+000  0.100000000000000E+001  0.000000000000000E+000  0.000000000000000E+000  0.000000000000000E+000  0.100000000000000E+001  0.590000000000000E+001  0.000000000000000E+000 -0.500000000000000E+000
  0.123750000000000E+001  0.773223079110936E+004 -0.335577939604264E-001  0.575135541268034E+004  0.318560076120775E-001 -0.298640237385575E+005 -0.109901182629983E+000  0.100000000000000E+001  0.000000000000000E+000  0.000000000000000E+000  0.000000000000000E+000  0.100000000000000E+001  0.000000000000000E+000  0.000000000000000E+000  0.000000000000000E+000  0.100000000000000E+001  0.590000000000000E+001  0.000000000000000E+000 -0.500000000000000E+000
  0.124062500000000E+001  0.773223108561338E+004 -0.335577758924046E-001  0.575135287147173E+004  0.318559904753783E-001 -0.298640226199373E+005 -0.109901123014424E+000  0.100000000000000E+001  0.000000000000000E+000  0.000000000000000E+000  0.000000000000000E+000  0.100000000000000E+001  0.000000000000000E+000  0.000000000000000E+000  0.000000000000000E+000  0.100000000000000E+001  0.590000000000000E+001  0.000000000000000E+000 -0.500000000000000E+000
  0.124375000000000E+001  0.773223135247515E+004 -0.335577594196366E-001  0.575135118236215E+004  0.318559746610845E-001 -0.298640220192911E+005 -0.109901069768966E+000  0.100000000000000E+001  0.000000000000000E+000  0.000000000000000E+000  0.000000000000000E+000  0.100000000000000E+001  0.000000000000000E+000  0.000000000000000E+000  0.000000000000000E+000  0.100000000000000E+001  0.590000000000000E+001  0.000000000000000E+000 -0.500000000000000E+000
  0.124687500000000E+001  0.773223159374474E+004 -0.335577448404365E-001  0.575134999378126E+004  0.318559608322175E-001 -0.298640217157588E+005 -0.109901022198756E+000  0.100000000000000E+001  0.000000000000000E+000  0.000000000000000E+000  0.000000000000000E+000  0.100000000000000E+001  0.000000000000000E+000  0.000000000000000E+000  0.000000000000000E+000  0.100000000000000E+001  0.590000000000000E+001  0.000000000000000E+000 -0.500000000000000E+000
  0.125000000000000E+001  0.773223194105507E+004 -0.335577265777829E-001  0.575134481879467E+004  0.318559435399948E-001 -0.298640199417676E+005 -0.109900962419488E+000  0.100000000000000E+001  0.000000000000000E+000  0.000000000000000E+000  0.000000000000000E+000  0.100000000000000E+001  0.000000000000000E+000  0.000000000000000E+000  0.000000000000000E+000  0.100000000000000E+001  0.590000000000000E+001  0.000000000000000E+000 -0.500000000000000E+000
  0.125312500000000E+001  0.773223245637208E+004 -0.335577030182321E-001  0.575133438444875E+004  0.318559209008527E-001 -0.298640162593442E+005 -0.109900885363459E+000  0.100000000000000E+001  0.000000000000000E+000  0.000000000000000E+000  0.000000000000000E+000  0.100000000000000E+001  0.000000000000000E+000  0.000000000000000E+000  0.000000000000000E+000  0.100000000000000E+001  0.590000000000000E+001  0.000000000000000E+000 -0.500000000000000E+000
  0.125625000000000E+001  0.773223308738798E+004 -0.335576708766894E-001  0.575132173438350E+004  0.318558905601094E-001 -0.298640119510379E+005 -0.109900780291355E+000  0.100000000000000E+001  0.000000000000000E+000  0.000000000000000E+000  0.000000000000000E+000  0.100000000000000E+001  0.000000000000000E+000  0.000000000000000E+000  0.000000000000000E+000  0.100000000000000E+001  0.590000000000000E+001  0.000000000000000E+000 -0.500000000000000E+000
  0.125937500000000E+001  0.773223388539685E+004 -0.335576285069692E-001  0.575130496310891E+004  0.318558503258828E-001 -0.298640060693531E+005 -0.109900643259607E+000  0.100000000000000E+001  0.000000000000000E+000  0.000000000000000E+000  0.000000000000000E+000  0.100000000000000E+001  0.000000000000000E+000  0.000000000000000E+000  0.000000000000000E+000  0.100000000000000E+001  0.590000000000000E+001  0.000000000000000E+000 -0.500000000000000E+000
  0.126250000000000E+001  0.773223463403119E+004 -0.335575787594280E-001  0.575129093924413E+004  0.318558031876819E-001 -0.298640016293884E+005 -0.109900480692886E+000  0.100000000000000E+001  0.000000000000000E+000  0.000000000000000E+000  0.000000000000000E+000  0.100000000000000E+001  0.000000000000000E+000  0.000000000000000E+000  0.000000000000000E+000  0.100000000000000E+001  0.590000000000000E+001  0.000000000000000E+000 -0.500000000000000E+000
  0.126562500000000E+001  0.773223502486275E+004 -0.335575314529706E-001  0.575128978568073E+004  0.318557581440473E-001 -0.298640034165544E+005 -0.109900325660419E+000  0.100000000000000E+001  0.000000000000000E+000  0.000000000000000E+000  0.000000000000000E+000  0.100000000000000E+001  0.000000000000000E+000  0.000000000000000E+000  0.000000000000000E+000  0.100000000000000E+001  0.590000000000000E+001  0.000000000000000E+000 -0.500000000000000E+000
  0.126875000000000E+001  0.773223493971371E+004 -0.335574971977621E-001  0.575130269359211E+004  0.318557256441636E-001 -0.298640113929885E+005 -0.109900213461515E+000  0.100000000000000E+001  0.000000000000000E+000  0.000000000000000E+000  0.000000000000000E+000  0.100000000000000E+001  0.000000000000000E+000  0.000000000000000E+000  0.000000000000000E+000  0.100000000000000E+001  0.590000000000000E+001  0.000000000000000E+000 -0.500000000000000E+000
  0.127187500000000E+001  0.773223451021503E+004 -0.335574850287230E-001  0.575132301022543E+004  0.318557139298719E-001 -0.298640219918625E+005 -0.109900174451468E+000  0.100000000000000E+001  0.000000000000000E+000  0.000000000000000E+000  0.000000000000000E+000  0.100000000000000E+001  0.000000000000000E+000  0.000000000000000E+000  0.000000000000000E+000  0.100000000000000E+001  0.590000000000000E+001  0.000000000000000E+000 -0.500000000000000E+000
  0.127500000000000E+001  0.773223419568199E+004 -0.335574810051185E-001  0.575133382631929E+004  0.318557100927137E-001 -0.298640273039996E+005 -0.109900161467522E+000  0.100000000000000E+001  0.000000000000000E+000  0.000000000000000E+000  0.000000000000000E+000  0.100000000000000E+001  0.000000000000000E+000  0.000000000000000E+000  0.000000000000000E+000  0.100000000000000E+001  0.590000000000000E+001  0.000000000000000E+000 -0.500000000000000E+000
  0.127812500000000E+001  0.773223421871923E+004 -0.335574747659848E-001  0.575132951489973E+004  0.318557041437089E-001 -0.298640253020556E+005 -0.109900140963873E+000  0.100000000000000E+001  0.000000000000000E+000  0.000000000000000E+000  0.000000000000000E+000  0.100000000000000E+001  0.000000000000000E+000  0.000000000000000E+000  0.000000000000000E+000  0.100000000000000E+001  0.590000000000000E+001  0.000000000000000E+000 -0.500000000000000E+000
  0.128125000000000E+001  0.773223423817282E+004 -0.335574675355019E-001  0.575132650337948E+004  0.318556972742954E-001 -0.298640239213608E+005 -0.109900116953213E+000  0.100000000000000E+001  0.000000000000000E+000  0.000000000000000E+000  0.000000000000000E+000  0.100000000000000E+001  0.000000000000000E+000  0.000000000000000E+000  0.000000000000000E+000  0.100000000000000E+001  0.590000000000000E+001  0.000000000000000E+000 -0.500000000000000E+000
  0.128437500000000E+001  0.773223423824327E+004 -0.335574591772456E-001  0.575132529324896E+004  0.318556893143978E-001 -0.298640234615504E+005 -0.109900089963048E+000  0.100000000000000E+001  0.000000000000000E+000  0.000000000000000E+000  0.000000000000000E+000  0.100000000000000E+001  0.000000000000000E+000  0.000000000000000E+000  0.000000000000000E+000  0.100000000000000E+001  0.590000000000000E+001  0.000000000000000E+000 -0.500000000000000E+000
  0.128750000000000E+001  0.773223425221458E+004 -0.335574528271536E-001  0.575132452715620E+004  0.318556831534806E-001 -0.298640232809115E+005 -0.109900069655851E+000  0.100000000000000E+001  0.000000000000000E+000  0.000000000000000E+000  0.000000000000000E+000  0.100000000000000E+001  0.000000000000000E+000  0.000000000000000E+000  0.000000000000000E+000  0.100000000000000E+001  0.590000000000000E+001  0.000000000000000E+000 -0.500000000000000E+000
  0.129062500000000E+001  0.773223429168614E+004 -0.335574452947185E-001  0.575132374706994E+004  0.318556760230422E-001 -0.298640231704988E+005 -0.109900044790265E+000  0.100000000000000E+001  0.000000000000000E+000  0.000000000000000E+000  0.000000000000000E+000  0.100000000000000E+001  0.000000000000000E+000  0.000000000000000E+000  0.000000000000000E+000  0.100000000000000E+001  0.590000000000000E+001  0.000000000000000E+000 -0.500000000000000E+000
  0.129375000000000E+001  0.773223434075999E+004 -0.335574382334016E-001  0.575132338602235E+004  0.318556693973733E-001 -0.298640233027815E+005 -0.109900022085640E+000  0.100000000000000E+001  0.000000000000000E+000  0.000000000000000E+000  0.000000000000000E+000  0.100000000000000E+001  0.000000000000000E+000  0.000000000000000E+000  0.000000000000000E+000  0.100000000000000E+001  0.590000000000000E+001  0.000000000000000E+000 -0.500000000000000E+000
  0.129687500000000E+001  0.773223439438563E+004 -0.335574324544723E-001  0.575132332317971E+004  0.318556638812879E-001 -0.298640235770073E+005 -0.109900003713847E+000  0.100000000000000E+001  0.000000000000000E+000  0.000000000000000E+000  0.000000000000000E+000  0.100000000000000E+001  0.000000000000000E+000  0.000000000000000E+000  0.000000000000000E+000  0.100000000000000E+001  0.590000000000000E+001  0.000000000000000E+000 -0.500000000000000E+000
  0.130000000000000E+001  0.773223444606992E+004 -0.335574282307789E-001  0.575132346486346E+004  0.318556597039787E-001 -0.298640239219543E+005 -0.109899989587575E+000  0.100000000000000E+001  0.000000000000000E+000  0.000000000000000E+000  0.000000000000000E+000  0.100000000000000E+001  0.000000000000000E+000  0.000000000000000E+000  0.000000000000000E+000  0.100000000000000E+001  0.590000000000000E+001  0.000000000000000E+000 -0.500000000000000E+000
  0.130312500000000E+001  0.773223449473213E+004 -0.335574229375197E-001  0.575132370404184E+004  0.318556546808395E-001 -0.298640242451299E+005 -0.109899971601408E+000  0.100000000000000E+001  0.000000000000000E+000  0.000000000000000E+000  0.000000000000000E+000  0.100000000000000E+001  0.000000000000000E+000  0.000000000000000E+000  0.000000000000000E+000  0.100000000000000E+001  0.590000000000000E+001  0.000000000000000E+000 -0.500000000000000E+000
  0.130625000000000E+001  0.773223454749247E+004 -0.335574196105881E-001  0.575132366482463E+004  0.318556515057935E-001 -0.298640244088547E+005 -0.109899959952600E+000  0.100000000000000E+001  0.000000000000000E+000  0.000000000000000E+000  0.000000000000000E+000  0.100000000000000E+001  0.000000000000000E+000  0.000000000000000E+000  0.000000000000000E+000  0.100000000000000E+001  0.590000000000000E+001  0.000000000000000E+000 -0.500000000000000E+000
  0.130937500000000E+001  0.773223459591969E+004 -0.335574155869836E-001  0.575132363837112E+004  0.318556477905076E-001 -0.298640245604733E+005 -0.109899947761733E+000  0.100000000000000E+001  0.000000000000000E+000  0.000000000000000E+000  0.000000000000000E+000  0.100000000000000E+001  0.000000000000000E+000  0.000000000000000E+000  0.000000000000000E+000  0.100000000000000E+001  0.590000000000000E+001  0.000000000000000E+000 -0.500000000000000E+000
  0.131250000000000E+001  0.773223463828776E+004 -0.335574115397321E-001  0.575132365570511E+004  0.318556437878215E-001 -0.298640247097992E+005 -0.109899934355781E+000  0.100000000000000E+001  0.000000000000000E+000  0.000000000000000E+000  0.000000000000000E+000  0.100000000000000E+001  0.000000000000000E+000  0.000000000000000E+000  0.000000000000000E+000  0.100000000000000E+001  0.590000000000000E+001  0.000000000000000E+000 -0.500000000000000E+000
  0.131562500000000E+001  0.773223467569064E+004 -0.335574089513102E-001  0.575132364468334E+004  0.318556413922124E-001 -0.298640248196153E+005 -0.109899926315848E+000  0.100000000000000E+001  0.000000000000000E+000  0.000000000000000E+000  0.000000000000000E+000  0.100000000000000E+001  0.000000000000000E+000  0.000000000000000E+000  0.000000000000000E+000  0.100000000000000E+001  0.590000000000000E+001  0.000000000000000E+000 -0.500000000000000E+000
  0.131875000000000E+001  0.773223470752639E+004 -0.335574055807228E-001  0.575132362485860E+004  0.318556382608222E-001 -0.298640248969878E+005 -0.109899915230926E+000  0.100000000000000E+001  0.000000000000000E+000  0.000000000000000E+000  0.000000000000000E+000  0.100000000000000E+001  0.000000000000000E+000  0.000000000000000E+000  0.000000000000000E+000  0.100000000000000E+001  0.590000000000000E+001  0.000000000000000E+000 -0.500000000000000E+000
  0.132187500000000E+001  0.773223473479796E+004 -0.335574022446963E-001  0.575132358074980E+004  0.318556351339794E-001 -0.298640249360179E+005 -0.109899904615304E+000  0.100000000000000E+001  0.000000000000000E+000  0.000000000000000E+000  0.000000000000000E+000  0.100000000000000E+001  0.000000000000000E+000  0.000000000000000E+000  0.000000000000000E+000  0.100000000000000E+001  0.590000000000000E+001  0.000000000000000E+000 -0.500000000000000E+000
  0.132500000000000E+001  0.773223475926560E+004 -0.335574014825397E-001  0.575132351104011E+004  0.318556343599994E-001 -0.298640249432339E+005 -0.109899901821336E+000  0.100000000000000E+001  0.000000000000000E+000  0.000000000000000E+000  0.000000000000000E+000  0.100000000000000E+001  0.000000000000000E+000  0.000000000000000E+000  0.000000000000000E+000  0.100000000000000E+001  0.590000000000000E+001  0.000000000000000E+000 -0.500000000000000E+000
  0.132812500000000E+001  0.773223478218101E+004 -0.335573990032572E-001  0.575132343527775E+004  0.318556319789423E-001 -0.298640249377569E+005 -0.109899893475813E+000  0.100000000000000E+001  0.000000000000000E+000  0.000000000000000E+000  0.000000000000000E+000  0.100000000000000E+001  0.000000000000000E+000  0.000000000000000E+000  0.000000000000000E+000  0.100000000000000E+001  0.590000000000000E+001  0.000000000000000E+000 -0.500000000000000E+000
  0.133125000000000E+001  0.773223480373530E+004 -0.335573962438502E-001  0.575132337225559E+004  0.318556292686480E-001 -0.298640249356612E+005 -0.109899884148035E+000  0.100000000000000E+001  0.000000000000000E+000  0.000000000000000E+000  0.000000000000000E+000  0.100000000000000E+001  0.000000000000000E+000  0.000000000000000E+000  0.000000000000000E+000  0.100000000000000E+001  0.590000000000000E+001  0.000000000000000E+000 -0.500000000000000E+000
  0.133437500000000E+001  0.773223482400871E+004 -0.335573949178070E-001  0.575132331897260E+004  0.318556280180928E-001 -0.298640249385405E+005 -0.109899879938894E+000  0.100000000000000E+001  0.000000000000000E+000  0.000000000000000E+000  0.000000000000000E+000  0.100000000000000E+001  0.000000000000000E+000  0.000000000000000E+000  0.000000000000000E+000  0.100000000000000E+001  0.590000000000000E+001  0.000000000000000E+000 -0.500000000000000E+000
  0.133750000000000E+001  0.773223484301969E+004 -0.335573922693584E-001  0.575132326729531E+004  0.318556255851945E-001 -0.298640249444315E+005 -0.109899871709786E+000  0.100000000000000E+001  0.000000000000000E+000  0.000000000000000E+000  0.000000000000000E+000  0.100000000000000E+001  0.000000000000000E+000  0.000000000000000E+000  0.000000000000000E+000  0.100000000000000E+001  0.590000000000000E+001  0.000000000000000E+000 -0.500000000000000E+000
  0.134062500000000E+001  0.773223486056873E+004 -0.335573922693584E-001  0.575132321852987E+004  0.318556255333533E-001 -0.298640249538992E+005 -0.109899871233210E+000  0.100000000000000E+001  0.000000000000000E+000  0.000000000000000E+000  0.000000000000000E+000  0.100000000000000E+001  0.000000000000000E+000  0.000000000000000E+000  0.000000000000000E+000  0.100000000000000E+001  0.590000000000000E+001  0.000000000000000E+000 -0.500000000000000E+000
  0.134375000000000E+001  0.773223487674825E+004 -0.335573902848409E-001  0.575132316603946E+004  0.318556236970835E-001 -0.298640249630684E+005 -0.109899865459738E+000  0.100000000000000E+001  0.000000000000000E+000  0.000000000000000E+000  0.000000000000000E+000  0.100000000000000E+001  0.000000000000000E+000  0.000000000000000E+000  0.000000000000000E+000  0.100000000000000E+001  0.590000000000000E+001  0.000000000000000E+000 -0.500000000000000E+000
  0.134687500000000E+001  0.773223489157393E+004 -0.335573890970409E-001  0.575132311184320E+004  0.318556224119675E-001 -0.298640249716056E+005 -0.109899861687154E+000  0.100000000000000E+001  0.000000000000000E+000  0.000000000000000E+000  0.000000000000000E+000  0.100000000000000E+001  0.000000000000000E+000  0.000000000000000E+000  0.000000000000000E+000  0.100000000000000E+001  0.590000000000000E+001  0.000000000000000E+000 -0.500000000000000E+000
  0.135000000000000E+001  0.773223490515255E+004 -0.335573876400304E-001  0.575132305639955E+004  0.318556211823307E-001 -0.298640249782282E+005 -0.109899856892298E+000  0.100000000000000E+001  0.000000000000000E+000  0.000000000000000E+000  0.000000000000000E+000  0.100000000000000E+001  0.000000000000000E+000  0.000000000000000E+000  0.000000000000000E+000  0.100000000000000E+001  0.590000000000000E+001  0.000000000000000E+000 -0.500000000000000E+000
  0.135312500000000E+001  0.773223491739181E+004 -0.335573865213519E-001  0.575132300768411E+004  0.318556200491003E-001 -0.298640249854784E+005 -0.109899853065144E+000  0.100000000000000E+001  0.000000000000000E+000  0.000000000000000E+000  0.000000000000000E+000  0.100000000000000E+001  0.000000000000000E+000  0.000000000000000E+000  0.000000000000000E+000  0.100000000000000E+001  0.590000000000000E+001  0.000000000000000E+000 -0.500000000000000E+000
  0.135625000000000E+001  0.773223492804451E+004 -0.335573863249010E-001  0.575132297919136E+004  0.318556200054445E-001 -0.298640249994701E+005 -0.109899852745002E+000  0.100000000000000E+001  0.000000000000000E+000  0.000000000000000E+000  0.000000000000000E+000  0.100000000000000E+001  0.000000000000000E+000  0.000000000000000E+000  0.000000000000000E+000  0.100000000000000E+001  0.590000000000000E+001  0.000000000000000E+000 -0.500000000000000E+000
  0.135937500000000E+001  0.773223493692481E+004 -0.335573852353264E-001  0.575132297973107E+004  0.318556187230570E-001 -0.298640250240369E+005 -0.109899848528585E+000  0.100000000000000E+001  0.000000000000000E+000  0.000000000000000E+000  0.000000000000000E+000  0.100000000000000E+001  0.000000000000000E+000  0.000000000000000E+000  0.000000000000000E+000  0.100000000000000E+001  0.590000000000000E+001  0.000000000000000E+000 -0.500000000000000E+000
  0.136250000000000E+001  0.773223494417667E+004 -0.335573848660715E-001  0.575132300429245E+004  0.318556185975467E-001 -0.298640250562031E+005 -0.109899846844201E+000  0.100000000000000E+001  0.000000000000000E+000  0.000000000000000E+000  0.000000000000000E+000  0.100000000000000E+001  0.000000000000000E+000  0.000000000000000E+000  0.000000000000000E+000  0.100000000000000E+001  0.590000000000000E+001  0.000000000000000E+000 -0.500000000000000E+000
  0.136562500000000E+001  0.773223495071082E+004 -0.335573831980582E-001  0.575132301934405E+004  0.318556168558644E-001 -0.298640250802224E+005 -0.109899842169398E+000  0.100000000000000E+001  0.000000000000000E+000  0.000000000000000E+000  0.000000000000000E+000  0.100000000000000E+001  0.000000000000000E+000  0.000000000000000E+000  0.000000000000000E+000  0.100000000000000E+001  0.590000000000000E+001  0.000000000000000E+000 -0.500000000000000E+000
  0.136875000000000E+001  0.773223495736620E+004 -0.335573829852365E-001  0.575132299874513E+004  0.318556168376745E-001 -0.298640250850985E+005 -0.109899841725564E+000  0.100000000000000E+001  0.000000000000000E+000  0.000000000000000E+000  0.000000000000000E+000  0.100000000000000E+001  0.000000000000000E+000  0.000000000000000E+000  0.000000000000000E+000  0.100000000000000E+001  0.590000000000000E+001  0.000000000000000E+000 -0.500000000000000E+000
  0.137187500000000E+001  0.773223496385773E+004 -0.335573820411810E-001  0.575132296392901E+004  0.318556158445062E-001 -0.298640250822690E+005 -0.109899838214915E+000  0.100000000000000E+001  0.000000000000000E+000  0.000000000000000E+000  0.000000000000000E+000  0.100000000000000E+001  0.000000000000000E+000  0.000000000000000E+000  0.000000000000000E+000  0.100000000000000E+001  0.590000000000000E+001  0.000000000000000E+000 -0.500000000000000E+000
  0.137500000000000E+001  0.773223496990840E+004 -0.335573821048456E-001  0.575132293150815E+004  0.318556159299987E-001 -0.298640250802932E+005 -0.109899838607816E+000  0.100000000000000E+001  0.000000000000000E+000  0.000000000000000E+000  0.000000000000000E+000  0.100000000000000E+001  0.000000000000000E+000  0.000000000000000E+000  0.000000000000000E+000  0.100000000000000E+001  0.590000000000000E+001  0.000000000000000E+000 -0.500000000000000E+000
  0.137812500000000E+001  0.773223497563780E+004 -0.335573812080838E-001  0.575132289909174E+004  0.318556149577489E-001 -0.298640250785040E+005 -0.109899835264514E+000  0.100000000000000E+001  0.000000000000000E+000  0.000000000000000E+000  0.000000000000000E+000  0.100000000000000E+001  0.000000000000000E+000  0.000000000000000E+000  0.000000000000000E+000  0.100000000000000E+001  0.590000000000000E+001  0.000000000000000E+000 -0.500000000000000E+000
  0.138125000000000E+001  0.773223498124924E+004 -0.335573813026713E-001  0.575132286130413E+004  0.318556151696612E-001 -0.298640250747400E+005 -0.109899836159457E+000  0.100000000000000E+001  0.000000000000000E+000  0.000000000000000E+000  0.000000000000000E+000  0.100000000000000E+001  0.000000000000000E+000  0.000000000000000E+000  0.000000000000000E+000  0.100000000000000E+001  0.590000000000000E+001  0.000000000000000E+000 -0.500000000000000E+000
  0.138437500000000E+001  0.773223498702496E+004 -0.335573807624314E-001  0.575132281072027E+004  0.318556144866307E-001 -0.298640250660770E+005 -0.109899834435055E+000  0.100000000000000E+001  0.000000000000000E+000  0.000000000000000E+000  0.000000000000000E+000  0.100000000000000E+001  0.000000000000000E+000  0.000000000000000E+000  0.000000000000000E+000  0.100000000000000E+001  0.590000000000000E+001  0.000000000000000E+000 -0.500000000000000E+000
  0.138750000000000E+001  0.773223499318783E+004 -0.335573806023604E-001  0.575132274256498E+004  0.318556143674869E-001 -0.298640250508484E+005 -0.109899833343661E+000  0.100000000000000E+001  0.000000000000000E+000  0.000000000000000E+000  0.000000000000000E+000  0.100000000000000E+001  0.000000000000000E+000  0.000000000000000E+000  0.000000000000000E+000  0.100000000000000E+001  0.590000000000000E+001  0.000000000000000E+000 -0.500000000000000E+000
  0.139062500000000E+001  0.773223499960673E+004 -0.335573788797774E-001  0.575132266454474E+004  0.318556127604097E-001 -0.298640250327782E+005 -0.109899828337802E+000  0.100000000000000E+001  0.000000000000000E+000  0.000000000000000E+000  0.000000000000000E+000  0.100000000000000E+001  0.000000000000000E+000  0.000000000000000E+000  0.000000000000000E+000  0.100000000000000E+001  0.590000000000000E+001  0.000000000000000E+000 -0.500000000000000E+000
  0.139375000000000E+001  0.773223500590403E+004 -0.335573789252521E-001  0.575132259021018E+004  0.318556127676857E-001 -0.298640250176956E+005 -0.109899828577909E+000  0.100000000000000E+001  0.000000000000000E+000  0.000000000000000E+000  0.000000000000000E+000  0.100000000000000E+001  0.000000000000000E+000  0.000000000000000E+000  0.000000000000000E+000  0.100000000000000E+001  0.590000000000000E+001  0.000000000000000E+000 -0.500000000000000E+000
  0.139687500000000E+001  0.773223501153317E+004 -0.335573787251633E-001  0.575132253521039E+004  0.318556125703253E-001 -0.298640250119954E+005 -0.109899828323250E+000  0.100000000000000E+001  0.000000000000000E+000  0.000000000000000E+000  0.000000000000000E+000  0.100000000000000E+001  0.000000000000000E+000  0.000000000000000E+000  0.000000000000000E+000  0.100000000000000E+001  0.590000000000000E+001  0.000000000000000E+000 -0.500000000000000E+000
  0.140000000000000E+001  0.773223501585498E+004 -0.335573784013832E-001  0.575132251605044E+004  0.318556124102543E-001 -0.298640250223163E+005 -0.109899826540641E+000  0.100000000000000E+001  0.000000000000000E+000  0.000000000000000E+000  0.000000000000000E+000  0.100000000000000E+001  0.000000000000000E+000  0.000000000000000E+000  0.000000000000000E+000  0.100000000000000E+001  0.590000000000000E+001  0.000000000000000E+000 -0.500000000000000E+000

