 # Integral loads: N.components: 4
 #                 Ref.sys     : Stability
 #                 Components  : wing_right , wing_left , tail_right , tail_left
 #  t , Fx , Fy , Fz , Mx , My , Mz , ref_mat(9) , ref_off(3) 
  0.100000000000000E+001 -0.585892570117506E+003  0.373983717954616E-001  0.131277049822619E+005  0.358110084130203E-001 -0.761035238076138E+005  0.323413746400547E+000  0.100000000000000E+001  0.000000000000000E+000  0.000000000000000E+000  0.000000000000000E+000  0.100000000000000E+001  0.000000000000000E+000  0.000000000000000E+000  0.000000000000000E+000  0.100000000000000E+001  0.100000000000000E+001  0.000000000000000E+000  0.000000000000000E+000
  0.102500000000000E+001 -0.956357915814302E+003  0.138087252248624E-001  0.830063382533511E+004  0.278458810676057E-001 -0.467341421484429E+005  0.108747421679254E+000  0.100000000000000E+001  0.000000000000000E+000  0.000000000000000E+000  0.000000000000000E+000  0.100000000000000E+001  0.000000000000000E+000  0.000000000000000E+000  0.000000000000000E+000  0.100000000000000E+001  0.100000000000000E+001  0.000000000000000E+000  0.000000000000000E+000
  0.105000000000000E+001 -0.100068736075194E+004  0.159215518278870E-001  0.845339296507012E+004  0.214039084560227E-001 -0.472344968084573E+005  0.122972500202195E+000  0.100000000000000E+001  0.000000000000000E+000  0.000000000000000E+000  0.000000000000000E+000  0.100000000000000E+001  0.000000000000000E+000  0.000000000000000E+000  0.000000000000000E+000  0.100000000000000E+001  0.100000000000000E+001  0.000000000000000E+000  0.000000000000000E+000
  0.107500000000000E+001 -0.104021287854342E+004  0.270950680526312E-001  0.846413621676536E+004 -0.270665029256634E-002 -0.467791077229067E+005  0.223393822917842E+000  0.100000000000000E+001  0.000000000000000E+000  0.000000000000000E+000  0.000000000000000E+000  0.100000000000000E+001  0.000000000000000E+000  0.000000000000000E+000  0.000000000000000E+000  0.100000000000000E+001  0.100000000000000E+001  0.000000000000000E+000  0.000000000000000E+000
  0.110000000000000E+001 -0.106336208471116E+004  0.355234022512150E-001  0.845144380665564E+004 -0.246090504324457E-001 -0.462164811567290E+005  0.305809329708609E+000  0.100000000000000E+001  0.000000000000000E+000  0.000000000000000E+000  0.000000000000000E+000  0.100000000000000E+001  0.000000000000000E+000  0.000000000000000E+000  0.000000000000000E+000  0.100000000000000E+001  0.100000000000000E+001  0.000000000000000E+000  0.000000000000000E+000
  0.112500000000000E+001 -0.107479655730172E+004  0.323892486479167E-001  0.856075563500698E+004 -0.179396646335590E-001 -0.469523002534841E+005  0.273528016646651E+000  0.100000000000000E+001  0.000000000000000E+000  0.000000000000000E+000  0.000000000000000E+000  0.100000000000000E+001  0.000000000000000E+000  0.000000000000000E+000  0.000000000000000E+000  0.100000000000000E+001  0.100000000000000E+001  0.000000000000000E+000  0.000000000000000E+000
  0.115000000000000E+001 -0.108445082236367E+004  0.320558989695883E-001  0.862599458430081E+004 -0.167968178293449E-001 -0.473502455029085E+005  0.269204903712307E+000  0.100000000000000E+001  0.000000000000000E+000  0.000000000000000E+000  0.000000000000000E+000  0.100000000000000E+001  0.000000000000000E+000  0.000000000000000E+000  0.000000000000000E+000  0.100000000000000E+001  0.100000000000000E+001  0.000000000000000E+000  0.000000000000000E+000
  0.117500000000000E+001 -0.109225329345443E+004  0.321828915360811E-001  0.867023699384153E+004 -0.169267949338519E-001 -0.475991297255648E+005  0.269823748723411E+000  0.100000000000000E+001  0.000000000000000E+000  0.000000000000000E+000  0.000000000000000E+000  0.100000000000000E+001  0.000000000000000E+000  0.000000000000000E+000  0.000000000000000E+000  0.100000000000000E+001  0.100000000000000E+001  0.000000000000000E+000  0.000000000000000E+000
  0.120000000000000E+001 -0.109941452418762E+004  0.323678947347616E-001  0.871415862602070E+004 -0.171146433556260E-001 -0.478475235270155E+005  0.271160216055705E+000  0.100000000000000E+001  0.000000000000000E+000  0.000000000000000E+000  0.000000000000000E+000  0.100000000000000E+001  0.000000000000000E+000  0.000000000000000E+000  0.000000000000000E+000  0.100000000000000E+001  0.100000000000000E+001  0.000000000000000E+000  0.000000000000000E+000
  0.122500000000000E+001 -0.110453475929805E+004  0.324114386414180E-001  0.873818120631887E+004 -0.171579296358004E-001 -0.479770704237931E+005  0.271307660531420E+000  0.100000000000000E+001  0.000000000000000E+000  0.000000000000000E+000  0.000000000000000E+000  0.100000000000000E+001  0.000000000000000E+000  0.000000000000000E+000  0.000000000000000E+000  0.100000000000000E+001  0.100000000000000E+001  0.000000000000000E+000  0.000000000000000E+000
  0.125000000000000E+001 -0.111028344292345E+004  0.324863366420232E-001  0.877624357339969E+004 -0.170795045225987E-001 -0.481929648827154E+005  0.271797298041747E+000  0.100000000000000E+001  0.000000000000000E+000  0.000000000000000E+000  0.000000000000000E+000  0.100000000000000E+001  0.000000000000000E+000  0.000000000000000E+000  0.000000000000000E+000  0.100000000000000E+001  0.100000000000000E+001  0.000000000000000E+000  0.000000000000000E+000
  0.127500000000000E+001 -0.111921829351572E+004  0.326811407679770E-001  0.884499399831192E+004 -0.169837316024086E-001 -0.485917480692502E+005  0.273367002582745E+000  0.100000000000000E+001  0.000000000000000E+000  0.000000000000000E+000  0.000000000000000E+000  0.100000000000000E+001  0.000000000000000E+000  0.000000000000000E+000  0.000000000000000E+000  0.100000000000000E+001  0.100000000000000E+001  0.000000000000000E+000  0.000000000000000E+000
  0.130000000000000E+001 -0.112265407769967E+004  0.327214859844389E-001  0.884360726213225E+004 -0.172939721684315E-001 -0.485675100137462E+005  0.273589232200266E+000  0.100000000000000E+001  0.000000000000000E+000  0.000000000000000E+000  0.000000000000000E+000  0.100000000000000E+001  0.000000000000000E+000  0.000000000000000E+000  0.000000000000000E+000  0.100000000000000E+001  0.100000000000000E+001  0.000000000000000E+000  0.000000000000000E+000
  0.132500000000000E+001 -0.112475183260638E+004  0.327137218026792E-001  0.884917812454248E+004 -0.173076759716650E-001 -0.485918766909938E+005  0.273414817990670E+000  0.100000000000000E+001  0.000000000000000E+000  0.000000000000000E+000  0.000000000000000E+000  0.100000000000000E+001  0.000000000000000E+000  0.000000000000000E+000  0.000000000000000E+000  0.100000000000000E+001  0.100000000000000E+001  0.000000000000000E+000  0.000000000000000E+000
  0.135000000000000E+001 -0.112619555688478E+004  0.327430052003024E-001  0.885386790356515E+004 -0.173713136234710E-001 -0.486132797231580E+005  0.273626216553112E+000  0.100000000000000E+001  0.000000000000000E+000  0.000000000000000E+000  0.000000000000000E+000  0.100000000000000E+001  0.000000000000000E+000  0.000000000000000E+000  0.000000000000000E+000  0.100000000000000E+001  0.100000000000000E+001  0.000000000000000E+000  0.000000000000000E+000
  0.137500000000000E+001 -0.112716805567991E+004  0.327820505328305E-001  0.885737009047556E+004 -0.174547066487776E-001 -0.486291969718695E+005  0.273967375631855E+000  0.100000000000000E+001  0.000000000000000E+000  0.000000000000000E+000  0.000000000000000E+000  0.100000000000000E+001  0.000000000000000E+000  0.000000000000000E+000  0.000000000000000E+000  0.100000000000000E+001  0.100000000000000E+001  0.000000000000000E+000  0.000000000000000E+000
  0.140000000000000E+001 -0.112783541968980E+004  0.327831390119968E-001  0.886041570894258E+004 -0.174447911830384E-001 -0.486452755274997E+005  0.273947045115619E+000  0.100000000000000E+001  0.000000000000000E+000  0.000000000000000E+000  0.000000000000000E+000  0.100000000000000E+001  0.000000000000000E+000  0.000000000000000E+000  0.000000000000000E+000  0.100000000000000E+001  0.100000000000000E+001  0.000000000000000E+000  0.000000000000000E+000
  0.142500000000000E+001 -0.112832268962285E+004  0.327817660824508E-001  0.886274953683672E+004 -0.174266263425125E-001 -0.486578890320132E+005  0.273912636783734E+000  0.100000000000000E+001  0.000000000000000E+000  0.000000000000000E+000  0.000000000000000E+000  0.100000000000000E+001  0.000000000000000E+000  0.000000000000000E+000  0.000000000000000E+000  0.100000000000000E+001  0.100000000000000E+001  0.000000000000000E+000  0.000000000000000E+000
  0.145000000000000E+001 -0.112869007916268E+004  0.327806705114995E-001  0.886453962821648E+004 -0.174109475652813E-001 -0.486675862544135E+005  0.273888218082448E+000  0.100000000000000E+001  0.000000000000000E+000  0.000000000000000E+000  0.000000000000000E+000  0.100000000000000E+001  0.000000000000000E+000  0.000000000000000E+000  0.000000000000000E+000  0.100000000000000E+001  0.100000000000000E+001  0.000000000000000E+000  0.000000000000000E+000
  0.147500000000000E+001 -0.112897273409149E+004  0.327800272352192E-001  0.886593784694061E+004 -0.173990477791222E-001 -0.486751812724822E+005  0.273872391257100E+000  0.100000000000000E+001  0.000000000000000E+000  0.000000000000000E+000  0.000000000000000E+000  0.100000000000000E+001  0.000000000000000E+000  0.000000000000000E+000  0.000000000000000E+000  0.100000000000000E+001  0.100000000000000E+001  0.000000000000000E+000  0.000000000000000E+000
  0.150000000000000E+001 -0.112918598182162E+004  0.327800634424307E-001  0.886695759791239E+004 -0.173906254360645E-001 -0.486806750563931E+005  0.273865736224252E+000  0.100000000000000E+001  0.000000000000000E+000  0.000000000000000E+000  0.000000000000000E+000  0.100000000000000E+001  0.000000000000000E+000  0.000000000000000E+000  0.000000000000000E+000  0.100000000000000E+001  0.100000000000000E+001  0.000000000000000E+000  0.000000000000000E+000
  0.152500000000000E+001 -0.112936077860264E+004  0.327806857181940E-001  0.886786203555762E+004 -0.173842591750599E-001 -0.486856121268402E+005  0.273866218326020E+000  0.100000000000000E+001  0.000000000000000E+000  0.000000000000000E+000  0.000000000000000E+000  0.100000000000000E+001  0.000000000000000E+000  0.000000000000000E+000  0.000000000000000E+000  0.100000000000000E+001  0.100000000000000E+001  0.000000000000000E+000  0.000000000000000E+000
  0.155000000000000E+001 -0.112950680937830E+004  0.327822473261108E-001  0.886863410526109E+004 -0.173814495803981E-001 -0.486898498161355E+005  0.273876396356172E+000  0.100000000000000E+001  0.000000000000000E+000  0.000000000000000E+000  0.000000000000000E+000  0.100000000000000E+001  0.000000000000000E+000  0.000000000000000E+000  0.000000000000000E+000  0.100000000000000E+001  0.100000000000000E+001  0.000000000000000E+000  0.000000000000000E+000
  0.157500000000000E+001 -0.112959903552166E+004  0.327833095128653E-001  0.886896677489581E+004 -0.173820883411508E-001 -0.486915248713971E+005  0.273883136377663E+000  0.100000000000000E+001  0.000000000000000E+000  0.000000000000000E+000  0.000000000000000E+000  0.100000000000000E+001  0.000000000000000E+000  0.000000000000000E+000  0.000000000000000E+000  0.100000000000000E+001  0.100000000000000E+001  0.000000000000000E+000  0.000000000000000E+000
  0.160000000000000E+001 -0.112966181930195E+004  0.327838395216986E-001  0.886921261407749E+004 -0.173818334161524E-001 -0.486927755624865E+005  0.273885823175533E+000  0.100000000000000E+001  0.000000000000000E+000  0.000000000000000E+000  0.000000000000000E+000  0.100000000000000E+001  0.000000000000000E+000  0.000000000000000E+000  0.000000000000000E+000  0.100000000000000E+001  0.100000000000000E+001  0.000000000000000E+000  0.000000000000000E+000
  0.162500000000000E+001 -0.112970596759557E+004  0.327843123986895E-001  0.886939303316389E+004 -0.173817138961567E-001 -0.486936967965022E+005  0.273888691873708E+000  0.100000000000000E+001  0.000000000000000E+000  0.000000000000000E+000  0.000000000000000E+000  0.100000000000000E+001  0.000000000000000E+000  0.000000000000000E+000  0.000000000000000E+000  0.100000000000000E+001  0.100000000000000E+001  0.000000000000000E+000  0.000000000000000E+000
  0.165000000000000E+001 -0.112973725547794E+004  0.327845204300274E-001  0.886952601507548E+004 -0.173813012161190E-001 -0.486943808574444E+005  0.273889600681741E+000  0.100000000000000E+001  0.000000000000000E+000  0.000000000000000E+000  0.000000000000000E+000  0.100000000000000E+001  0.000000000000000E+000  0.000000000000000E+000  0.000000000000000E+000  0.100000000000000E+001  0.100000000000000E+001  0.000000000000000E+000  0.000000000000000E+000
  0.167500000000000E+001 -0.112975968622626E+004  0.327846613718634E-001  0.886962613684910E+004 -0.173808163667672E-001 -0.486949075868646E+005  0.273890128928542E+000  0.100000000000000E+001  0.000000000000000E+000  0.000000000000000E+000  0.000000000000000E+000  0.100000000000000E+001  0.000000000000000E+000  0.000000000000000E+000  0.000000000000000E+000  0.100000000000000E+001  0.100000000000000E+001  0.000000000000000E+000  0.000000000000000E+000
  0.170000000000000E+001 -0.112977601880289E+004  0.327848943321669E-001  0.886970059222023E+004 -0.173806625338102E-001 -0.486953027262630E+005  0.273891729512798E+000  0.100000000000000E+001  0.000000000000000E+000  0.000000000000000E+000  0.000000000000000E+000  0.100000000000000E+001  0.000000000000000E+000  0.000000000000000E+000  0.000000000000000E+000  0.100000000000000E+001  0.100000000000000E+001  0.000000000000000E+000  0.000000000000000E+000
  0.172500000000000E+001 -0.112978804071893E+004  0.327849355871308E-001  0.886975599592658E+004 -0.173803294587742E-001 -0.486955977127416E+005  0.273891687952528E+000  0.100000000000000E+001  0.000000000000000E+000  0.000000000000000E+000  0.000000000000000E+000  0.100000000000000E+001  0.000000000000000E+000  0.000000000000000E+000  0.000000000000000E+000  0.100000000000000E+001  0.100000000000000E+001  0.000000000000000E+000  0.000000000000000E+000
  0.175000000000000E+001 -0.112979693263952E+004  0.327849636544215E-001  0.886979712014121E+004 -0.173800724229523E-001 -0.486958168909184E+005  0.273891644225387E+000  0.100000000000000E+001  0.000000000000000E+000  0.000000000000000E+000  0.000000000000000E+000  0.100000000000000E+001  0.000000000000000E+000  0.000000000000000E+000  0.000000000000000E+000  0.100000000000000E+001  0.100000000000000E+001  0.000000000000000E+000  0.000000000000000E+000
  0.177500000000000E+001 -0.112980350465006E+004  0.327849889536083E-001  0.886982737613138E+004 -0.173798885297174E-001 -0.486959779303458E+005  0.273891660871868E+000  0.100000000000000E+001  0.000000000000000E+000  0.000000000000000E+000  0.000000000000000E+000  0.100000000000000E+001  0.000000000000000E+000  0.000000000000000E+000  0.000000000000000E+000  0.100000000000000E+001  0.100000000000000E+001  0.000000000000000E+000  0.000000000000000E+000
  0.180000000000000E+001 -0.112980842425094E+004  0.327849991434164E-001  0.886985030585722E+004 -0.173797171836441E-001 -0.486961002395844E+005  0.273891597826150E+000  0.100000000000000E+001  0.000000000000000E+000  0.000000000000000E+000  0.000000000000000E+000  0.100000000000000E+001  0.000000000000000E+000  0.000000000000000E+000  0.000000000000000E+000  0.100000000000000E+001  0.100000000000000E+001  0.000000000000000E+000  0.000000000000000E+000
  0.182500000000000E+001 -0.112981207523151E+004  0.327850192364281E-001  0.886986712379715E+004 -0.173796163354609E-001 -0.486961897233665E+005  0.273891668713532E+000  0.100000000000000E+001  0.000000000000000E+000  0.000000000000000E+000  0.000000000000000E+000  0.100000000000000E+001  0.000000000000000E+000  0.000000000000000E+000  0.000000000000000E+000  0.100000000000000E+001  0.100000000000000E+001  0.000000000000000E+000  0.000000000000000E+000
  0.185000000000000E+001 -0.112981465491619E+004  0.327850485143699E-001  0.886987821765508E+004 -0.173795941374237E-001 -0.486962477963812E+005  0.273891855737020E+000  0.100000000000000E+001  0.000000000000000E+000  0.000000000000000E+000  0.000000000000000E+000  0.100000000000000E+001  0.000000000000000E+000  0.000000000000000E+000  0.000000000000000E+000  0.100000000000000E+001  0.100000000000000E+001  0.000000000000000E+000  0.000000000000000E+000
  0.187500000000000E+001 -0.112981649242343E+004  0.327850629398654E-001  0.886988614989095E+004 -0.173795659256939E-001 -0.486962892587690E+005  0.273891927767636E+000  0.100000000000000E+001  0.000000000000000E+000  0.000000000000000E+000  0.000000000000000E+000  0.100000000000000E+001  0.000000000000000E+000  0.000000000000000E+000  0.000000000000000E+000  0.100000000000000E+001  0.100000000000000E+001  0.000000000000000E+000  0.000000000000000E+000
  0.190000000000000E+001 -0.112981781092656E+004  0.327850740069948E-001  0.886989189758751E+004 -0.173795463899751E-001 -0.486963193246218E+005  0.273891986194940E+000  0.100000000000000E+001  0.000000000000000E+000  0.000000000000000E+000  0.000000000000000E+000  0.100000000000000E+001  0.000000000000000E+000  0.000000000000000E+000  0.000000000000000E+000  0.100000000000000E+001  0.100000000000000E+001  0.000000000000000E+000  0.000000000000000E+000
  0.192500000000000E+001 -0.112981876097704E+004  0.327850810928112E-001  0.886989608882902E+004 -0.173795293623016E-001 -0.486963413085356E+005  0.273892020090898E+000  0.100000000000000E+001  0.000000000000000E+000  0.000000000000000E+000  0.000000000000000E+000  0.100000000000000E+001  0.000000000000000E+000  0.000000000000000E+000  0.000000000000000E+000  0.100000000000000E+001  0.100000000000000E+001  0.000000000000000E+000  0.000000000000000E+000
  0.195000000000000E+001 -0.112981944858915E+004  0.327850854799294E-001  0.886989916061687E+004 -0.173795145830127E-001 -0.486963574987619E+005  0.273892037548194E+000  0.100000000000000E+001  0.000000000000000E+000  0.000000000000000E+000  0.000000000000000E+000  0.100000000000000E+001  0.000000000000000E+000  0.000000000000000E+000  0.000000000000000E+000  0.100000000000000E+001  0.100000000000000E+001  0.000000000000000E+000  0.000000000000000E+000
  0.197500000000000E+001 -0.112981994854041E+004  0.327850883513747E-001  0.886990141047095E+004 -0.173795021505612E-001 -0.486963693897160E+005  0.273892047254321E+000  0.100000000000000E+001  0.000000000000000E+000  0.000000000000000E+000  0.000000000000000E+000  0.100000000000000E+001  0.000000000000000E+000  0.000000000000000E+000  0.000000000000000E+000  0.100000000000000E+001  0.100000000000000E+001  0.000000000000000E+000  0.000000000000000E+000
  0.200000000000000E+001 -0.112982031324243E+004  0.327850903547073E-001  0.886990305819972E+004 -0.173794934265743E-001 -0.486963781098055E+005  0.273892053593954E+000  0.100000000000000E+001  0.000000000000000E+000  0.000000000000000E+000  0.000000000000000E+000  0.100000000000000E+001  0.000000000000000E+000  0.000000000000000E+000  0.000000000000000E+000  0.100000000000000E+001  0.100000000000000E+001  0.000000000000000E+000  0.000000000000000E+000
  0.202500000000000E+001 -0.112982057963250E+004  0.327850919333628E-001  0.886990426285432E+004 -0.173794866102526E-001 -0.486963844872266E+005  0.273892059409718E+000  0.100000000000000E+001  0.000000000000000E+000  0.000000000000000E+000  0.000000000000000E+000  0.100000000000000E+001  0.000000000000000E+000  0.000000000000000E+000  0.000000000000000E+000  0.100000000000000E+001  0.100000000000000E+001  0.000000000000000E+000  0.000000000000000E+000
  0.205000000000000E+001 -0.112982077422492E+004  0.327850931432749E-001  0.886990514187133E+004 -0.173794821517959E-001 -0.486963891392311E+005  0.273892064134543E+000  0.100000000000000E+001  0.000000000000000E+000  0.000000000000000E+000  0.000000000000000E+000  0.100000000000000E+001  0.000000000000000E+000  0.000000000000000E+000  0.000000000000000E+000  0.100000000000000E+001  0.100000000000000E+001  0.000000000000000E+000  0.000000000000000E+000
  0.207500000000000E+001 -0.112982091651873E+004  0.327850941781662E-001  0.886990578477725E+004 -0.173794791071487E-001 -0.486963925412804E+005  0.273892069107660E+000  0.100000000000000E+001  0.000000000000000E+000  0.000000000000000E+000  0.000000000000000E+000  0.100000000000000E+001  0.000000000000000E+000  0.000000000000000E+000  0.000000000000000E+000  0.100000000000000E+001  0.100000000000000E+001  0.000000000000000E+000  0.000000000000000E+000
  0.210000000000000E+001 -0.112982102015003E+004  0.327850949196318E-001  0.886990625018758E+004 -0.173794771814073E-001 -0.486963950003998E+005  0.273892072511899E+000  0.100000000000000E+001  0.000000000000000E+000  0.000000000000000E+000  0.000000000000000E+000  0.100000000000000E+001  0.000000000000000E+000  0.000000000000000E+000  0.000000000000000E+000  0.100000000000000E+001  0.100000000000000E+001  0.000000000000000E+000  0.000000000000000E+000
  0.212500000000000E+001 -0.112982109496388E+004  0.327850954204223E-001  0.886990658192961E+004 -0.173794756823327E-001 -0.486963967476140E+005  0.273892074651030E+000  0.100000000000000E+001  0.000000000000000E+000  0.000000000000000E+000  0.000000000000000E+000  0.100000000000000E+001  0.000000000000000E+000  0.000000000000000E+000  0.000000000000000E+000  0.100000000000000E+001  0.100000000000000E+001  0.000000000000000E+000  0.000000000000000E+000
  0.215000000000000E+001 -0.112982114899079E+004  0.327850958084355E-001  0.886990682129077E+004 -0.173794744206361E-001 -0.486963980073643E+005  0.273892076465472E+000  0.100000000000000E+001  0.000000000000000E+000  0.000000000000000E+000  0.000000000000000E+000  0.100000000000000E+001  0.000000000000000E+000  0.000000000000000E+000  0.000000000000000E+000  0.100000000000000E+001  0.100000000000000E+001  0.000000000000000E+000  0.000000000000000E+000
  0.217500000000000E+001 -0.112982118806813E+004  0.327850961286344E-001  0.886990699482012E+004 -0.173794737019080E-001 -0.486963989208331E+005  0.273892078161225E+000  0.100000000000000E+001  0.000000000000000E+000  0.000000000000000E+000  0.000000000000000E+000  0.100000000000000E+001  0.000000000000000E+000  0.000000000000000E+000  0.000000000000000E+000  0.100000000000000E+001  0.100000000000000E+001  0.000000000000000E+000  0.000000000000000E+000
  0.220000000000000E+001 -0.112982121637398E+004  0.327850962914908E-001  0.886990712095156E+004 -0.173794729653309E-001 -0.486963995853601E+005  0.273892078721929E+000  0.100000000000000E+001  0.000000000000000E+000  0.000000000000000E+000  0.000000000000000E+000  0.100000000000000E+001  0.000000000000000E+000  0.000000000000000E+000  0.000000000000000E+000  0.100000000000000E+001  0.100000000000000E+001  0.000000000000000E+000  0.000000000000000E+000
  0.222500000000000E+001 -0.112982123690841E+004  0.327850963747665E-001  0.886990721277255E+004 -0.173794727713812E-001 -0.486964000697049E+005  0.273892078766949E+000  0.100000000000000E+001  0.000000000000000E+000  0.000000000000000E+000  0.000000000000000E+000  0.100000000000000E+001  0.000000000000000E+000  0.000000000000000E+000  0.000000000000000E+000  0.100000000000000E+001  0.100000000000000E+001  0.000000000000000E+000  0.000000000000000E+000
  0.225000000000000E+001 -0.112982125182572E+004  0.327850965615539E-001  0.886990727963162E+004 -0.173794721823697E-001 -0.486964004226715E+005  0.273892080045698E+000  0.100000000000000E+001  0.000000000000000E+000  0.000000000000000E+000  0.000000000000000E+000  0.100000000000000E+001  0.000000000000000E+000  0.000000000000000E+000  0.000000000000000E+000  0.100000000000000E+001  0.100000000000000E+001  0.000000000000000E+000  0.000000000000000E+000
  0.227500000000000E+001 -0.112982126267280E+004  0.327850965429661E-001  0.886990732830853E+004 -0.173794721699778E-001 -0.486964006797607E+005  0.273892079440884E+000  0.100000000000000E+001  0.000000000000000E+000  0.000000000000000E+000  0.000000000000000E+000  0.100000000000000E+001  0.000000000000000E+000  0.000000000000000E+000  0.000000000000000E+000  0.100000000000000E+001  0.100000000000000E+001  0.000000000000000E+000  0.000000000000000E+000
  0.230000000000000E+001 -0.112982127056290E+004  0.327850965962853E-001  0.886990736372318E+004 -0.173794719471516E-001 -0.486964008668227E+005  0.273892079704638E+000  0.100000000000000E+001  0.000000000000000E+000  0.000000000000000E+000  0.000000000000000E+000  0.100000000000000E+001  0.000000000000000E+000  0.000000000000000E+000  0.000000000000000E+000  0.100000000000000E+001  0.100000000000000E+001  0.000000000000000E+000  0.000000000000000E+000
  0.232500000000000E+001 -0.112982127630176E+004  0.327850966997403E-001  0.886990738947039E+004 -0.173794719278249E-001 -0.486964010028040E+005  0.273892080503629E+000  0.100000000000000E+001  0.000000000000000E+000  0.000000000000000E+000  0.000000000000000E+000  0.100000000000000E+001  0.000000000000000E+000  0.000000000000000E+000  0.000000000000000E+000  0.100000000000000E+001  0.100000000000000E+001  0.000000000000000E+000  0.000000000000000E+000
  0.235000000000000E+001 -0.112982128047499E+004  0.327850966525034E-001  0.886990740818106E+004 -0.173794714384030E-001 -0.486964011016021E+005  0.273892079895177E+000  0.100000000000000E+001  0.000000000000000E+000  0.000000000000000E+000  0.000000000000000E+000  0.100000000000000E+001  0.000000000000000E+000  0.000000000000000E+000  0.000000000000000E+000  0.100000000000000E+001  0.100000000000000E+001  0.000000000000000E+000  0.000000000000000E+000
  0.237500000000000E+001 -0.112982128350591E+004  0.327850967642576E-001  0.886990742174347E+004 -0.173794718548379E-001 -0.486964011731784E+005  0.273892080835594E+000  0.100000000000000E+001  0.000000000000000E+000  0.000000000000000E+000  0.000000000000000E+000  0.100000000000000E+001  0.000000000000000E+000  0.000000000000000E+000  0.000000000000000E+000  0.100000000000000E+001  0.100000000000000E+001  0.000000000000000E+000  0.000000000000000E+000
  0.240000000000000E+001 -0.112982128570342E+004  0.327850966216374E-001  0.886990743155164E+004 -0.173794711420214E-001 -0.486964012249063E+005  0.273892079352208E+000  0.100000000000000E+001  0.000000000000000E+000  0.000000000000000E+000  0.000000000000000E+000  0.100000000000000E+001  0.000000000000000E+000  0.000000000000000E+000  0.000000000000000E+000  0.100000000000000E+001  0.100000000000000E+001  0.000000000000000E+000  0.000000000000000E+000
  0.242500000000000E+001 -0.112982128729645E+004  0.327850967194081E-001  0.886990743865906E+004 -0.173794712234212E-001 -0.486964012623825E+005  0.273892080263067E+000  0.100000000000000E+001  0.000000000000000E+000  0.000000000000000E+000  0.000000000000000E+000  0.100000000000000E+001  0.000000000000000E+000  0.000000000000000E+000  0.000000000000000E+000  0.100000000000000E+001  0.100000000000000E+001  0.000000000000000E+000  0.000000000000000E+000
  0.245000000000000E+001 -0.112982128845170E+004  0.327850968184862E-001  0.886990744381601E+004 -0.173794717517239E-001 -0.486964012895754E+005  0.273892081230315E+000  0.100000000000000E+001  0.000000000000000E+000  0.000000000000000E+000  0.000000000000000E+000  0.100000000000000E+001  0.000000000000000E+000  0.000000000000000E+000  0.000000000000000E+000  0.100000000000000E+001  0.100000000000000E+001  0.000000000000000E+000  0.000000000000000E+000
  0.247500000000000E+001 -0.112982128928984E+004  0.327850967823906E-001  0.886990744756128E+004 -0.173794712114841E-001 -0.486964013093297E+005  0.273892080813312E+000  0.100000000000000E+001  0.000000000000000E+000  0.000000000000000E+000  0.000000000000000E+000  0.100000000000000E+001  0.000000000000000E+000  0.000000000000000E+000  0.000000000000000E+000  0.100000000000000E+001  0.100000000000000E+001  0.000000000000000E+000  0.000000000000000E+000
  0.250000000000000E+001 -0.112982128989822E+004  0.327850967719314E-001  0.886990745028237E+004 -0.173794712820836E-001 -0.486964013236865E+005  0.273892080723272E+000  0.100000000000000E+001  0.000000000000000E+000  0.000000000000000E+000  0.000000000000000E+000  0.100000000000000E+001  0.000000000000000E+000  0.000000000000000E+000  0.000000000000000E+000  0.100000000000000E+001  0.100000000000000E+001  0.000000000000000E+000  0.000000000000000E+000

