 # Integral loads: N.components: 4
 #                 Ref.sys     : Stability
 #                 Components  : wing_right , wing_left , tail_right , tail_left
 #  t , Fx , Fy , Fz , Mx , My , Mz , ref_mat(9) , ref_off(3) 
  0.100000000000000E+001 -0.199215071595698E+004  0.499905831193246E-001  0.241431754868781E+005  0.632171082847890E-001 -0.138112361528764E+006  0.432228533696616E+000  0.100000000000000E+001  0.000000000000000E+000  0.000000000000000E+000  0.000000000000000E+000  0.100000000000000E+001  0.000000000000000E+000  0.000000000000000E+000  0.000000000000000E+000  0.100000000000000E+001  0.100000000000000E+001  0.000000000000000E+000  0.000000000000000E+000
  0.102500000000000E+001 -0.246366975003383E+004  0.140954386274643E-001  0.149029877911447E+005  0.482934569790814E-001 -0.824676252237553E+005  0.100153694510482E+000  0.100000000000000E+001  0.000000000000000E+000  0.000000000000000E+000  0.000000000000000E+000  0.100000000000000E+001  0.000000000000000E+000  0.000000000000000E+000  0.000000000000000E+000  0.100000000000000E+001  0.100000000000000E+001  0.000000000000000E+000  0.000000000000000E+000
  0.105000000000000E+001 -0.262823684506223E+004  0.383566353906872E+000  0.151789925500189E+005 -0.521358564131788E+000 -0.835238353488700E+005  0.336711077548989E+001  0.100000000000000E+001  0.000000000000000E+000  0.000000000000000E+000  0.000000000000000E+000  0.100000000000000E+001  0.000000000000000E+000  0.000000000000000E+000  0.000000000000000E+000  0.100000000000000E+001  0.100000000000000E+001  0.000000000000000E+000  0.000000000000000E+000
  0.107500000000000E+001 -0.272995292776732E+004 -0.111667474427862E+002  0.152943821446802E+005  0.334476659971056E+002 -0.835456894254138E+005 -0.105184683694685E+003  0.100000000000000E+001  0.000000000000000E+000  0.000000000000000E+000  0.000000000000000E+000  0.100000000000000E+001  0.000000000000000E+000  0.000000000000000E+000  0.000000000000000E+000  0.100000000000000E+001  0.100000000000000E+001  0.000000000000000E+000  0.000000000000000E+000
  0.110000000000000E+001 -0.281201264826975E+004 -0.277760778722381E+001  0.152232436771883E+005  0.103150784591294E+002 -0.819577111023018E+005 -0.247292251768367E+002  0.100000000000000E+001  0.000000000000000E+000  0.000000000000000E+000  0.000000000000000E+000  0.100000000000000E+001  0.000000000000000E+000  0.000000000000000E+000  0.000000000000000E+000  0.100000000000000E+001  0.100000000000000E+001  0.000000000000000E+000  0.000000000000000E+000
  0.112500000000000E+001 -0.286939161183086E+004 -0.227874800373331E+001  0.155240845346429E+005  0.967067638434219E+001 -0.841798541524606E+005 -0.203561066254806E+002  0.100000000000000E+001  0.000000000000000E+000  0.000000000000000E+000  0.000000000000000E+000  0.100000000000000E+001  0.000000000000000E+000  0.000000000000000E+000  0.000000000000000E+000  0.100000000000000E+001  0.100000000000000E+001  0.000000000000000E+000  0.000000000000000E+000
  0.115000000000000E+001 -0.291488437404481E+004 -0.207713152175529E+000  0.156720628614769E+005  0.453902358265418E+001 -0.850960002245146E+005 -0.113530279424867E+001  0.100000000000000E+001  0.000000000000000E+000  0.000000000000000E+000  0.000000000000000E+000  0.100000000000000E+001  0.000000000000000E+000  0.000000000000000E+000  0.000000000000000E+000  0.100000000000000E+001  0.100000000000000E+001  0.000000000000000E+000  0.000000000000000E+000
  0.117500000000000E+001 -0.295054581626327E+004  0.198977236806058E+000  0.157704792045724E+005  0.322652417770519E+001 -0.856439040452238E+005  0.241988087642494E+001  0.100000000000000E+001  0.000000000000000E+000  0.000000000000000E+000  0.000000000000000E+000  0.100000000000000E+001  0.000000000000000E+000  0.000000000000000E+000  0.000000000000000E+000  0.100000000000000E+001  0.100000000000000E+001  0.000000000000000E+000  0.000000000000000E+000
  0.120000000000000E+001 -0.298178070859484E+004  0.206604132314283E+000  0.158640086946465E+005  0.271030595562274E+001 -0.861661472538570E+005  0.218852122560202E+001  0.100000000000000E+001  0.000000000000000E+000  0.000000000000000E+000  0.000000000000000E+000  0.100000000000000E+001  0.000000000000000E+000  0.000000000000000E+000  0.000000000000000E+000  0.100000000000000E+001  0.100000000000000E+001  0.000000000000000E+000  0.000000000000000E+000
  0.122500000000000E+001 -0.300498684056272E+004  0.284772664348679E+000  0.159196311605935E+005  0.201043076579276E+001 -0.864644440562814E+005  0.275430714877984E+001  0.100000000000000E+001  0.000000000000000E+000  0.000000000000000E+000  0.000000000000000E+000  0.100000000000000E+001  0.000000000000000E+000  0.000000000000000E+000  0.000000000000000E+000  0.100000000000000E+001  0.100000000000000E+001  0.000000000000000E+000  0.000000000000000E+000
  0.125000000000000E+001 -0.302712682532915E+004  0.294596010494843E+000  0.159882299466158E+005  0.144200712315023E+001 -0.868479374966627E+005  0.275842434001515E+001  0.100000000000000E+001  0.000000000000000E+000  0.000000000000000E+000  0.000000000000000E+000  0.100000000000000E+001  0.000000000000000E+000  0.000000000000000E+000  0.000000000000000E+000  0.100000000000000E+001  0.100000000000000E+001  0.000000000000000E+000  0.000000000000000E+000
  0.127500000000000E+001 -0.306169200278137E+004  0.726900175545552E+000  0.161274098395181E+005 -0.212186699569907E+001 -0.876487393670231E+005  0.661906385787734E+001  0.100000000000000E+001  0.000000000000000E+000  0.000000000000000E+000  0.000000000000000E+000  0.100000000000000E+001  0.000000000000000E+000  0.000000000000000E+000  0.000000000000000E+000  0.100000000000000E+001  0.100000000000000E+001  0.000000000000000E+000  0.000000000000000E+000
  0.130000000000000E+001 -0.307819009378632E+004  0.190975996321640E+000  0.161363365987139E+005 -0.188046398536017E+000 -0.876726909897451E+005  0.163984756262380E+001  0.100000000000000E+001  0.000000000000000E+000  0.000000000000000E+000  0.000000000000000E+000  0.100000000000000E+001  0.000000000000000E+000  0.000000000000000E+000  0.000000000000000E+000  0.100000000000000E+001  0.100000000000000E+001  0.000000000000000E+000  0.000000000000000E+000
  0.132500000000000E+001 -0.308725123263147E+004  0.807633326788846E-001  0.161458566333352E+005  0.224622657819964E+000 -0.877129697589371E+005  0.646497958942746E+000  0.100000000000000E+001  0.000000000000000E+000  0.000000000000000E+000  0.000000000000000E+000  0.100000000000000E+001  0.000000000000000E+000  0.000000000000000E+000  0.000000000000000E+000  0.100000000000000E+001  0.100000000000000E+001  0.000000000000000E+000  0.000000000000000E+000
  0.135000000000000E+001 -0.309326881359250E+004  0.138322280074931E+000  0.161563684403595E+005  0.140661893042534E+000 -0.877627638057434E+005  0.119828339991363E+001  0.100000000000000E+001  0.000000000000000E+000  0.000000000000000E+000  0.000000000000000E+000  0.100000000000000E+001  0.000000000000000E+000  0.000000000000000E+000  0.000000000000000E+000  0.100000000000000E+001  0.100000000000000E+001  0.000000000000000E+000  0.000000000000000E+000
  0.137500000000000E+001 -0.309761351970015E+004  0.116920642632749E+000  0.161648112434692E+005  0.199577077891490E+000 -0.878009704685873E+005  0.100464708292748E+001  0.100000000000000E+001  0.000000000000000E+000  0.000000000000000E+000  0.000000000000000E+000  0.100000000000000E+001  0.000000000000000E+000  0.000000000000000E+000  0.000000000000000E+000  0.100000000000000E+001  0.100000000000000E+001  0.000000000000000E+000  0.000000000000000E+000
  0.140000000000000E+001 -0.310074779100353E+004  0.999614864512068E-001  0.161722199174215E+005  0.257496676421169E+000 -0.878404405861363E+005  0.855462032131072E+000  0.100000000000000E+001  0.000000000000000E+000  0.000000000000000E+000  0.000000000000000E+000  0.100000000000000E+001  0.000000000000000E+000  0.000000000000000E+000  0.000000000000000E+000  0.100000000000000E+001  0.100000000000000E+001  0.000000000000000E+000  0.000000000000000E+000
  0.142500000000000E+001 -0.310306037157276E+004  0.841714053293572E-001  0.161778979464071E+005  0.312889256261315E+000 -0.878715879052945E+005  0.716074288835443E+000  0.100000000000000E+001  0.000000000000000E+000  0.000000000000000E+000  0.000000000000000E+000  0.100000000000000E+001  0.000000000000000E+000  0.000000000000000E+000  0.000000000000000E+000  0.100000000000000E+001  0.100000000000000E+001  0.000000000000000E+000  0.000000000000000E+000
  0.145000000000000E+001 -0.310482587450622E+004  0.714184266499842E-001  0.161823020786581E+005  0.360633126409539E+000 -0.878956181496534E+005  0.603852281909894E+000  0.100000000000000E+001  0.000000000000000E+000  0.000000000000000E+000  0.000000000000000E+000  0.100000000000000E+001  0.000000000000000E+000  0.000000000000000E+000  0.000000000000000E+000  0.100000000000000E+001  0.100000000000000E+001  0.000000000000000E+000  0.000000000000000E+000
  0.147500000000000E+001 -0.310617367477874E+004  0.626508501222816E-001  0.161856127186556E+005  0.396542872057125E+000 -0.879135241849922E+005  0.527611286155661E+000  0.100000000000000E+001  0.000000000000000E+000  0.000000000000000E+000  0.000000000000000E+000  0.100000000000000E+001  0.000000000000000E+000  0.000000000000000E+000  0.000000000000000E+000  0.100000000000000E+001  0.100000000000000E+001  0.000000000000000E+000  0.000000000000000E+000
  0.150000000000000E+001 -0.310719646584378E+004  0.537146150782064E-001  0.161880888675600E+005  0.433321477450363E+000 -0.879268608397871E+005  0.449151771810648E+000  0.100000000000000E+001  0.000000000000000E+000  0.000000000000000E+000  0.000000000000000E+000  0.100000000000000E+001  0.000000000000000E+000  0.000000000000000E+000  0.000000000000000E+000  0.100000000000000E+001  0.100000000000000E+001  0.000000000000000E+000  0.000000000000000E+000
  0.152500000000000E+001 -0.310800319128075E+004  0.517155017652158E-001  0.161901341009489E+005  0.449051507066542E+000 -0.879379628034584E+005  0.433630489217649E+000  0.100000000000000E+001  0.000000000000000E+000  0.000000000000000E+000  0.000000000000000E+000  0.100000000000000E+001  0.000000000000000E+000  0.000000000000000E+000  0.000000000000000E+000  0.100000000000000E+001  0.100000000000000E+001  0.000000000000000E+000  0.000000000000000E+000
  0.155000000000000E+001 -0.310867108234033E+004  0.517146874936998E-001  0.161919280602732E+005  0.454510042450920E+000 -0.879477979542015E+005  0.435353454580763E+000  0.100000000000000E+001  0.000000000000000E+000  0.000000000000000E+000  0.000000000000000E+000  0.100000000000000E+001  0.000000000000000E+000  0.000000000000000E+000  0.000000000000000E+000  0.100000000000000E+001  0.100000000000000E+001  0.000000000000000E+000  0.000000000000000E+000
  0.157500000000000E+001 -0.310913777705539E+004  0.506780844300465E-001  0.161929258510384E+005  0.462016603964457E+000 -0.879530582226225E+005  0.426833196411280E+000  0.100000000000000E+001  0.000000000000000E+000  0.000000000000000E+000  0.000000000000000E+000  0.100000000000000E+001  0.000000000000000E+000  0.000000000000000E+000  0.000000000000000E+000  0.100000000000000E+001  0.100000000000000E+001  0.000000000000000E+000  0.000000000000000E+000
  0.160000000000000E+001 -0.310945224972024E+004  0.495599120624775E-001  0.161935484316914E+005  0.468275257374671E+000 -0.879562679061422E+005  0.417252148781699E+000  0.100000000000000E+001  0.000000000000000E+000  0.000000000000000E+000  0.000000000000000E+000  0.100000000000000E+001  0.000000000000000E+000  0.000000000000000E+000  0.000000000000000E+000  0.100000000000000E+001  0.100000000000000E+001  0.000000000000000E+000  0.000000000000000E+000
  0.162500000000000E+001 -0.310967304775375E+004  0.486528926862775E-001  0.161940130794427E+005  0.473146813646736E+000 -0.879586705845476E+005  0.409444927391633E+000  0.100000000000000E+001  0.000000000000000E+000  0.000000000000000E+000  0.000000000000000E+000  0.100000000000000E+001  0.000000000000000E+000  0.000000000000000E+000  0.000000000000000E+000  0.100000000000000E+001  0.100000000000000E+001  0.000000000000000E+000  0.000000000000000E+000
  0.165000000000000E+001 -0.310983273232513E+004  0.479229767515790E-001  0.161943648423044E+005  0.476961764677981E+000 -0.879604945151054E+005  0.403144105773208E+000  0.100000000000000E+001  0.000000000000000E+000  0.000000000000000E+000  0.000000000000000E+000  0.100000000000000E+001  0.000000000000000E+000  0.000000000000000E+000  0.000000000000000E+000  0.100000000000000E+001  0.100000000000000E+001  0.000000000000000E+000  0.000000000000000E+000
  0.167500000000000E+001 -0.310994954885304E+004  0.473403589223835E-001  0.161946325661445E+005  0.479960773288894E+000 -0.879619087271330E+005  0.398111510682611E+000  0.100000000000000E+001  0.000000000000000E+000  0.000000000000000E+000  0.000000000000000E+000  0.100000000000000E+001  0.000000000000000E+000  0.000000000000000E+000  0.000000000000000E+000  0.100000000000000E+001  0.100000000000000E+001  0.000000000000000E+000  0.000000000000000E+000
  0.170000000000000E+001 -0.311003284952190E+004  0.445069247189167E-001  0.161948172768120E+005  0.542895712258769E+000 -0.879628830166286E+005  0.373064016961507E+000  0.100000000000000E+001  0.000000000000000E+000  0.000000000000000E+000  0.000000000000000E+000  0.100000000000000E+001  0.000000000000000E+000  0.000000000000000E+000  0.000000000000000E+000  0.100000000000000E+001  0.100000000000000E+001  0.000000000000000E+000  0.000000000000000E+000
  0.172500000000000E+001 -0.311009665751883E+004  0.464443812525133E-001  0.161949743014731E+005  0.523882212617082E+000 -0.879637305084426E+005  0.391665175903654E+000  0.100000000000000E+001  0.000000000000000E+000  0.000000000000000E+000  0.000000000000000E+000  0.100000000000000E+001  0.000000000000000E+000  0.000000000000000E+000  0.000000000000000E+000  0.100000000000000E+001  0.100000000000000E+001  0.000000000000000E+000  0.000000000000000E+000
  0.175000000000000E+001 -0.311014143182237E+004  0.488522015629087E-001  0.161950701306813E+005  0.464970922795828E+000 -0.879642309411083E+005  0.413287376350127E+000  0.100000000000000E+001  0.000000000000000E+000  0.000000000000000E+000  0.000000000000000E+000  0.100000000000000E+001  0.000000000000000E+000  0.000000000000000E+000  0.000000000000000E+000  0.100000000000000E+001  0.100000000000000E+001  0.000000000000000E+000  0.000000000000000E+000
  0.177500000000000E+001 -0.311017661254289E+004  0.464712505065563E-001  0.161951591905528E+005  0.487382680936662E+000 -0.879647134468824E+005  0.390890694095106E+000  0.100000000000000E+001  0.000000000000000E+000  0.000000000000000E+000  0.000000000000000E+000  0.100000000000000E+001  0.000000000000000E+000  0.000000000000000E+000  0.000000000000000E+000  0.100000000000000E+001  0.100000000000000E+001  0.000000000000000E+000  0.000000000000000E+000
  0.180000000000000E+001 -0.311020286996302E+004  0.465257290391037E-001  0.161952213713290E+005  0.487036195727569E+000 -0.879650467752330E+005  0.391530376418814E+000  0.100000000000000E+001  0.000000000000000E+000  0.000000000000000E+000  0.000000000000000E+000  0.100000000000000E+001  0.000000000000000E+000  0.000000000000000E+000  0.000000000000000E+000  0.100000000000000E+001  0.100000000000000E+001  0.000000000000000E+000  0.000000000000000E+000
  0.182500000000000E+001 -0.311022253347349E+004  0.462681118015098E-001  0.161952678960094E+005  0.487491820989135E+000 -0.879652956622018E+005  0.389232125676244E+000  0.100000000000000E+001  0.000000000000000E+000  0.000000000000000E+000  0.000000000000000E+000  0.100000000000000E+001  0.000000000000000E+000  0.000000000000000E+000  0.000000000000000E+000  0.100000000000000E+001  0.100000000000000E+001  0.000000000000000E+000  0.000000000000000E+000
  0.185000000000000E+001 -0.311023692114940E+004  0.459459181286093E-001  0.161953009741138E+005  0.488125483992462E+000 -0.879654722084259E+005  0.386165660084771E+000  0.100000000000000E+001  0.000000000000000E+000  0.000000000000000E+000  0.000000000000000E+000  0.100000000000000E+001  0.000000000000000E+000  0.000000000000000E+000  0.000000000000000E+000  0.100000000000000E+001  0.100000000000000E+001  0.000000000000000E+000  0.000000000000000E+000
  0.187500000000000E+001 -0.311024729924529E+004  0.459497377804610E-001  0.161953240798779E+005  0.488143845531113E+000 -0.879655940213227E+005  0.386255257149060E+000  0.100000000000000E+001  0.000000000000000E+000  0.000000000000000E+000  0.000000000000000E+000  0.100000000000000E+001  0.000000000000000E+000  0.000000000000000E+000  0.000000000000000E+000  0.100000000000000E+001  0.100000000000000E+001  0.000000000000000E+000  0.000000000000000E+000
  0.190000000000000E+001 -0.311025480840040E+004  0.459194850120639E-001  0.161953408956304E+005  0.488243102634442E+000 -0.879656826805205E+005  0.386013196081876E+000  0.100000000000000E+001  0.000000000000000E+000  0.000000000000000E+000  0.000000000000000E+000  0.100000000000000E+001  0.000000000000000E+000  0.000000000000000E+000  0.000000000000000E+000  0.100000000000000E+001  0.100000000000000E+001  0.000000000000000E+000  0.000000000000000E+000
  0.192500000000000E+001 -0.311026028293218E+004  0.458983706076879E-001  0.161953533101799E+005  0.488310693936000E+000 -0.879657482656353E+005  0.385836543712685E+000  0.100000000000000E+001  0.000000000000000E+000  0.000000000000000E+000  0.000000000000000E+000  0.100000000000000E+001  0.000000000000000E+000  0.000000000000000E+000  0.000000000000000E+000  0.100000000000000E+001  0.100000000000000E+001  0.000000000000000E+000  0.000000000000000E+000
  0.195000000000000E+001 -0.311026429097245E+004  0.458980926088088E-001  0.161953624857938E+005  0.488307387573968E+000 -0.879657968906036E+005  0.385843634546291E+000  0.100000000000000E+001  0.000000000000000E+000  0.000000000000000E+000  0.000000000000000E+000  0.100000000000000E+001  0.000000000000000E+000  0.000000000000000E+000  0.000000000000000E+000  0.100000000000000E+001  0.100000000000000E+001  0.000000000000000E+000  0.000000000000000E+000
  0.197500000000000E+001 -0.311026722799271E+004  0.458780686831233E-001  0.161953692365645E+005  0.488397471245207E+000 -0.879658327554121E+005  0.385666033993402E+000  0.100000000000000E+001  0.000000000000000E+000  0.000000000000000E+000  0.000000000000000E+000  0.100000000000000E+001  0.000000000000000E+000  0.000000000000000E+000  0.000000000000000E+000  0.100000000000000E+001  0.100000000000000E+001  0.000000000000000E+000  0.000000000000000E+000
  0.200000000000000E+001 -0.311026939263098E+004  0.458635009553063E-001  0.161953742546885E+005  0.488435884536784E+000 -0.879658594750641E+005  0.385537538816607E+000  0.100000000000000E+001  0.000000000000000E+000  0.000000000000000E+000  0.000000000000000E+000  0.100000000000000E+001  0.000000000000000E+000  0.000000000000000E+000  0.000000000000000E+000  0.100000000000000E+001  0.100000000000000E+001  0.000000000000000E+000  0.000000000000000E+000
  0.202500000000000E+001 -0.311027098328693E+004  0.458578785678583E-001  0.161953779242161E+005  0.488419597980055E+000 -0.879658789965989E+005  0.385489339140804E+000  0.100000000000000E+001  0.000000000000000E+000  0.000000000000000E+000  0.000000000000000E+000  0.100000000000000E+001  0.000000000000000E+000  0.000000000000000E+000  0.000000000000000E+000  0.100000000000000E+001  0.100000000000000E+001  0.000000000000000E+000  0.000000000000000E+000
  0.205000000000000E+001 -0.311027216126956E+004  0.458507300847941E-001  0.161953806701639E+005  0.488451146607758E+000 -0.879658936319172E+005  0.385426340039885E+000  0.100000000000000E+001  0.000000000000000E+000  0.000000000000000E+000  0.000000000000000E+000  0.100000000000000E+001  0.000000000000000E+000  0.000000000000000E+000  0.000000000000000E+000  0.100000000000000E+001  0.100000000000000E+001  0.000000000000000E+000  0.000000000000000E+000
  0.207500000000000E+001 -0.311027303305653E+004  0.458458985712014E-001  0.161953827006511E+005  0.488471626566934E+000 -0.879659044547483E+005  0.385384413702013E+000  0.100000000000000E+001  0.000000000000000E+000  0.000000000000000E+000  0.000000000000000E+000  0.100000000000000E+001  0.000000000000000E+000  0.000000000000000E+000  0.000000000000000E+000  0.100000000000000E+001  0.100000000000000E+001  0.000000000000000E+000  0.000000000000000E+000
  0.210000000000000E+001 -0.311027367597786E+004  0.458431775788313E-001  0.161953841897065E+005  0.488484637239480E+000 -0.879659123825475E+005  0.385361271835791E+000  0.100000000000000E+001  0.000000000000000E+000  0.000000000000000E+000  0.000000000000000E+000  0.100000000000000E+001  0.000000000000000E+000  0.000000000000000E+000  0.000000000000000E+000  0.100000000000000E+001  0.100000000000000E+001  0.000000000000000E+000  0.000000000000000E+000
  0.212500000000000E+001 -0.311027414814586E+004  0.458410205928885E-001  0.161953852764473E+005  0.488494732943309E+000 -0.879659181613129E+005  0.385342671875151E+000  0.100000000000000E+001  0.000000000000000E+000  0.000000000000000E+000  0.000000000000000E+000  0.100000000000000E+001  0.000000000000000E+000  0.000000000000000E+000  0.000000000000000E+000  0.100000000000000E+001  0.100000000000000E+001  0.000000000000000E+000  0.000000000000000E+000
  0.215000000000000E+001 -0.311027449370588E+004  0.458396538767829E-001  0.161953860668772E+005  0.488501834963699E+000 -0.879659223565302E+005  0.385331077917726E+000  0.100000000000000E+001  0.000000000000000E+000  0.000000000000000E+000  0.000000000000000E+000  0.100000000000000E+001  0.000000000000000E+000  0.000000000000000E+000  0.000000000000000E+000  0.100000000000000E+001  0.100000000000000E+001  0.000000000000000E+000  0.000000000000000E+000
  0.217500000000000E+001 -0.311027474652929E+004  0.458386151084369E-001  0.161953866446886E+005  0.488507262229859E+000 -0.879659254211308E+005  0.385322243779228E+000  0.100000000000000E+001  0.000000000000000E+000  0.000000000000000E+000  0.000000000000000E+000  0.100000000000000E+001  0.000000000000000E+000  0.000000000000000E+000  0.000000000000000E+000  0.100000000000000E+001  0.100000000000000E+001  0.000000000000000E+000  0.000000000000000E+000
  0.220000000000000E+001 -0.311027493177268E+004  0.458378200879679E-001  0.161953870691106E+005  0.488511399541494E+000 -0.879659276730325E+005  0.385315456767785E+000  0.100000000000000E+001  0.000000000000000E+000  0.000000000000000E+000  0.000000000000000E+000  0.100000000000000E+001  0.000000000000000E+000  0.000000000000000E+000  0.000000000000000E+000  0.100000000000000E+001  0.100000000000000E+001  0.000000000000000E+000  0.000000000000000E+000
  0.222500000000000E+001 -0.311027506768869E+004  0.458372478385627E-001  0.161953873813676E+005  0.488514458829059E+000 -0.879659293310609E+005  0.385310581261365E+000  0.100000000000000E+001  0.000000000000000E+000  0.000000000000000E+000  0.000000000000000E+000  0.100000000000000E+001  0.000000000000000E+000  0.000000000000000E+000  0.000000000000000E+000  0.100000000000000E+001  0.100000000000000E+001  0.000000000000000E+000  0.000000000000000E+000
  0.225000000000000E+001 -0.311027516750262E+004  0.458368227305073E-001  0.161953876111315E+005  0.488516794089946E+000 -0.879659305519724E+005  0.385306958911315E+000  0.100000000000000E+001  0.000000000000000E+000  0.000000000000000E+000  0.000000000000000E+000  0.100000000000000E+001  0.000000000000000E+000  0.000000000000000E+000  0.000000000000000E+000  0.100000000000000E+001  0.100000000000000E+001  0.000000000000000E+000  0.000000000000000E+000
  0.227500000000000E+001 -0.311027524087311E+004  0.458365090028110E-001  0.161953877802939E+005  0.488518521120341E+000 -0.879659314513461E+005  0.385304286804967E+000  0.100000000000000E+001  0.000000000000000E+000  0.000000000000000E+000  0.000000000000000E+000  0.100000000000000E+001  0.000000000000000E+000  0.000000000000000E+000  0.000000000000000E+000  0.100000000000000E+001  0.100000000000000E+001  0.000000000000000E+000  0.000000000000000E+000
  0.230000000000000E+001 -0.311027529482330E+004  0.458362845538431E-001  0.161953879047301E+005  0.488519765921410E+000 -0.879659321130257E+005  0.385302380233043E+000  0.100000000000000E+001  0.000000000000000E+000  0.000000000000000E+000  0.000000000000000E+000  0.100000000000000E+001  0.000000000000000E+000  0.000000000000000E+000  0.000000000000000E+000  0.100000000000000E+001  0.100000000000000E+001  0.000000000000000E+000  0.000000000000000E+000
  0.232500000000000E+001 -0.311027533452483E+004  0.458361206635800E-001  0.161953879963915E+005  0.488520711534420E+000 -0.879659326005191E+005  0.385300989208190E+000  0.100000000000000E+001  0.000000000000000E+000  0.000000000000000E+000  0.000000000000000E+000  0.100000000000000E+001  0.000000000000000E+000  0.000000000000000E+000  0.000000000000000E+000  0.100000000000000E+001  0.100000000000000E+001  0.000000000000000E+000  0.000000000000000E+000
  0.235000000000000E+001 -0.311027536374407E+004  0.458360026154878E-001  0.161953880638555E+005  0.488521407454527E+000 -0.879659329593274E+005  0.385299989246960E+000  0.100000000000000E+001  0.000000000000000E+000  0.000000000000000E+000  0.000000000000000E+000  0.100000000000000E+001  0.000000000000000E+000  0.000000000000000E+000  0.000000000000000E+000  0.100000000000000E+001  0.100000000000000E+001  0.000000000000000E+000  0.000000000000000E+000
  0.237500000000000E+001 -0.311027538523225E+004  0.458359171624352E-001  0.161953881134086E+005  0.488521918519382E+000 -0.879659332228088E+005  0.385299266227776E+000  0.100000000000000E+001  0.000000000000000E+000  0.000000000000000E+000  0.000000000000000E+000  0.100000000000000E+001  0.000000000000000E+000  0.000000000000000E+000  0.000000000000000E+000  0.100000000000000E+001  0.100000000000000E+001  0.000000000000000E+000  0.000000000000000E+000
  0.240000000000000E+001 -0.311027540101875E+004  0.458358544917701E-001  0.161953881497543E+005  0.488522295423991E+000 -0.879659334159937E+005  0.385298735821380E+000  0.100000000000000E+001  0.000000000000000E+000  0.000000000000000E+000  0.000000000000000E+000  0.100000000000000E+001  0.000000000000000E+000  0.000000000000000E+000  0.000000000000000E+000  0.100000000000000E+001  0.100000000000000E+001  0.000000000000000E+000  0.000000000000000E+000
  0.242500000000000E+001 -0.311027541260700E+004  0.458358085448936E-001  0.161953881763976E+005  0.488522573327828E+000 -0.879659335575524E+005  0.385298347111529E+000  0.100000000000000E+001  0.000000000000000E+000  0.000000000000000E+000  0.000000000000000E+000  0.100000000000000E+001  0.000000000000000E+000  0.000000000000000E+000  0.000000000000000E+000  0.100000000000000E+001  0.100000000000000E+001  0.000000000000000E+000  0.000000000000000E+000
  0.245000000000000E+001 -0.311027542111149E+004  0.458357745434341E-001  0.161953881959425E+005  0.488522779109644E+000 -0.879659336613756E+005  0.385298059168235E+000  0.100000000000000E+001  0.000000000000000E+000  0.000000000000000E+000  0.000000000000000E+000  0.100000000000000E+001  0.000000000000000E+000  0.000000000000000E+000  0.000000000000000E+000  0.100000000000000E+001  0.100000000000000E+001  0.000000000000000E+000  0.000000000000000E+000
  0.247500000000000E+001 -0.311027542735443E+004  0.458357497112729E-001  0.161953882102960E+005  0.488522930526415E+000 -0.879659337376247E+005  0.385297849154085E+000  0.100000000000000E+001  0.000000000000000E+000  0.000000000000000E+000  0.000000000000000E+000  0.100000000000000E+001  0.000000000000000E+000  0.000000000000000E+000  0.000000000000000E+000  0.100000000000000E+001  0.100000000000000E+001  0.000000000000000E+000  0.000000000000000E+000
  0.250000000000000E+001 -0.311027543193896E+004  0.458357313790430E-001  0.161953882208441E+005  0.488523042398583E+000 -0.879659337936685E+005  0.385297693975190E+000  0.100000000000000E+001  0.000000000000000E+000  0.000000000000000E+000  0.000000000000000E+000  0.100000000000000E+001  0.000000000000000E+000  0.000000000000000E+000  0.000000000000000E+000  0.100000000000000E+001  0.100000000000000E+001  0.000000000000000E+000  0.000000000000000E+000

