 # Integral loads: N.components: 2
 #                 Ref.sys     : Stability
 #                 Components  : wing_right , wing_left
 #  t , Fx , Fy , Fz , Mx , My , Mz , ref_mat(9) , ref_off(3) 
  0.100000000000000E+001  0.317324536117381E+004  0.841282599139959E-011  0.148757604349659E+006 -0.430736690759659E-008 -0.781673564475247E+006  0.171667124959640E-010  0.100000000000000E+001  0.000000000000000E+000  0.000000000000000E+000  0.000000000000000E+000  0.100000000000000E+001  0.000000000000000E+000  0.000000000000000E+000  0.000000000000000E+000  0.100000000000000E+001  0.100000000000000E+001  0.000000000000000E+000  0.000000000000000E+000
  0.100312500000000E+001 -0.470333419082386E+004  0.186446413863450E-010  0.658657539684840E+005 -0.580621417611837E-008 -0.345682630088913E+006  0.109139364212751E-009  0.100000000000000E+001  0.000000000000000E+000  0.000000000000000E+000  0.000000000000000E+000  0.100000000000000E+001  0.000000000000000E+000  0.000000000000000E+000  0.000000000000000E+000  0.100000000000000E+001  0.100000000000000E+001  0.000000000000000E+000  0.000000000000000E+000
  0.100625000000000E+001 -0.505256598686495E+004  0.259205990005285E-010  0.654340357537790E+005 -0.734871719032526E-008 -0.340370428349291E+006  0.945874489843845E-010  0.100000000000000E+001  0.000000000000000E+000  0.000000000000000E+000  0.000000000000000E+000  0.100000000000000E+001  0.000000000000000E+000  0.000000000000000E+000  0.000000000000000E+000  0.100000000000000E+001  0.100000000000000E+001  0.000000000000000E+000  0.000000000000000E+000
  0.100937500000000E+001 -0.534052211767551E+004 -0.150066625792533E-010  0.664620372337732E+005 -0.184809323400259E-008 -0.344832345682755E+006 -0.181898940354586E-009  0.100000000000000E+001  0.000000000000000E+000  0.000000000000000E+000  0.000000000000000E+000  0.100000000000000E+001  0.000000000000000E+000  0.000000000000000E+000  0.000000000000000E+000  0.100000000000000E+001  0.100000000000000E+001  0.000000000000000E+000  0.000000000000000E+000
  0.101250000000000E+001 -0.556974564013439E+004 -0.682121026329696E-011  0.675703413990544E+005 -0.273576006293297E-008 -0.350284175324103E+006 -0.152795109897852E-009  0.100000000000000E+001  0.000000000000000E+000  0.000000000000000E+000  0.000000000000000E+000  0.100000000000000E+001  0.000000000000000E+000  0.000000000000000E+000  0.000000000000000E+000  0.100000000000000E+001  0.100000000000000E+001  0.000000000000000E+000  0.000000000000000E+000
  0.101562500000000E+001 -0.575279927198657E+004 -0.313775672111660E-010  0.685230723309550E+005 -0.273576006293297E-008 -0.355082442163212E+006 -0.269210431724787E-009  0.100000000000000E+001  0.000000000000000E+000  0.000000000000000E+000  0.000000000000000E+000  0.100000000000000E+001  0.000000000000000E+000  0.000000000000000E+000  0.000000000000000E+000  0.100000000000000E+001  0.100000000000000E+001  0.000000000000000E+000  0.000000000000000E+000
  0.101875000000000E+001 -0.590023950187769E+004 -0.377440301235765E-010  0.693142997186380E+005 -0.251748133450747E-008 -0.359100978241565E+006 -0.225554686039686E-009  0.100000000000000E+001  0.000000000000000E+000  0.000000000000000E+000  0.000000000000000E+000  0.100000000000000E+001  0.000000000000000E+000  0.000000000000000E+000  0.000000000000000E+000  0.100000000000000E+001  0.100000000000000E+001  0.000000000000000E+000  0.000000000000000E+000
  0.102187500000000E+001 -0.602011253504028E+004 -0.591171556152403E-011  0.699691749545104E+005 -0.407453626394272E-009 -0.362441944234545E+006 -0.105501385405660E-009  0.100000000000000E+001  0.000000000000000E+000  0.000000000000000E+000  0.000000000000000E+000  0.100000000000000E+001  0.000000000000000E+000  0.000000000000000E+000  0.000000000000000E+000  0.100000000000000E+001  0.100000000000000E+001  0.000000000000000E+000  0.000000000000000E+000
  0.102500000000000E+001 -0.611849412439312E+004 -0.181898940354586E-010  0.705135280826989E+005 -0.376894604414701E-008 -0.365227048567373E+006 -0.221916707232594E-009  0.100000000000000E+001  0.000000000000000E+000  0.000000000000000E+000  0.000000000000000E+000  0.100000000000000E+001  0.000000000000000E+000  0.000000000000000E+000  0.000000000000000E+000  0.100000000000000E+001  0.100000000000000E+001  0.000000000000000E+000  0.000000000000000E+000
  0.102812500000000E+001 -0.620000464762188E+004 -0.341060513164848E-010  0.709692377747056E+005 -0.785803422331810E-008 -0.367563263541101E+006 -0.272848410531878E-009  0.100000000000000E+001  0.000000000000000E+000  0.000000000000000E+000  0.000000000000000E+000  0.100000000000000E+001  0.000000000000000E+000  0.000000000000000E+000  0.000000000000000E+000  0.100000000000000E+001  0.100000000000000E+001  0.000000000000000E+000  0.000000000000000E+000
  0.103125000000000E+001 -0.626815547686204E+004 -0.763975549489260E-010  0.713535515319041E+005 -0.189174897968769E-008 -0.369536287144976E+006 -0.545696821063757E-009  0.100000000000000E+001  0.000000000000000E+000  0.000000000000000E+000  0.000000000000000E+000  0.100000000000000E+001  0.000000000000000E+000  0.000000000000000E+000  0.000000000000000E+000  0.100000000000000E+001  0.100000000000000E+001  0.000000000000000E+000  0.000000000000000E+000
  0.103437500000000E+001 -0.632563924654305E+004 -0.572981662116945E-010  0.716801399021134E+005 -0.305590219795704E-009 -0.371214860861742E+006 -0.527506927028298E-009  0.100000000000000E+001  0.000000000000000E+000  0.000000000000000E+000  0.000000000000000E+000  0.100000000000000E+001  0.000000000000000E+000  0.000000000000000E+000  0.000000000000000E+000  0.100000000000000E+001  0.100000000000000E+001  0.000000000000000E+000  0.000000000000000E+000
  0.103750000000000E+001 -0.637452341618392E+004 -0.404725142288953E-010  0.719595914523715E+005 -0.122236087918282E-008 -0.372652472512017E+006 -0.269210431724787E-009  0.100000000000000E+001  0.000000000000000E+000  0.000000000000000E+000  0.000000000000000E+000  0.100000000000000E+001  0.000000000000000E+000  0.000000000000000E+000  0.000000000000000E+000  0.100000000000000E+001  0.100000000000000E+001  0.000000000000000E+000  0.000000000000000E+000
  0.104062500000000E+001 -0.641640853986652E+004  0.682121026329696E-011  0.722002323798295E+005 -0.487489160150290E-008 -0.373891283505103E+006 -0.105501385405660E-009  0.100000000000000E+001  0.000000000000000E+000  0.000000000000000E+000  0.000000000000000E+000  0.100000000000000E+001  0.000000000000000E+000  0.000000000000000E+000  0.000000000000000E+000  0.100000000000000E+001  0.100000000000000E+001  0.000000000000000E+000  0.000000000000000E+000
  0.104375000000000E+001 -0.645254713073580E+004 -0.295585778076202E-010  0.724087056513646E+005 -0.899308361113071E-008 -0.374965035286263E+006 -0.385625753551722E-009  0.100000000000000E+001  0.000000000000000E+000  0.000000000000000E+000  0.000000000000000E+000  0.100000000000000E+001  0.000000000000000E+000  0.000000000000000E+000  0.000000000000000E+000  0.100000000000000E+001  0.100000000000000E+001  0.000000000000000E+000  0.000000000000000E+000
  0.104687500000000E+001 -0.648392855408492E+004 -0.618456397205591E-010  0.725903419315333E+005  0.250292941927910E-008 -0.375900890727747E+006 -0.603904481977224E-009  0.100000000000000E+001  0.000000000000000E+000  0.000000000000000E+000  0.000000000000000E+000  0.100000000000000E+001  0.000000000000000E+000  0.000000000000000E+000  0.000000000000000E+000  0.100000000000000E+001  0.100000000000000E+001  0.000000000000000E+000  0.000000000000000E+000
  0.105000000000000E+001 -0.651134077154693E+004 -0.318323145620525E-010  0.727494385123332E+005 -0.362342689186335E-008 -0.376720807350530E+006 -0.367435859516263E-009  0.100000000000000E+001  0.000000000000000E+000  0.000000000000000E+000  0.000000000000000E+000  0.100000000000000E+001  0.000000000000000E+000  0.000000000000000E+000  0.000000000000000E+000  0.100000000000000E+001  0.100000000000000E+001  0.000000000000000E+000  0.000000000000000E+000
  0.105312500000000E+001 -0.653541621690525E+004 -0.450199877377599E-010  0.728894780157198E+005 -0.222644302994013E-008 -0.377442618936291E+006 -0.276486389338970E-009  0.100000000000000E+001  0.000000000000000E+000  0.000000000000000E+000  0.000000000000000E+000  0.100000000000000E+001  0.000000000000000E+000  0.000000000000000E+000  0.000000000000000E+000  0.100000000000000E+001  0.100000000000000E+001  0.000000000000000E+000  0.000000000000000E+000
  0.105625000000000E+001 -0.655666630519551E+004 -0.381987774744630E-010  0.730132996278117E+005 -0.788713805377483E-008 -0.378080889252630E+006 -0.305590219795704E-009  0.100000000000000E+001  0.000000000000000E+000  0.000000000000000E+000  0.000000000000000E+000  0.100000000000000E+001  0.000000000000000E+000  0.000000000000000E+000  0.000000000000000E+000  0.100000000000000E+001  0.100000000000000E+001  0.000000000000000E+000  0.000000000000000E+000
  0.105937500000000E+001 -0.657550761325833E+004 -0.532054400537163E-010  0.731232326050479E+005 -0.621366780251265E-008 -0.378647582498872E+006 -0.462023308500648E-009  0.100000000000000E+001  0.000000000000000E+000  0.000000000000000E+000  0.000000000000000E+000  0.100000000000000E+001  0.000000000000000E+000  0.000000000000000E+000  0.000000000000000E+000  0.100000000000000E+001  0.100000000000000E+001  0.000000000000000E+000  0.000000000000000E+000
  0.106250000000000E+001 -0.659228189762747E+004 -0.854925019666553E-010  0.732212003858821E+005 -0.445288605988026E-008 -0.379152589115913E+006 -0.687577994540334E-009  0.100000000000000E+001  0.000000000000000E+000  0.000000000000000E+000  0.000000000000000E+000  0.100000000000000E+001  0.000000000000000E+000  0.000000000000000E+000  0.000000000000000E+000  0.100000000000000E+001  0.100000000000000E+001  0.000000000000000E+000  0.000000000000000E+000
  0.106562500000000E+001 -0.660727151245342E+004 -0.522959453519434E-010  0.733088019947219E+005 -0.836735125631094E-008 -0.379604138658064E+006 -0.502041075378656E-009  0.100000000000000E+001  0.000000000000000E+000  0.000000000000000E+000  0.000000000000000E+000  0.100000000000000E+001  0.000000000000000E+000  0.000000000000000E+000  0.000000000000000E+000  0.100000000000000E+001  0.100000000000000E+001  0.000000000000000E+000  0.000000000000000E+000
  0.106875000000000E+001 -0.662071137065416E+004 -0.600266503170133E-010  0.733873758380127E+005 -0.547152012586594E-008 -0.380009124473695E+006 -0.611180439591408E-009  0.100000000000000E+001  0.000000000000000E+000  0.000000000000000E+000  0.000000000000000E+000  0.100000000000000E+001  0.000000000000000E+000  0.000000000000000E+000  0.000000000000000E+000  0.100000000000000E+001  0.100000000000000E+001  0.000000000000000E+000  0.000000000000000E+000
  0.107187500000000E+001 -0.663364001927176E+004 -0.845830072648823E-010  0.734723462497452E+005 -0.622821971774101E-008 -0.380449664197298E+006 -0.723957782611251E-009  0.100000000000000E+001  0.000000000000000E+000  0.000000000000000E+000  0.000000000000000E+000  0.100000000000000E+001  0.000000000000000E+000  0.000000000000000E+000  0.000000000000000E+000  0.100000000000000E+001  0.100000000000000E+001  0.000000000000000E+000  0.000000000000000E+000
  0.107500000000000E+001 -0.664872962683750E+004 -0.318323145620525E-010  0.735967853302380E+005 -0.475847627967596E-008 -0.381102187467846E+006 -0.331056071445346E-009  0.100000000000000E+001  0.000000000000000E+000  0.000000000000000E+000  0.000000000000000E+000  0.100000000000000E+001  0.000000000000000E+000  0.000000000000000E+000  0.000000000000000E+000  0.100000000000000E+001  0.100000000000000E+001  0.000000000000000E+000  0.000000000000000E+000
  0.107812500000000E+001 -0.666588917679696E+004 -0.441104930359870E-010  0.737371992462085E+005 -0.304135028272867E-008 -0.381838580172242E+006 -0.360159901902080E-009  0.100000000000000E+001  0.000000000000000E+000  0.000000000000000E+000  0.000000000000000E+000  0.100000000000000E+001  0.000000000000000E+000  0.000000000000000E+000  0.000000000000000E+000  0.100000000000000E+001  0.100000000000000E+001  0.000000000000000E+000  0.000000000000000E+000
  0.108125000000000E+001 -0.669163893194037E+004 -0.418367562815547E-010  0.739989306481815E+005 -0.699947122484446E-008 -0.383220681601272E+006 -0.487489160150290E-009  0.100000000000000E+001  0.000000000000000E+000  0.000000000000000E+000  0.000000000000000E+000  0.100000000000000E+001  0.000000000000000E+000  0.000000000000000E+000  0.000000000000000E+000  0.100000000000000E+001  0.100000000000000E+001  0.000000000000000E+000  0.000000000000000E+000
  0.108437500000000E+001 -0.672612337704213E+004 -0.591171556152403E-010  0.743272620204893E+005 -0.618456397205591E-008 -0.384950910943227E+006 -0.691215973347425E-009  0.100000000000000E+001  0.000000000000000E+000  0.000000000000000E+000  0.000000000000000E+000  0.100000000000000E+001  0.000000000000000E+000  0.000000000000000E+000  0.000000000000000E+000  0.100000000000000E+001  0.100000000000000E+001  0.000000000000000E+000  0.000000000000000E+000
  0.108750000000000E+001 -0.673663922060988E+004 -0.891304807737470E-010  0.741730845585514E+005  0.130967237055302E-009 -0.384093595836371E+006 -0.800355337560177E-009  0.100000000000000E+001  0.000000000000000E+000  0.000000000000000E+000  0.000000000000000E+000  0.100000000000000E+001  0.000000000000000E+000  0.000000000000000E+000  0.000000000000000E+000  0.100000000000000E+001  0.100000000000000E+001  0.000000000000000E+000  0.000000000000000E+000
  0.109062500000000E+001 -0.674704032738021E+004 -0.504769559483975E-010  0.742096636869004E+005 -0.570435076951981E-008 -0.384267772104946E+006 -0.440195435658097E-009  0.100000000000000E+001  0.000000000000000E+000  0.000000000000000E+000  0.000000000000000E+000  0.100000000000000E+001  0.000000000000000E+000  0.000000000000000E+000  0.000000000000000E+000  0.100000000000000E+001  0.100000000000000E+001  0.000000000000000E+000  0.000000000000000E+000
  0.109375000000000E+001 -0.675508489216276E+004 -0.618456397205591E-010  0.742376434630044E+005 -0.746513251215219E-008 -0.384403622722839E+006 -0.658474164083600E-009  0.100000000000000E+001  0.000000000000000E+000  0.000000000000000E+000  0.000000000000000E+000  0.100000000000000E+001  0.000000000000000E+000  0.000000000000000E+000  0.000000000000000E+000  0.100000000000000E+001  0.100000000000000E+001  0.000000000000000E+000  0.000000000000000E+000
  0.109687500000000E+001 -0.676168208775854E+004 -0.659383658785373E-010  0.742662023279100E+005 -0.916770659387112E-008 -0.384546362199572E+006 -0.549334799870849E-009  0.100000000000000E+001  0.000000000000000E+000  0.000000000000000E+000  0.000000000000000E+000  0.100000000000000E+001  0.000000000000000E+000  0.000000000000000E+000  0.000000000000000E+000  0.100000000000000E+001  0.100000000000000E+001  0.000000000000000E+000  0.000000000000000E+000
  0.110000000000000E+001 -0.676705668455735E+004 -0.500222085975111E-010  0.742900564464114E+005 -0.231375452131033E-008 -0.384666212097576E+006 -0.447471393272281E-009  0.100000000000000E+001  0.000000000000000E+000  0.000000000000000E+000  0.000000000000000E+000  0.100000000000000E+001  0.000000000000000E+000  0.000000000000000E+000  0.000000000000000E+000  0.100000000000000E+001  0.100000000000000E+001  0.000000000000000E+000  0.000000000000000E+000
  0.110312500000000E+001 -0.677149822015020E+004 -0.645741238258779E-010  0.743107672375698E+005 -0.531144905835390E-008 -0.384770829483160E+006 -0.596628524363041E-009  0.100000000000000E+001  0.000000000000000E+000  0.000000000000000E+000  0.000000000000000E+000  0.100000000000000E+001  0.000000000000000E+000  0.000000000000000E+000  0.000000000000000E+000  0.100000000000000E+001  0.100000000000000E+001  0.000000000000000E+000  0.000000000000000E+000
  0.110625000000000E+001 -0.677520269794547E+004 -0.673026079311967E-010  0.743286511583959E+005 -0.711588654667139E-008 -0.384861497775286E+006 -0.647560227662325E-009  0.100000000000000E+001  0.000000000000000E+000  0.000000000000000E+000  0.000000000000000E+000  0.100000000000000E+001  0.000000000000000E+000  0.000000000000000E+000  0.000000000000000E+000  0.100000000000000E+001  0.100000000000000E+001  0.000000000000000E+000  0.000000000000000E+000
  0.110937500000000E+001 -0.677831671770445E+004 -0.782165443524718E-010  0.743440772212502E+005 -0.689760781824589E-008 -0.384939907959699E+006 -0.585714587941766E-009  0.100000000000000E+001  0.000000000000000E+000  0.000000000000000E+000  0.000000000000000E+000  0.100000000000000E+001  0.000000000000000E+000  0.000000000000000E+000  0.000000000000000E+000  0.100000000000000E+001  0.100000000000000E+001  0.000000000000000E+000  0.000000000000000E+000
  0.111250000000000E+001 -0.678095234132979E+004 -0.518411980010569E-010  0.743573960942510E+005 -0.951695255935192E-008 -0.385007735900634E+006 -0.651198206469417E-009  0.100000000000000E+001  0.000000000000000E+000  0.000000000000000E+000  0.000000000000000E+000  0.100000000000000E+001  0.000000000000000E+000  0.000000000000000E+000  0.000000000000000E+000  0.100000000000000E+001  0.100000000000000E+001  0.000000000000000E+000  0.000000000000000E+000
  0.111562500000000E+001 -0.678319667355369E+004 -0.700310920365155E-010  0.743689192323567E+005 -0.633008312433958E-008 -0.385066503477788E+006 -0.542058842256665E-009  0.100000000000000E+001  0.000000000000000E+000  0.000000000000000E+000  0.000000000000000E+000  0.100000000000000E+001  0.000000000000000E+000  0.000000000000000E+000  0.000000000000000E+000  0.100000000000000E+001  0.100000000000000E+001  0.000000000000000E+000  0.000000000000000E+000
  0.111875000000000E+001 -0.678511823828545E+004 -0.673026079311967E-010  0.743789133004568E+005 -0.311410985887051E-008 -0.385117530446359E+006 -0.527506927028298E-009  0.100000000000000E+001  0.000000000000000E+000  0.000000000000000E+000  0.000000000000000E+000  0.100000000000000E+001  0.000000000000000E+000  0.000000000000000E+000  0.000000000000000E+000  0.100000000000000E+001  0.100000000000000E+001  0.000000000000000E+000  0.000000000000000E+000
  0.112187500000000E+001 -0.678677143394037E+004 -0.250111042987555E-010  0.743876024243808E+005 -0.807631295174360E-008 -0.385161934274706E+006 -0.349245965480804E-009  0.100000000000000E+001  0.000000000000000E+000  0.000000000000000E+000  0.000000000000000E+000  0.100000000000000E+001  0.000000000000000E+000  0.000000000000000E+000  0.000000000000000E+000  0.100000000000000E+001  0.100000000000000E+001  0.000000000000000E+000  0.000000000000000E+000
  0.112500000000000E+001 -0.678819989124253E+004 -0.845830072648823E-010  0.743951753232646E+005 -0.365253072232008E-008 -0.385200661112786E+006 -0.814907252788544E-009  0.100000000000000E+001  0.000000000000000E+000  0.000000000000000E+000  0.000000000000000E+000  0.100000000000000E+001  0.000000000000000E+000  0.000000000000000E+000  0.000000000000000E+000  0.100000000000000E+001  0.100000000000000E+001  0.000000000000000E+000  0.000000000000000E+000
  0.112812500000000E+001 -0.678943893098686E+004 -0.709405867382884E-010  0.744017909114516E+005 -0.519503373652697E-008 -0.385234511174667E+006 -0.658474164083600E-009  0.100000000000000E+001  0.000000000000000E+000  0.000000000000000E+000  0.000000000000000E+000  0.100000000000000E+001  0.000000000000000E+000  0.000000000000000E+000  0.000000000000000E+000  0.100000000000000E+001  0.100000000000000E+001  0.000000000000000E+000  0.000000000000000E+000
  0.113125000000000E+001 -0.679051738126404E+004 -0.773070496506989E-010  0.744075830349208E+005 -0.552972778677940E-009 -0.385264160765804E+006 -0.702129909768701E-009  0.100000000000000E+001  0.000000000000000E+000  0.000000000000000E+000  0.000000000000000E+000  0.100000000000000E+001  0.000000000000000E+000  0.000000000000000E+000  0.000000000000000E+000  0.100000000000000E+001  0.100000000000000E+001  0.000000000000000E+000  0.000000000000000E+000
  0.113437500000000E+001 -0.679145894408120E+004 -0.400177668780088E-010  0.744126645923519E+005 -0.291038304567337E-009 -0.385290181900631E+006 -0.294676283374429E-009  0.100000000000000E+001  0.000000000000000E+000  0.000000000000000E+000  0.000000000000000E+000  0.100000000000000E+001  0.000000000000000E+000  0.000000000000000E+000  0.000000000000000E+000  0.100000000000000E+001  0.100000000000000E+001  0.000000000000000E+000  0.000000000000000E+000
  0.113750000000000E+001 -0.679228324548523E+004 -0.609361450187862E-010  0.744171311809309E+005 -0.643194653093815E-008 -0.385313060025096E+006 -0.323780113831162E-009  0.100000000000000E+001  0.000000000000000E+000  0.000000000000000E+000  0.000000000000000E+000  0.100000000000000E+001  0.000000000000000E+000  0.000000000000000E+000  0.000000000000000E+000  0.100000000000000E+001  0.100000000000000E+001  0.000000000000000E+000  0.000000000000000E+000
  0.114062500000000E+001 -0.679300666625576E+004 -0.513864506501704E-010  0.744210644393513E+005 -0.739237293601036E-008 -0.385333210580273E+006 -0.454747350886464E-009  0.100000000000000E+001  0.000000000000000E+000  0.000000000000000E+000  0.000000000000000E+000  0.100000000000000E+001  0.000000000000000E+000  0.000000000000000E+000  0.000000000000000E+000  0.100000000000000E+001  0.100000000000000E+001  0.000000000000000E+000  0.000000000000000E+000
  0.114375000000000E+001 -0.679364312613873E+004 -0.563886715099216E-010  0.744245368245256E+005 -0.740692485123873E-008 -0.385351003531849E+006 -0.531144905835390E-009  0.100000000000000E+001  0.000000000000000E+000  0.000000000000000E+000  0.000000000000000E+000  0.100000000000000E+001  0.000000000000000E+000  0.000000000000000E+000  0.000000000000000E+000  0.100000000000000E+001  0.100000000000000E+001  0.000000000000000E+000  0.000000000000000E+000
  0.114687500000000E+001 -0.679420519646063E+004 -0.641193764749914E-010  0.744276219559634E+005 -0.480213202536106E-008 -0.385366817807787E+006 -0.640284270048141E-009  0.100000000000000E+001  0.000000000000000E+000  0.000000000000000E+000  0.000000000000000E+000  0.100000000000000E+001  0.000000000000000E+000  0.000000000000000E+000  0.000000000000000E+000  0.100000000000000E+001  0.100000000000000E+001  0.000000000000000E+000  0.000000000000000E+000
  0.115000000000000E+001 -0.679470554482392E+004 -0.381987774744630E-010  0.744304076601096E+005 -0.119325704872608E-007 -0.385381110088702E+006 -0.447471393272281E-009  0.100000000000000E+001  0.000000000000000E+000  0.000000000000000E+000  0.000000000000000E+000  0.100000000000000E+001  0.000000000000000E+000  0.000000000000000E+000  0.000000000000000E+000  0.100000000000000E+001  0.100000000000000E+001  0.000000000000000E+000  0.000000000000000E+000
  0.115312500000000E+001 -0.679515841951365E+004 -0.845830072648823E-010  0.744330080690066E+005 -0.608270056545734E-008 -0.385394477723930E+006 -0.869476934894919E-009  0.100000000000000E+001  0.000000000000000E+000  0.000000000000000E+000  0.000000000000000E+000  0.100000000000000E+001  0.000000000000000E+000  0.000000000000000E+000  0.000000000000000E+000  0.100000000000000E+001  0.100000000000000E+001  0.000000000000000E+000  0.000000000000000E+000
  0.115625000000000E+001 -0.679558111703965E+004 -0.995896698441356E-010  0.744355703315235E+005 -0.277941580861807E-008 -0.385407693261913E+006 -0.945874489843845E-009  0.100000000000000E+001  0.000000000000000E+000  0.000000000000000E+000  0.000000000000000E+000  0.100000000000000E+001  0.000000000000000E+000  0.000000000000000E+000  0.000000000000000E+000  0.100000000000000E+001  0.100000000000000E+001  0.000000000000000E+000  0.000000000000000E+000
  0.115937500000000E+001 -0.679598826733287E+004 -0.477484718430787E-010  0.744381710437240E+005 -0.541331246495247E-008 -0.385421149756847E+006 -0.403815647587180E-009  0.100000000000000E+001  0.000000000000000E+000  0.000000000000000E+000  0.000000000000000E+000  0.100000000000000E+001  0.000000000000000E+000  0.000000000000000E+000  0.000000000000000E+000  0.100000000000000E+001  0.100000000000000E+001  0.000000000000000E+000  0.000000000000000E+000
  0.116250000000000E+001 -0.679638185058268E+004 -0.677573552820832E-010  0.744407126154688E+005 -0.161526259034872E-008 -0.385434307509331E+006 -0.585714587941766E-009  0.100000000000000E+001  0.000000000000000E+000  0.000000000000000E+000  0.000000000000000E+000  0.100000000000000E+001  0.000000000000000E+000  0.000000000000000E+000  0.000000000000000E+000  0.100000000000000E+001  0.100000000000000E+001  0.000000000000000E+000  0.000000000000000E+000
  0.116562500000000E+001 -0.679675266612139E+004 -0.686668499838561E-010  0.744430069875754E+005 -0.333238858729601E-008 -0.385446153840444E+006 -0.556610757485032E-009  0.100000000000000E+001  0.000000000000000E+000  0.000000000000000E+000  0.000000000000000E+000  0.100000000000000E+001  0.000000000000000E+000  0.000000000000000E+000  0.000000000000000E+000  0.100000000000000E+001  0.100000000000000E+001  0.000000000000000E+000  0.000000000000000E+000
  0.116875000000000E+001 -0.679707146784838E+004 -0.591171556152403E-010  0.744446370117734E+005 -0.454019755125046E-008 -0.385454465873767E+006 -0.629370333626866E-009  0.100000000000000E+001  0.000000000000000E+000  0.000000000000000E+000  0.000000000000000E+000  0.100000000000000E+001  0.000000000000000E+000  0.000000000000000E+000  0.000000000000000E+000  0.100000000000000E+001  0.100000000000000E+001  0.000000000000000E+000  0.000000000000000E+000
  0.117187500000000E+001 -0.679731716615528E+004 -0.813997758086771E-010  0.744455273676233E+005 -0.276486389338970E-008 -0.385458865476964E+006 -0.731233740225434E-009  0.100000000000000E+001  0.000000000000000E+000  0.000000000000000E+000  0.000000000000000E+000  0.100000000000000E+001  0.000000000000000E+000  0.000000000000000E+000  0.000000000000000E+000  0.100000000000000E+001  0.100000000000000E+001  0.000000000000000E+000  0.000000000000000E+000
  0.117500000000000E+001 -0.679752113829111E+004 -0.441104930359870E-010  0.744464150343487E+005 -0.695581547915936E-008 -0.385463316962473E+006 -0.451109372079372E-009  0.100000000000000E+001  0.000000000000000E+000  0.000000000000000E+000  0.000000000000000E+000  0.100000000000000E+001  0.000000000000000E+000  0.000000000000000E+000  0.000000000000000E+000  0.100000000000000E+001  0.100000000000000E+001  0.000000000000000E+000  0.000000000000000E+000
  0.117812500000000E+001 -0.679769212049596E+004 -0.110958353616297E-009  0.744472090162584E+005 -0.133877620100975E-008 -0.385467324064120E+006 -0.869476934894919E-009  0.100000000000000E+001  0.000000000000000E+000  0.000000000000000E+000  0.000000000000000E+000  0.100000000000000E+001  0.000000000000000E+000  0.000000000000000E+000  0.000000000000000E+000  0.100000000000000E+001  0.100000000000000E+001  0.000000000000000E+000  0.000000000000000E+000
  0.118125000000000E+001 -0.679783652782584E+004 -0.677573552820832E-010  0.744479040422128E+005 -0.176078174263239E-008 -0.385470844645712E+006 -0.458385329693556E-009  0.100000000000000E+001  0.000000000000000E+000  0.000000000000000E+000  0.000000000000000E+000  0.100000000000000E+001  0.000000000000000E+000  0.000000000000000E+000  0.000000000000000E+000  0.100000000000000E+001  0.100000000000000E+001  0.000000000000000E+000  0.000000000000000E+000
  0.118437500000000E+001 -0.679795897213980E+004 -0.395630195271224E-010  0.744485049357992E+005 -0.558793544769287E-008 -0.385473894665137E+006 -0.301952240988612E-009  0.100000000000000E+001  0.000000000000000E+000  0.000000000000000E+000  0.000000000000000E+000  0.100000000000000E+001  0.000000000000000E+000  0.000000000000000E+000  0.000000000000000E+000  0.100000000000000E+001  0.100000000000000E+001  0.000000000000000E+000  0.000000000000000E+000
  0.118750000000000E+001 -0.679806321771413E+004 -0.418367562815547E-010  0.744490244528708E+005 -0.110885594040155E-007 -0.385476535645173E+006 -0.534782884642482E-009  0.100000000000000E+001  0.000000000000000E+000  0.000000000000000E+000  0.000000000000000E+000  0.100000000000000E+001  0.000000000000000E+000  0.000000000000000E+000  0.000000000000000E+000  0.100000000000000E+001  0.100000000000000E+001  0.000000000000000E+000  0.000000000000000E+000
  0.119062500000000E+001 -0.679815228810636E+004 -0.882209860719740E-010  0.744494738709939E+005 -0.484578777104616E-008 -0.385478822975866E+006 -0.640284270048141E-009  0.100000000000000E+001  0.000000000000000E+000  0.000000000000000E+000  0.000000000000000E+000  0.100000000000000E+001  0.000000000000000E+000  0.000000000000000E+000  0.000000000000000E+000  0.100000000000000E+001  0.100000000000000E+001  0.000000000000000E+000  0.000000000000000E+000
  0.119375000000000E+001 -0.679822863590765E+004 -0.591171556152403E-010  0.744498630135673E+005  0.771251507103443E-009 -0.385480805392921E+006 -0.563886715099216E-009  0.100000000000000E+001  0.000000000000000E+000  0.000000000000000E+000  0.000000000000000E+000  0.100000000000000E+001  0.000000000000000E+000  0.000000000000000E+000  0.000000000000000E+000  0.100000000000000E+001  0.100000000000000E+001  0.000000000000000E+000  0.000000000000000E+000
  0.119687500000000E+001 -0.679829426789725E+004 -0.618456397205591E-010  0.744502003699019E+005 -0.160071067512035E-009 -0.385482525301921E+006 -0.411091605201364E-009  0.100000000000000E+001  0.000000000000000E+000  0.000000000000000E+000  0.000000000000000E+000  0.100000000000000E+001  0.000000000000000E+000  0.000000000000000E+000  0.000000000000000E+000  0.100000000000000E+001  0.100000000000000E+001  0.000000000000000E+000  0.000000000000000E+000
  0.120000000000000E+001 -0.679835083693515E+004 -0.532054400537163E-010  0.744504932171875E+005 -0.539876054972410E-008 -0.385484019228201E+006 -0.407453626394272E-009  0.100000000000000E+001  0.000000000000000E+000  0.000000000000000E+000  0.000000000000000E+000  0.100000000000000E+001  0.000000000000000E+000  0.000000000000000E+000  0.000000000000000E+000  0.100000000000000E+001  0.100000000000000E+001  0.000000000000000E+000  0.000000000000000E+000
  0.120312500000000E+001 -0.679839971146703E+004 -0.773070496506989E-010  0.744507477615297E+005 -0.458385329693556E-008 -0.385485318427672E+006 -0.818545231595635E-009  0.100000000000000E+001  0.000000000000000E+000  0.000000000000000E+000  0.000000000000000E+000  0.100000000000000E+001  0.000000000000000E+000  0.000000000000000E+000  0.000000000000000E+000  0.100000000000000E+001  0.100000000000000E+001  0.000000000000000E+000  0.000000000000000E+000
  0.120625000000000E+001 -0.679844202976911E+004 -0.600266503170133E-010  0.744509692884879E+005 -0.797444954514503E-008 -0.385486449588617E+006 -0.603904481977224E-009  0.100000000000000E+001  0.000000000000000E+000  0.000000000000000E+000  0.000000000000000E+000  0.100000000000000E+001  0.000000000000000E+000  0.000000000000000E+000  0.000000000000000E+000  0.100000000000000E+001  0.100000000000000E+001  0.000000000000000E+000  0.000000000000000E+000
  0.120937500000000E+001 -0.679847874305055E+004 -0.659383658785373E-010  0.744511623056765E+005 -0.486033968627453E-008 -0.385487435519170E+006 -0.603904481977224E-009  0.100000000000000E+001  0.000000000000000E+000  0.000000000000000E+000  0.000000000000000E+000  0.100000000000000E+001  0.000000000000000E+000  0.000000000000000E+000  0.000000000000000E+000  0.100000000000000E+001  0.100000000000000E+001  0.000000000000000E+000  0.000000000000000E+000
  0.121250000000000E+001 -0.679851064977173E+004 -0.527506927028298E-010  0.744513306646559E+005 -0.183354131877422E-008 -0.385488295742821E+006 -0.425643520429730E-009  0.100000000000000E+001  0.000000000000000E+000  0.000000000000000E+000  0.000000000000000E+000  0.100000000000000E+001  0.000000000000000E+000  0.000000000000000E+000  0.000000000000000E+000  0.100000000000000E+001  0.100000000000000E+001  0.000000000000000E+000  0.000000000000000E+000
  0.121562500000000E+001 -0.679853842298525E+004 -0.295585778076202E-010  0.744514776621641E+005 -0.423460733145475E-008 -0.385489046996004E+006 -0.400177668780088E-009  0.100000000000000E+001  0.000000000000000E+000  0.000000000000000E+000  0.000000000000000E+000  0.100000000000000E+001  0.000000000000000E+000  0.000000000000000E+000  0.000000000000000E+000  0.100000000000000E+001  0.100000000000000E+001  0.000000000000000E+000  0.000000000000000E+000
  0.121875000000000E+001 -0.679856263246841E+004 -0.409272615797818E-010  0.744516061287430E+005 -0.101426849141717E-007 -0.385489703667819E+006 -0.447471393272281E-009  0.100000000000000E+001  0.000000000000000E+000  0.000000000000000E+000  0.000000000000000E+000  0.100000000000000E+001  0.000000000000000E+000  0.000000000000000E+000  0.000000000000000E+000  0.100000000000000E+001  0.100000000000000E+001  0.000000000000000E+000  0.000000000000000E+000
  0.122187500000000E+001 -0.679858376342038E+004 -0.577529135625809E-010  0.744517185149186E+005 -0.372529029846191E-008 -0.385490278233692E+006 -0.691215973347425E-009  0.100000000000000E+001  0.000000000000000E+000  0.000000000000000E+000  0.000000000000000E+000  0.100000000000000E+001  0.000000000000000E+000  0.000000000000000E+000  0.000000000000000E+000  0.100000000000000E+001  0.100000000000000E+001  0.000000000000000E+000  0.000000000000000E+000
  0.122500000000000E+001 -0.679860223280864E+004 -0.704858393874019E-010  0.744518169748847E+005 -0.315776560455561E-008 -0.385490781680734E+006 -0.483851181343198E-009  0.100000000000000E+001  0.000000000000000E+000  0.000000000000000E+000  0.000000000000000E+000  0.100000000000000E+001  0.000000000000000E+000  0.000000000000000E+000  0.000000000000000E+000  0.100000000000000E+001  0.100000000000000E+001  0.000000000000000E+000  0.000000000000000E+000
  0.122812500000000E+001 -0.679861840479885E+004 -0.791260390542448E-010  0.744519034590749E+005 -0.366708263754845E-008 -0.385491223983813E+006 -0.629370333626866E-009  0.100000000000000E+001  0.000000000000000E+000  0.000000000000000E+000  0.000000000000000E+000  0.100000000000000E+001  0.000000000000000E+000  0.000000000000000E+000  0.000000000000000E+000  0.100000000000000E+001  0.100000000000000E+001  0.000000000000000E+000  0.000000000000000E+000
  0.123125000000000E+001 -0.679863260495977E+004 -0.472937244921923E-010  0.744519797970153E+005 -0.189174897968769E-008 -0.385491614531455E+006 -0.498403096571565E-009  0.100000000000000E+001  0.000000000000000E+000  0.000000000000000E+000  0.000000000000000E+000  0.100000000000000E+001  0.000000000000000E+000  0.000000000000000E+000  0.000000000000000E+000  0.100000000000000E+001  0.100000000000000E+001  0.000000000000000E+000  0.000000000000000E+000
  0.123437500000000E+001 -0.679864512936874E+004 -0.691215973347425E-010  0.744520477107150E+005 -0.267755240201950E-008 -0.385491962181572E+006 -0.662112142890692E-009  0.100000000000000E+001  0.000000000000000E+000  0.000000000000000E+000  0.000000000000000E+000  0.100000000000000E+001  0.000000000000000E+000  0.000000000000000E+000  0.000000000000000E+000  0.100000000000000E+001  0.100000000000000E+001  0.000000000000000E+000  0.000000000000000E+000
  0.123750000000000E+001 -0.679865624254693E+004 -0.713953340891749E-010  0.744521086931554E+005 -0.552972778677940E-009 -0.385492274599608E+006 -0.629370333626866E-009  0.100000000000000E+001  0.000000000000000E+000  0.000000000000000E+000  0.000000000000000E+000  0.100000000000000E+001  0.000000000000000E+000  0.000000000000000E+000  0.000000000000000E+000  0.100000000000000E+001  0.100000000000000E+001  0.000000000000000E+000  0.000000000000000E+000
  0.124062500000000E+001 -0.679866616105392E+004 -0.654836185276508E-010  0.744521637484334E+005 -0.465661287307739E-009 -0.385492556867590E+006 -0.680302036926150E-009  0.100000000000000E+001  0.000000000000000E+000  0.000000000000000E+000  0.000000000000000E+000  0.100000000000000E+001  0.000000000000000E+000  0.000000000000000E+000  0.000000000000000E+000  0.100000000000000E+001  0.100000000000000E+001  0.000000000000000E+000  0.000000000000000E+000
  0.124375000000000E+001 -0.679867502745903E+004 -0.331965566147119E-010  0.744522131108810E+005 -0.148429535329342E-008 -0.385492809995027E+006 -0.251020537689328E-009  0.100000000000000E+001  0.000000000000000E+000  0.000000000000000E+000  0.000000000000000E+000  0.100000000000000E+001  0.000000000000000E+000  0.000000000000000E+000  0.000000000000000E+000  0.100000000000000E+001  0.100000000000000E+001  0.000000000000000E+000  0.000000000000000E+000
  0.124687500000000E+001 -0.679868290373996E+004 -0.550244294572622E-010  0.744522563713072E+005 -0.960426405072212E-009 -0.385493031618701E+006 -0.298314262181520E-009  0.100000000000000E+001  0.000000000000000E+000  0.000000000000000E+000  0.000000000000000E+000  0.100000000000000E+001  0.000000000000000E+000  0.000000000000000E+000  0.000000000000000E+000  0.100000000000000E+001  0.100000000000000E+001  0.000000000000000E+000  0.000000000000000E+000
  0.125000000000000E+001 -0.679868980377508E+004 -0.341060513164848E-010  0.744522930793869E+005 -0.500585883855820E-008 -0.385493219241805E+006 -0.218278728425503E-009  0.100000000000000E+001  0.000000000000000E+000  0.000000000000000E+000  0.000000000000000E+000  0.100000000000000E+001  0.000000000000000E+000  0.000000000000000E+000  0.000000000000000E+000  0.100000000000000E+001  0.100000000000000E+001  0.000000000000000E+000  0.000000000000000E+000
  0.125312500000000E+001 -0.679869574582425E+004 -0.400177668780088E-010  0.744523233715331E+005 -0.518048182129860E-008 -0.385493373570876E+006 -0.316504156216979E-009  0.100000000000000E+001  0.000000000000000E+000  0.000000000000000E+000  0.000000000000000E+000  0.100000000000000E+001  0.000000000000000E+000  0.000000000000000E+000  0.000000000000000E+000  0.100000000000000E+001  0.100000000000000E+001  0.000000000000000E+000  0.000000000000000E+000
  0.125625000000000E+001 -0.679870081690881E+004 -0.677573552820832E-010  0.744523485613975E+005 -0.733416527509689E-008 -0.385493501621749E+006 -0.723957782611251E-009  0.100000000000000E+001  0.000000000000000E+000  0.000000000000000E+000  0.000000000000000E+000  0.100000000000000E+001  0.000000000000000E+000  0.000000000000000E+000  0.000000000000000E+000  0.100000000000000E+001  0.100000000000000E+001  0.000000000000000E+000  0.000000000000000E+000
  0.125937500000000E+001 -0.679870516177852E+004 -0.522959453519434E-010  0.744523703101793E+005 -0.739237293601036E-008 -0.385493612220777E+006 -0.589352566748857E-009  0.100000000000000E+001  0.000000000000000E+000  0.000000000000000E+000  0.000000000000000E+000  0.100000000000000E+001  0.000000000000000E+000  0.000000000000000E+000  0.000000000000000E+000  0.100000000000000E+001  0.100000000000000E+001  0.000000000000000E+000  0.000000000000000E+000
  0.126250000000000E+001 -0.679870889334322E+004 -0.563886715099216E-010  0.744523891629238E+005 -0.528234522789717E-008 -0.385493708164045E+006 -0.574800651520491E-009  0.100000000000000E+001  0.000000000000000E+000  0.000000000000000E+000  0.000000000000000E+000  0.100000000000000E+001  0.000000000000000E+000  0.000000000000000E+000  0.000000000000000E+000  0.100000000000000E+001  0.100000000000000E+001  0.000000000000000E+000  0.000000000000000E+000
  0.126562500000000E+001 -0.679871210350644E+004 -0.495674612466246E-010  0.744524054981174E+005 -0.352156348526478E-008 -0.385493791349220E+006 -0.516592990607023E-009  0.100000000000000E+001  0.000000000000000E+000  0.000000000000000E+000  0.000000000000000E+000  0.100000000000000E+001  0.000000000000000E+000  0.000000000000000E+000  0.000000000000000E+000  0.100000000000000E+001  0.100000000000000E+001  0.000000000000000E+000  0.000000000000000E+000
  0.126875000000000E+001 -0.679871486881138E+004 -0.559339241590351E-010  0.744524196475760E+005 -0.116415321826935E-009 -0.385493863441090E+006 -0.451109372079372E-009  0.100000000000000E+001  0.000000000000000E+000  0.000000000000000E+000  0.000000000000000E+000  0.100000000000000E+001  0.000000000000000E+000  0.000000000000000E+000  0.000000000000000E+000  0.100000000000000E+001  0.100000000000000E+001  0.000000000000000E+000  0.000000000000000E+000
  0.127187500000000E+001 -0.679871725394867E+004 -0.568434188608080E-010  0.744524319092829E+005 -0.317231751978397E-008 -0.385493925942036E+006 -0.443833414465189E-009  0.100000000000000E+001  0.000000000000000E+000  0.000000000000000E+000  0.000000000000000E+000  0.100000000000000E+001  0.000000000000000E+000  0.000000000000000E+000  0.000000000000000E+000  0.100000000000000E+001  0.100000000000000E+001  0.000000000000000E+000  0.000000000000000E+000
  0.127500000000000E+001 -0.679871931370422E+004 -0.363797880709171E-010  0.744524425419014E+005 -0.784348230808973E-008 -0.385493980159447E+006 -0.432919478043914E-009  0.100000000000000E+001  0.000000000000000E+000  0.000000000000000E+000  0.000000000000000E+000  0.100000000000000E+001  0.000000000000000E+000  0.000000000000000E+000  0.000000000000000E+000  0.100000000000000E+001  0.100000000000000E+001  0.000000000000000E+000  0.000000000000000E+000
  0.127812500000000E+001 -0.679872109454821E+004 -0.668478605803102E-010  0.744524517682143E+005 -0.436557456851006E-010 -0.385494027221187E+006 -0.582076609134674E-009  0.100000000000000E+001  0.000000000000000E+000  0.000000000000000E+000  0.000000000000000E+000  0.100000000000000E+001  0.000000000000000E+000  0.000000000000000E+000  0.000000000000000E+000  0.100000000000000E+001  0.100000000000000E+001  0.000000000000000E+000  0.000000000000000E+000
  0.128125000000000E+001 -0.679872263595935E+004 -0.450199877377599E-010  0.744524597797729E+005 -0.611180439591408E-009 -0.385494068098236E+006 -0.371073838323355E-009  0.100000000000000E+001  0.000000000000000E+000  0.000000000000000E+000  0.000000000000000E+000  0.100000000000000E+001  0.000000000000000E+000  0.000000000000000E+000  0.000000000000000E+000  0.100000000000000E+001  0.100000000000000E+001  0.000000000000000E+000  0.000000000000000E+000
  0.128437500000000E+001 -0.679872397152651E+004 -0.422915036324412E-010  0.744524667411955E+005 -0.344880390912294E-008 -0.385494103625922E+006 -0.352883944287896E-009  0.100000000000000E+001  0.000000000000000E+000  0.000000000000000E+000  0.000000000000000E+000  0.100000000000000E+001  0.000000000000000E+000  0.000000000000000E+000  0.000000000000000E+000  0.100000000000000E+001  0.100000000000000E+001  0.000000000000000E+000  0.000000000000000E+000
  0.128750000000000E+001 -0.679872512986981E+004 -0.627551344223320E-010  0.744524727939636E+005 -0.330328475683928E-008 -0.385494134522818E+006 -0.443833414465189E-009  0.100000000000000E+001  0.000000000000000E+000  0.000000000000000E+000  0.000000000000000E+000  0.100000000000000E+001  0.000000000000000E+000  0.000000000000000E+000  0.000000000000000E+000  0.100000000000000E+001  0.100000000000000E+001  0.000000000000000E+000  0.000000000000000E+000
  0.129062500000000E+001 -0.679872613541323E+004 -0.513864506501704E-010  0.744524780597614E+005 -0.295403879135847E-008 -0.385494161407416E+006 -0.487489160150290E-009  0.100000000000000E+001  0.000000000000000E+000  0.000000000000000E+000  0.000000000000000E+000  0.100000000000000E+001  0.000000000000000E+000  0.000000000000000E+000  0.000000000000000E+000  0.100000000000000E+001  0.100000000000000E+001  0.000000000000000E+000  0.000000000000000E+000
  0.129375000000000E+001 -0.679872700903526E+004 -0.582076609134674E-010  0.744524826433546E+005 -0.103027559816837E-007 -0.385494184812595E+006 -0.600266503170133E-009  0.100000000000000E+001  0.000000000000000E+000  0.000000000000000E+000  0.000000000000000E+000  0.100000000000000E+001  0.000000000000000E+000  0.000000000000000E+000  0.000000000000000E+000  0.100000000000000E+001  0.100000000000000E+001  0.000000000000000E+000  0.000000000000000E+000
  0.129687500000000E+001 -0.679872776861486E+004 -0.641193764749914E-010  0.744524866350808E+005 -0.301224645227194E-008 -0.385494205198142E+006 -0.516592990607023E-009  0.100000000000000E+001  0.000000000000000E+000  0.000000000000000E+000  0.000000000000000E+000  0.100000000000000E+001  0.000000000000000E+000  0.000000000000000E+000  0.000000000000000E+000  0.100000000000000E+001  0.100000000000000E+001  0.000000000000000E+000  0.000000000000000E+000
  0.130000000000000E+001 -0.679872842949316E+004 -0.563886715099216E-010  0.744524901129733E+005 -0.385625753551722E-008 -0.385494222961470E+006 -0.574800651520491E-009  0.100000000000000E+001  0.000000000000000E+000  0.000000000000000E+000  0.000000000000000E+000  0.100000000000000E+001  0.000000000000000E+000  0.000000000000000E+000  0.000000000000000E+000  0.100000000000000E+001  0.100000000000000E+001  0.000000000000000E+000  0.000000000000000E+000
  0.130000000000000E+001 -0.679872900486531E+004 -0.395630195271224E-010  0.744524931446367E+005 -0.736326910555363E-008 -0.385494238447099E+006 -0.451109372079372E-009  0.100000000000000E+001  0.000000000000000E+000  0.000000000000000E+000  0.000000000000000E+000  0.100000000000000E+001  0.000000000000000E+000  0.000000000000000E+000  0.000000000000000E+000  0.100000000000000E+001  0.100000000000000E+001  0.000000000000000E+000  0.000000000000000E+000

