 # Integral loads: N.components: 2
 #                 Ref.sys     : Stability
 #                 Components  : fuselage_right , fuselage_left
 #  t , Fx , Fy , Fz , Mx , My , Mz , ref_mat(9) , ref_off(3) 
  0.100000000000000E+001  0.338696805360616E+005 -0.270113604979997E+000  0.204483407859822E+006  0.255876304176581E+000  0.220097258642091E+005 -0.882416674809065E+000  0.100000000000000E+001  0.000000000000000E+000  0.000000000000000E+000  0.000000000000000E+000  0.100000000000000E+001  0.000000000000000E+000  0.000000000000000E+000  0.000000000000000E+000  0.100000000000000E+001  0.590000000000000E+001  0.000000000000000E+000 -0.500000000000000E+000
  0.100312500000000E+001  0.729791878936113E+004 -0.280069829532295E+000  0.209068642528617E+005  0.265722430194728E+000 -0.232238346932789E+005 -0.915429184795357E+000  0.100000000000000E+001  0.000000000000000E+000  0.000000000000000E+000  0.000000000000000E+000  0.100000000000000E+001  0.000000000000000E+000  0.000000000000000E+000  0.000000000000000E+000  0.100000000000000E+001  0.590000000000000E+001  0.000000000000000E+000 -0.500000000000000E+000
  0.100625000000000E+001  0.748781181229625E+004 -0.289371685154038E+000  0.195180709787500E+005  0.274551592316129E+000 -0.208307078311949E+005 -0.945823145681061E+000  0.100000000000000E+001  0.000000000000000E+000  0.000000000000000E+000  0.000000000000000E+000  0.100000000000000E+001  0.000000000000000E+000  0.000000000000000E+000  0.000000000000000E+000  0.100000000000000E+001  0.590000000000000E+001  0.000000000000000E+000 -0.500000000000000E+000
  0.100937500000000E+001  0.744260763270171E+004 -0.300237657676917E+000  0.188851172097679E+005  0.284860262159782E+000 -0.195552347156202E+005 -0.981343938736245E+000  0.100000000000000E+001  0.000000000000000E+000  0.000000000000000E+000  0.000000000000000E+000  0.100000000000000E+001  0.000000000000000E+000  0.000000000000000E+000  0.000000000000000E+000  0.100000000000000E+001  0.590000000000000E+001  0.000000000000000E+000 -0.500000000000000E+000
  0.101250000000000E+001  0.711083958242423E+004 -0.314058641801239E+000  0.182790876942620E+005  0.297971801977837E+000 -0.179432193974305E+005 -0.102652907566517E+001  0.100000000000000E+001  0.000000000000000E+000  0.000000000000000E+000  0.000000000000000E+000  0.100000000000000E+001  0.000000000000000E+000  0.000000000000000E+000  0.000000000000000E+000  0.100000000000000E+001  0.590000000000000E+001  0.000000000000000E+000 -0.500000000000000E+000
  0.101562500000000E+001  0.636696640215576E+004 -0.331693929823814E+000  0.173148094529302E+005  0.314703587144322E+000 -0.153056915771931E+005 -0.108418786496622E+001  0.100000000000000E+001  0.000000000000000E+000  0.000000000000000E+000  0.000000000000000E+000  0.100000000000000E+001  0.000000000000000E+000  0.000000000000000E+000  0.000000000000000E+000  0.100000000000000E+001  0.590000000000000E+001  0.000000000000000E+000 -0.500000000000000E+000
  0.101875000000000E+001  0.543228976537598E+004 -0.350222658526036E+000  0.162139281035305E+005  0.332293615574599E+000 -0.123385938843059E+005 -0.114477150881430E+001  0.100000000000000E+001  0.000000000000000E+000  0.000000000000000E+000  0.000000000000000E+000  0.100000000000000E+001  0.000000000000000E+000  0.000000000000000E+000  0.000000000000000E+000  0.100000000000000E+001  0.590000000000000E+001  0.000000000000000E+000 -0.500000000000000E+000
  0.102187500000000E+001  0.462601662167681E+004 -0.298778495212900E+000  0.153378349394676E+005  0.432510664992151E+000 -0.992691424112754E+004 -0.107502991179354E+001  0.100000000000000E+001  0.000000000000000E+000  0.000000000000000E+000  0.000000000000000E+000  0.100000000000000E+001  0.000000000000000E+000  0.000000000000000E+000  0.000000000000000E+000  0.100000000000000E+001  0.590000000000000E+001  0.000000000000000E+000 -0.500000000000000E+000
  0.102500000000000E+001  0.382761375859356E+004 -0.206334179300466E+002  0.145497665010519E+005  0.217633809818217E+002 -0.772108511935229E+004 -0.663659415913280E+002  0.100000000000000E+001  0.000000000000000E+000  0.000000000000000E+000  0.000000000000000E+000  0.100000000000000E+001  0.000000000000000E+000  0.000000000000000E+000  0.000000000000000E+000  0.100000000000000E+001  0.590000000000000E+001  0.000000000000000E+000 -0.500000000000000E+000
  0.102812500000000E+001  0.311012341671796E+004 -0.255320889677387E+001  0.139154704344237E+005  0.710797209065640E+001 -0.595283233445496E+004 -0.611192821006989E+001  0.100000000000000E+001  0.000000000000000E+000  0.000000000000000E+000  0.000000000000000E+000  0.100000000000000E+001  0.000000000000000E+000  0.000000000000000E+000  0.000000000000000E+000  0.100000000000000E+001  0.590000000000000E+001  0.000000000000000E+000 -0.500000000000000E+000
  0.103125000000000E+001  0.248426238860890E+004  0.588651122971642E+002  0.134766778031392E+005 -0.529520186091831E+002 -0.470117575502039E+004  0.193356316550926E+003  0.100000000000000E+001  0.000000000000000E+000  0.000000000000000E+000  0.000000000000000E+000  0.100000000000000E+001  0.000000000000000E+000  0.000000000000000E+000  0.000000000000000E+000  0.100000000000000E+001  0.590000000000000E+001  0.000000000000000E+000 -0.500000000000000E+000
  0.103437500000000E+001  0.197691111619934E+004  0.710005538519908E+002  0.132371878005281E+005 -0.615525868377445E+002 -0.389172487238722E+004  0.229119500774541E+003  0.100000000000000E+001  0.000000000000000E+000  0.000000000000000E+000  0.000000000000000E+000  0.100000000000000E+001  0.000000000000000E+000  0.000000000000000E+000  0.000000000000000E+000  0.100000000000000E+001  0.590000000000000E+001  0.000000000000000E+000 -0.500000000000000E+000
  0.103750000000000E+001  0.161636453578686E+004  0.600517538747954E+002  0.131041988506180E+005 -0.506209365328978E+002 -0.338413853598429E+004  0.191992828145565E+003  0.100000000000000E+001  0.000000000000000E+000  0.000000000000000E+000  0.000000000000000E+000  0.100000000000000E+001  0.000000000000000E+000  0.000000000000000E+000  0.000000000000000E+000  0.100000000000000E+001  0.590000000000000E+001  0.000000000000000E+000 -0.500000000000000E+000
  0.104062500000000E+001  0.131961575892341E+004  0.454890871438693E+002  0.129167861331752E+005 -0.381255900550022E+002 -0.276916152917027E+004  0.145427460759296E+003  0.100000000000000E+001  0.000000000000000E+000  0.000000000000000E+000  0.000000000000000E+000  0.100000000000000E+001  0.000000000000000E+000  0.000000000000000E+000  0.000000000000000E+000  0.100000000000000E+001  0.590000000000000E+001  0.000000000000000E+000 -0.500000000000000E+000
  0.104375000000000E+001  0.854257313927625E+003  0.294817833301204E+002  0.124605734199374E+005 -0.244285900506948E+002 -0.155544553168319E+004  0.930532742121723E+002  0.100000000000000E+001  0.000000000000000E+000  0.000000000000000E+000  0.000000000000000E+000  0.100000000000000E+001  0.000000000000000E+000  0.000000000000000E+000  0.000000000000000E+000  0.100000000000000E+001  0.590000000000000E+001  0.000000000000000E+000 -0.500000000000000E+000
  0.104687500000000E+001  0.114176408565423E+003 -0.330689122434269E+002  0.116250652559882E+005  0.366247812266665E+002  0.660358358127461E+003 -0.126789221320360E+003  0.100000000000000E+001  0.000000000000000E+000  0.000000000000000E+000  0.000000000000000E+000  0.100000000000000E+001  0.000000000000000E+000  0.000000000000000E+000  0.000000000000000E+000  0.100000000000000E+001  0.590000000000000E+001  0.000000000000000E+000 -0.500000000000000E+000
  0.105000000000000E+001 -0.345283537269369E+003 -0.943661059807055E+002  0.112167964515046E+005  0.989489876820007E+002  0.167674330888267E+004 -0.307645997209707E+003  0.100000000000000E+001  0.000000000000000E+000  0.000000000000000E+000  0.000000000000000E+000  0.100000000000000E+001  0.000000000000000E+000  0.000000000000000E+000  0.000000000000000E+000  0.100000000000000E+001  0.590000000000000E+001  0.000000000000000E+000 -0.500000000000000E+000
  0.105312500000000E+001 -0.231688935646663E+003 -0.119614799546107E+003  0.114604788869069E+005  0.115291554353767E+003  0.108739710516042E+004 -0.392337781155366E+003  0.100000000000000E+001  0.000000000000000E+000  0.000000000000000E+000  0.000000000000000E+000  0.100000000000000E+001  0.000000000000000E+000  0.000000000000000E+000  0.000000000000000E+000  0.100000000000000E+001  0.590000000000000E+001  0.000000000000000E+000 -0.500000000000000E+000
  0.105625000000000E+001  0.347600949964933E+002 -0.109292352167511E+003  0.118445722393098E+005  0.101686692682255E+003  0.603706650204274E+002 -0.357197780562681E+003  0.100000000000000E+001  0.000000000000000E+000  0.000000000000000E+000  0.000000000000000E+000  0.100000000000000E+001  0.000000000000000E+000  0.000000000000000E+000  0.000000000000000E+000  0.100000000000000E+001  0.590000000000000E+001  0.000000000000000E+000 -0.500000000000000E+000
  0.105937500000000E+001  0.243426631502911E+003 -0.823283857662318E+002  0.121442827844238E+005  0.767876593697292E+002 -0.690924112768726E+003 -0.266934160096862E+003  0.100000000000000E+001  0.000000000000000E+000  0.000000000000000E+000  0.000000000000000E+000  0.100000000000000E+001  0.000000000000000E+000  0.000000000000000E+000  0.000000000000000E+000  0.100000000000000E+001  0.590000000000000E+001  0.000000000000000E+000 -0.500000000000000E+000
  0.106250000000000E+001  0.364805102313989E+003 -0.746654099794978E+002  0.123355030452579E+005  0.706782619343139E+002 -0.110386162964237E+004 -0.243181440767599E+003  0.100000000000000E+001  0.000000000000000E+000  0.000000000000000E+000  0.000000000000000E+000  0.100000000000000E+001  0.000000000000000E+000  0.000000000000000E+000  0.000000000000000E+000  0.100000000000000E+001  0.590000000000000E+001  0.000000000000000E+000 -0.500000000000000E+000
  0.106562500000000E+001  0.432950591242055E+003 -0.634893286926526E+002  0.124499226644054E+005  0.599225818535779E+002 -0.132522212120411E+004 -0.205773196330527E+003  0.100000000000000E+001  0.000000000000000E+000  0.000000000000000E+000  0.000000000000000E+000  0.100000000000000E+001  0.000000000000000E+000  0.000000000000000E+000  0.000000000000000E+000  0.100000000000000E+001  0.590000000000000E+001  0.000000000000000E+000 -0.500000000000000E+000
  0.106875000000000E+001  0.462140015790942E+003 -0.505265498786612E+002  0.125240088886201E+005  0.484462414118316E+002 -0.143279208845821E+004 -0.163398983334773E+003  0.100000000000000E+001  0.000000000000000E+000  0.000000000000000E+000  0.000000000000000E+000  0.100000000000000E+001  0.000000000000000E+000  0.000000000000000E+000  0.000000000000000E+000  0.100000000000000E+001  0.590000000000000E+001  0.000000000000000E+000 -0.500000000000000E+000
  0.107187500000000E+001  0.468609753720427E+003 -0.437686648871604E+002  0.125788966101798E+005  0.427500448693027E+002 -0.149517203087705E+004 -0.142576953702839E+003  0.100000000000000E+001  0.000000000000000E+000  0.000000000000000E+000  0.000000000000000E+000  0.100000000000000E+001  0.000000000000000E+000  0.000000000000000E+000  0.000000000000000E+000  0.100000000000000E+001  0.590000000000000E+001  0.000000000000000E+000 -0.500000000000000E+000
  0.107500000000000E+001  0.462466312044125E+003 -0.381040190857020E+002  0.126207313465633E+005  0.373603489753150E+002 -0.153642880916674E+004 -0.123611469870375E+003  0.100000000000000E+001  0.000000000000000E+000  0.000000000000000E+000  0.000000000000000E+000  0.100000000000000E+001  0.000000000000000E+000  0.000000000000000E+000  0.000000000000000E+000  0.100000000000000E+001  0.590000000000000E+001  0.000000000000000E+000 -0.500000000000000E+000
  0.107812500000000E+001  0.448302881392138E+003 -0.330362733177899E+002  0.126570856543641E+005  0.329470780180709E+002 -0.157323333853697E+004 -0.107412576864415E+003  0.100000000000000E+001  0.000000000000000E+000  0.000000000000000E+000  0.000000000000000E+000  0.100000000000000E+001  0.000000000000000E+000  0.000000000000000E+000  0.000000000000000E+000  0.100000000000000E+001  0.590000000000000E+001  0.000000000000000E+000 -0.500000000000000E+000
  0.108125000000000E+001  0.428260759552374E+003 -0.291631948805734E+002  0.126863201430631E+005  0.295589821177273E+002 -0.160468383361995E+004 -0.949024010248831E+002  0.100000000000000E+001  0.000000000000000E+000  0.000000000000000E+000  0.000000000000000E+000  0.100000000000000E+001  0.000000000000000E+000  0.000000000000000E+000  0.000000000000000E+000  0.100000000000000E+001  0.590000000000000E+001  0.000000000000000E+000 -0.500000000000000E+000
  0.108437500000000E+001  0.406812381484157E+003 -0.262673285099154E+002  0.127020501810216E+005  0.270088059959526E+002 -0.160501593281793E+004 -0.854637635629042E+002  0.100000000000000E+001  0.000000000000000E+000  0.000000000000000E+000  0.000000000000000E+000  0.100000000000000E+001  0.000000000000000E+000  0.000000000000000E+000  0.000000000000000E+000  0.100000000000000E+001  0.590000000000000E+001  0.000000000000000E+000 -0.500000000000000E+000
  0.108750000000000E+001  0.382911928914192E+003 -0.239744358391472E+002  0.127088851979350E+005  0.249973966246616E+002 -0.158692290522573E+004 -0.778912788323942E+002  0.100000000000000E+001  0.000000000000000E+000  0.000000000000000E+000  0.000000000000000E+000  0.100000000000000E+001  0.000000000000000E+000  0.000000000000000E+000  0.000000000000000E+000  0.100000000000000E+001  0.590000000000000E+001  0.000000000000000E+000 -0.500000000000000E+000
  0.109062500000000E+001  0.357436085581916E+003 -0.220468394918717E+002  0.127105334759914E+005  0.232779958429746E+002 -0.155742518108383E+004 -0.714123264318914E+002  0.100000000000000E+001  0.000000000000000E+000  0.000000000000000E+000  0.000000000000000E+000  0.100000000000000E+001  0.000000000000000E+000  0.000000000000000E+000  0.000000000000000E+000  0.100000000000000E+001  0.590000000000000E+001  0.000000000000000E+000 -0.500000000000000E+000
  0.109375000000000E+001  0.326768666380068E+003 -0.203090371065191E+002  0.128106983208845E+005  0.216691565385263E+002 -0.156793102562803E+004 -0.654536345754750E+002  0.100000000000000E+001  0.000000000000000E+000  0.000000000000000E+000  0.000000000000000E+000  0.100000000000000E+001  0.000000000000000E+000  0.000000000000000E+000  0.000000000000000E+000  0.100000000000000E+001  0.590000000000000E+001  0.000000000000000E+000 -0.500000000000000E+000
  0.109687500000000E+001  0.300882668998249E+003 -0.185156927247153E+002  0.127441448771952E+005  0.199232818048185E+002 -0.149418864073730E+004 -0.592241986717563E+002  0.100000000000000E+001  0.000000000000000E+000  0.000000000000000E+000  0.000000000000000E+000  0.100000000000000E+001  0.000000000000000E+000  0.000000000000000E+000  0.000000000000000E+000  0.100000000000000E+001  0.590000000000000E+001  0.000000000000000E+000 -0.500000000000000E+000
  0.110000000000000E+001  0.274657426412985E+003 -0.166435932509921E+002  0.127191127994542E+005  0.180273594197643E+002 -0.143943207655025E+004 -0.526943306436879E+002  0.100000000000000E+001  0.000000000000000E+000  0.000000000000000E+000  0.000000000000000E+000  0.100000000000000E+001  0.000000000000000E+000  0.000000000000000E+000  0.000000000000000E+000  0.100000000000000E+001  0.590000000000000E+001  0.000000000000000E+000 -0.500000000000000E+000
  0.110312500000000E+001  0.248776675289829E+003 -0.146852288152295E+002  0.127067092252350E+005  0.159826713188086E+002 -0.139021999631690E+004 -0.458972349063843E+002  0.100000000000000E+001  0.000000000000000E+000  0.000000000000000E+000  0.000000000000000E+000  0.100000000000000E+001  0.000000000000000E+000  0.000000000000000E+000  0.000000000000000E+000  0.100000000000000E+001  0.590000000000000E+001  0.000000000000000E+000 -0.500000000000000E+000
  0.110625000000000E+001  0.223599242180187E+003 -0.126262932624377E+002  0.126982489642942E+005  0.137840780559491E+002 -0.134310667656366E+004 -0.388474499855074E+002  0.100000000000000E+001  0.000000000000000E+000  0.000000000000000E+000  0.000000000000000E+000  0.100000000000000E+001  0.000000000000000E+000  0.000000000000000E+000  0.000000000000000E+000  0.100000000000000E+001  0.590000000000000E+001  0.000000000000000E+000 -0.500000000000000E+000
  0.110937500000000E+001  0.199354560808355E+003 -0.104753388078389E+002  0.126913817803104E+005  0.114564441353868E+002 -0.129768227070086E+004 -0.316340565614519E+002  0.100000000000000E+001  0.000000000000000E+000  0.000000000000000E+000  0.000000000000000E+000  0.100000000000000E+001  0.000000000000000E+000  0.000000000000000E+000  0.000000000000000E+000  0.100000000000000E+001  0.590000000000000E+001  0.000000000000000E+000 -0.500000000000000E+000
  0.111250000000000E+001  0.176325932773016E+003 -0.832761542334629E+001  0.126858240520363E+005  0.914598787404248E+001 -0.125478071844787E+004 -0.246302137083258E+002  0.100000000000000E+001  0.000000000000000E+000  0.000000000000000E+000  0.000000000000000E+000  0.100000000000000E+001  0.000000000000000E+000  0.000000000000000E+000  0.000000000000000E+000  0.100000000000000E+001  0.590000000000000E+001  0.000000000000000E+000 -0.500000000000000E+000
  0.111562500000000E+001  0.154467883643045E+003 -0.648628021516197E+001  0.126812053831592E+005  0.722979525328265E+001 -0.121426093755643E+004 -0.188595446313266E+002  0.100000000000000E+001  0.000000000000000E+000  0.000000000000000E+000  0.000000000000000E+000  0.100000000000000E+001  0.000000000000000E+000  0.000000000000000E+000  0.000000000000000E+000  0.100000000000000E+001  0.590000000000000E+001  0.000000000000000E+000 -0.500000000000000E+000
  0.111875000000000E+001  0.133544815660482E+003 -0.501535825336759E+001  0.126769195773494E+005  0.567691770663077E+001 -0.117500662992902E+004 -0.143472269336926E+002  0.100000000000000E+001  0.000000000000000E+000  0.000000000000000E+000  0.000000000000000E+000  0.100000000000000E+001  0.000000000000000E+000  0.000000000000000E+000  0.000000000000000E+000  0.100000000000000E+001  0.590000000000000E+001  0.000000000000000E+000 -0.500000000000000E+000
  0.112187500000000E+001  0.113458946079457E+003 -0.389942390059878E+001  0.126725131493107E+005  0.447301111379056E+001 -0.113654217400468E+004 -0.109674551792559E+002  0.100000000000000E+001  0.000000000000000E+000  0.000000000000000E+000  0.000000000000000E+000  0.100000000000000E+001  0.000000000000000E+000  0.000000000000000E+000  0.000000000000000E+000  0.100000000000000E+001  0.590000000000000E+001  0.000000000000000E+000 -0.500000000000000E+000
  0.112500000000000E+001  0.941719295751389E+002 -0.172344118630281E+001  0.126689074168685E+005  0.294782780700189E+001 -0.110462620530463E+004 -0.566494300233899E+001  0.100000000000000E+001  0.000000000000000E+000  0.000000000000000E+000  0.000000000000000E+000  0.100000000000000E+001  0.000000000000000E+000  0.000000000000000E+000  0.000000000000000E+000  0.100000000000000E+001  0.590000000000000E+001  0.000000000000000E+000 -0.500000000000000E+000
  0.112812500000000E+001  0.723610804981335E+002 -0.665891491586808E+001  0.127423687322685E+005  0.755151250671770E+001 -0.110330678003728E+004 -0.220059610921890E+002  0.100000000000000E+001  0.000000000000000E+000  0.000000000000000E+000  0.000000000000000E+000  0.100000000000000E+001  0.000000000000000E+000  0.000000000000000E+000  0.000000000000000E+000  0.100000000000000E+001  0.590000000000000E+001  0.000000000000000E+000 -0.500000000000000E+000
  0.113125000000000E+001  0.482793321397104E+002 -0.132098718755733E+002  0.128501316140412E+005  0.133793266435241E+002 -0.111550254682041E+004 -0.434601397410152E+002  0.100000000000000E+001  0.000000000000000E+000  0.000000000000000E+000  0.000000000000000E+000  0.100000000000000E+001  0.000000000000000E+000  0.000000000000000E+000  0.000000000000000E+000  0.100000000000000E+001  0.590000000000000E+001  0.000000000000000E+000 -0.500000000000000E+000
  0.113437500000000E+001  0.266470796967306E+002 -0.203151127256278E+002  0.128723304537441E+005  0.176991079109430E+002 -0.109504040281993E+004 -0.653357396757929E+002  0.100000000000000E+001  0.000000000000000E+000  0.000000000000000E+000  0.000000000000000E+000  0.100000000000000E+001  0.000000000000000E+000  0.000000000000000E+000  0.000000000000000E+000  0.100000000000000E+001  0.590000000000000E+001  0.000000000000000E+000 -0.500000000000000E+000
  0.113750000000000E+001 -0.639501833252398E+001 -0.367134116828383E+002  0.131289036617502E+005  0.307557460501412E+002 -0.118246875286336E+004 -0.117115519156738E+003  0.100000000000000E+001  0.000000000000000E+000  0.000000000000000E+000  0.000000000000000E+000  0.100000000000000E+001  0.000000000000000E+000  0.000000000000000E+000  0.000000000000000E+000  0.100000000000000E+001  0.590000000000000E+001  0.000000000000000E+000 -0.500000000000000E+000
  0.114062500000000E+001 -0.257009378950820E+002 -0.392423243583908E+002  0.128646793602198E+005  0.328529601820628E+002 -0.101168894696869E+004 -0.119460449700768E+003  0.100000000000000E+001  0.000000000000000E+000  0.000000000000000E+000  0.000000000000000E+000  0.100000000000000E+001  0.000000000000000E+000  0.000000000000000E+000  0.000000000000000E+000  0.100000000000000E+001  0.590000000000000E+001  0.000000000000000E+000 -0.500000000000000E+000
  0.114375000000000E+001 -0.562655373759737E+002 -0.317336866728292E+002  0.129364527748829E+005  0.273685218613973E+002 -0.988099973085714E+003 -0.108598875065334E+003  0.100000000000000E+001  0.000000000000000E+000  0.000000000000000E+000  0.000000000000000E+000  0.100000000000000E+001  0.000000000000000E+000  0.000000000000000E+000  0.000000000000000E+000  0.100000000000000E+001  0.590000000000000E+001  0.000000000000000E+000 -0.500000000000000E+000
  0.114687500000000E+001 -0.755376705727114E+002 -0.177545733443549E+002  0.127133396057429E+005  0.153164789837465E+002 -0.817349400094532E+003 -0.521277521067532E+002  0.100000000000000E+001  0.000000000000000E+000  0.000000000000000E+000  0.000000000000000E+000  0.100000000000000E+001  0.000000000000000E+000  0.000000000000000E+000  0.000000000000000E+000  0.100000000000000E+001  0.590000000000000E+001  0.000000000000000E+000 -0.500000000000000E+000
  0.115000000000000E+001 -0.974463249404898E+002 -0.719489963263914E+001  0.126542246060784E+005  0.530047380646283E+001 -0.727672765154511E+003 -0.203074070853181E+002  0.100000000000000E+001  0.000000000000000E+000  0.000000000000000E+000  0.000000000000000E+000  0.100000000000000E+001  0.000000000000000E+000  0.000000000000000E+000  0.000000000000000E+000  0.100000000000000E+001  0.590000000000000E+001  0.000000000000000E+000 -0.500000000000000E+000
  0.115312500000000E+001 -0.118683777272521E+003 -0.991493900932255E+000  0.126130249552948E+005  0.121419527071703E+001 -0.643711759920964E+003 -0.232890298258280E+001  0.100000000000000E+001  0.000000000000000E+000  0.000000000000000E+000  0.000000000000000E+000  0.100000000000000E+001  0.000000000000000E+000  0.000000000000000E+000  0.000000000000000E+000  0.100000000000000E+001  0.590000000000000E+001  0.000000000000000E+000 -0.500000000000000E+000
  0.115625000000000E+001 -0.137499909932812E+003 -0.908945497169043E+000  0.125919232789536E+005  0.250439494177408E+001 -0.589980580089957E+003 -0.743233245937154E+001  0.100000000000000E+001  0.000000000000000E+000  0.000000000000000E+000  0.000000000000000E+000  0.100000000000000E+001  0.000000000000000E+000  0.000000000000000E+000  0.000000000000000E+000  0.100000000000000E+001  0.590000000000000E+001  0.000000000000000E+000 -0.500000000000000E+000
  0.115937500000000E+001 -0.153483599796442E+003 -0.314436614599254E+001  0.125728175382956E+005  0.458420945276157E+001 -0.545439913186206E+003 -0.126344194404082E+002  0.100000000000000E+001  0.000000000000000E+000  0.000000000000000E+000  0.000000000000000E+000  0.100000000000000E+001  0.000000000000000E+000  0.000000000000000E+000  0.000000000000000E+000  0.100000000000000E+001  0.590000000000000E+001  0.000000000000000E+000 -0.500000000000000E+000
  0.116250000000000E+001 -0.167551661526815E+003 -0.394648258073721E+001  0.125694278815971E+005  0.518679218627221E+001 -0.517898357766810E+003 -0.140313705248991E+002  0.100000000000000E+001  0.000000000000000E+000  0.000000000000000E+000  0.000000000000000E+000  0.100000000000000E+001  0.000000000000000E+000  0.000000000000000E+000  0.000000000000000E+000  0.100000000000000E+001  0.590000000000000E+001  0.000000000000000E+000 -0.500000000000000E+000
  0.116562500000000E+001 -0.181017978540734E+003 -0.393575845609303E+001  0.125865748131855E+005  0.534486673815991E+001 -0.506725357508698E+003 -0.145274486765265E+002  0.100000000000000E+001  0.000000000000000E+000  0.000000000000000E+000  0.000000000000000E+000  0.100000000000000E+001  0.000000000000000E+000  0.000000000000000E+000  0.000000000000000E+000  0.100000000000000E+001  0.590000000000000E+001  0.000000000000000E+000 -0.500000000000000E+000
  0.116875000000000E+001 -0.190241479141472E+003  0.718937092999113E+000  0.125248667706781E+005  0.158599789254367E+000 -0.457079905414691E+003  0.784260141063714E+001  0.100000000000000E+001  0.000000000000000E+000  0.000000000000000E+000  0.000000000000000E+000  0.100000000000000E+001  0.000000000000000E+000  0.000000000000000E+000  0.000000000000000E+000  0.100000000000000E+001  0.590000000000000E+001  0.000000000000000E+000 -0.500000000000000E+000
  0.117187500000000E+001 -0.199111404610686E+003 -0.132392197039735E+001  0.125033477684289E+005  0.398580521241820E+001 -0.433693854789432E+003 -0.177299358305172E+002  0.100000000000000E+001  0.000000000000000E+000  0.000000000000000E+000  0.000000000000000E+000  0.100000000000000E+001  0.000000000000000E+000  0.000000000000000E+000  0.000000000000000E+000  0.100000000000000E+001  0.590000000000000E+001  0.000000000000000E+000 -0.500000000000000E+000
  0.117500000000000E+001 -0.208149625956657E+003 -0.489306849331479E+001  0.125201338936712E+005  0.650276981505158E+001 -0.431611908749689E+003 -0.176469065184356E+002  0.100000000000000E+001  0.000000000000000E+000  0.000000000000000E+000  0.000000000000000E+000  0.100000000000000E+001  0.000000000000000E+000  0.000000000000000E+000  0.000000000000000E+000  0.100000000000000E+001  0.590000000000000E+001  0.000000000000000E+000 -0.500000000000000E+000
  0.117812500000000E+001 -0.214897619674558E+003 -0.440417272599007E+001  0.124990603219627E+005  0.611101963625697E+001 -0.409600790121250E+003 -0.162261501254980E+002  0.100000000000000E+001  0.000000000000000E+000  0.000000000000000E+000  0.000000000000000E+000  0.100000000000000E+001  0.000000000000000E+000  0.000000000000000E+000  0.000000000000000E+000  0.100000000000000E+001  0.590000000000000E+001  0.000000000000000E+000 -0.500000000000000E+000
  0.118125000000000E+001 -0.214515243674302E+003 -0.397148823812313E+001  0.123453589467701E+005  0.574323126328818E+001 -0.319283727648684E+003 -0.148756345272413E+002  0.100000000000000E+001  0.000000000000000E+000  0.000000000000000E+000  0.000000000000000E+000  0.100000000000000E+001  0.000000000000000E+000  0.000000000000000E+000  0.000000000000000E+000  0.100000000000000E+001  0.590000000000000E+001  0.000000000000000E+000 -0.500000000000000E+000
  0.118437500000000E+001 -0.223695919139372E+003 -0.266873825411312E+001  0.124940428657580E+005  0.477210263759480E+001 -0.390582486580913E+003 -0.108853219588054E+002  0.100000000000000E+001  0.000000000000000E+000  0.000000000000000E+000  0.000000000000000E+000  0.100000000000000E+001  0.000000000000000E+000  0.000000000000000E+000  0.000000000000000E+000  0.100000000000000E+001  0.590000000000000E+001  0.000000000000000E+000 -0.500000000000000E+000
  0.118750000000000E+001 -0.228033121462213E+003 -0.715900763803802E+001  0.124937902325423E+005  0.745797503129870E+001 -0.386281773194138E+003 -0.257243318492547E+002  0.100000000000000E+001  0.000000000000000E+000  0.000000000000000E+000  0.000000000000000E+000  0.100000000000000E+001  0.000000000000000E+000  0.000000000000000E+000  0.000000000000000E+000  0.100000000000000E+001  0.590000000000000E+001  0.000000000000000E+000 -0.500000000000000E+000
  0.119062500000000E+001 -0.232650808833855E+003 -0.180118006155535E+002  0.125389350551207E+005  0.182899346609629E+002 -0.409860545766504E+003 -0.622991503915982E+002  0.100000000000000E+001  0.000000000000000E+000  0.000000000000000E+000  0.000000000000000E+000  0.100000000000000E+001  0.000000000000000E+000  0.000000000000000E+000  0.000000000000000E+000  0.100000000000000E+001  0.590000000000000E+001  0.000000000000000E+000 -0.500000000000000E+000
  0.119375000000000E+001 -0.233809571220658E+003 -0.295684227731981E+002  0.125001764299142E+005  0.290740639287396E+002 -0.387754765946228E+003 -0.997592099983012E+002  0.100000000000000E+001  0.000000000000000E+000  0.000000000000000E+000  0.000000000000000E+000  0.100000000000000E+001  0.000000000000000E+000  0.000000000000000E+000  0.000000000000000E+000  0.100000000000000E+001  0.590000000000000E+001  0.000000000000000E+000 -0.500000000000000E+000
  0.119687500000000E+001 -0.236005392515218E+003 -0.402699671020237E+002  0.124991473008472E+005  0.388549572302436E+002 -0.383194978717355E+003 -0.133816989342275E+003  0.100000000000000E+001  0.000000000000000E+000  0.000000000000000E+000  0.000000000000000E+000  0.100000000000000E+001  0.000000000000000E+000  0.000000000000000E+000  0.000000000000000E+000  0.100000000000000E+001  0.590000000000000E+001  0.000000000000000E+000 -0.500000000000000E+000
  0.120000000000000E+001 -0.238281802711680E+003 -0.426929425989947E+002  0.124917213971248E+005  0.429769565404858E+002 -0.376841173559927E+003 -0.141443462777126E+003  0.100000000000000E+001  0.000000000000000E+000  0.000000000000000E+000  0.000000000000000E+000  0.100000000000000E+001  0.000000000000000E+000  0.000000000000000E+000  0.000000000000000E+000  0.100000000000000E+001  0.590000000000000E+001  0.000000000000000E+000 -0.500000000000000E+000
  0.120312500000000E+001 -0.242416299942876E+003 -0.441136679856718E+002  0.125009583191292E+005  0.421483133648726E+002 -0.373673369067817E+003 -0.144429543652572E+003  0.100000000000000E+001  0.000000000000000E+000  0.000000000000000E+000  0.000000000000000E+000  0.100000000000000E+001  0.000000000000000E+000  0.000000000000000E+000  0.000000000000000E+000  0.100000000000000E+001  0.590000000000000E+001  0.000000000000000E+000 -0.500000000000000E+000
  0.120625000000000E+001 -0.243763418232864E+003 -0.556851863183401E+002  0.124958278834648E+005  0.532423517302232E+002 -0.370287692432174E+003 -0.182985943326959E+003  0.100000000000000E+001  0.000000000000000E+000  0.000000000000000E+000  0.000000000000000E+000  0.100000000000000E+001  0.000000000000000E+000  0.000000000000000E+000  0.000000000000000E+000  0.100000000000000E+001  0.590000000000000E+001  0.000000000000000E+000 -0.500000000000000E+000
  0.120937500000000E+001 -0.246435093131338E+003 -0.584718788967293E+002  0.124957276740498E+005  0.562037267579872E+002 -0.367414722256788E+003 -0.192370629307523E+003  0.100000000000000E+001  0.000000000000000E+000  0.000000000000000E+000  0.000000000000000E+000  0.100000000000000E+001  0.000000000000000E+000  0.000000000000000E+000  0.000000000000000E+000  0.100000000000000E+001  0.590000000000000E+001  0.000000000000000E+000 -0.500000000000000E+000
  0.121250000000000E+001 -0.249213727751966E+003 -0.572223984634620E+002  0.124946636505101E+005  0.557965524629835E+002 -0.360719730630031E+003 -0.187738510050229E+003  0.100000000000000E+001  0.000000000000000E+000  0.000000000000000E+000  0.000000000000000E+000  0.100000000000000E+001  0.000000000000000E+000  0.000000000000000E+000  0.000000000000000E+000  0.100000000000000E+001  0.590000000000000E+001  0.000000000000000E+000 -0.500000000000000E+000
  0.121562500000000E+001 -0.251916159541691E+003 -0.542935508286901E+002  0.124928606242532E+005  0.534384756265499E+002 -0.354599102884317E+003 -0.178237768366816E+003  0.100000000000000E+001  0.000000000000000E+000  0.000000000000000E+000  0.000000000000000E+000  0.100000000000000E+001  0.000000000000000E+000  0.000000000000000E+000  0.000000000000000E+000  0.100000000000000E+001  0.590000000000000E+001  0.000000000000000E+000 -0.500000000000000E+000
  0.121875000000000E+001 -0.254959654290735E+003 -0.478285399322922E+002  0.124917082461179E+005  0.476420186554315E+002 -0.350183604773383E+003 -0.157047379723925E+003  0.100000000000000E+001  0.000000000000000E+000  0.000000000000000E+000  0.000000000000000E+000  0.100000000000000E+001  0.000000000000000E+000  0.000000000000000E+000  0.000000000000000E+000  0.100000000000000E+001  0.590000000000000E+001  0.000000000000000E+000 -0.500000000000000E+000
  0.122187500000000E+001 -0.257992918067255E+003 -0.469662862520345E+002  0.124878936807609E+005  0.451484836688032E+002 -0.339628862535641E+003 -0.152980795481883E+003  0.100000000000000E+001  0.000000000000000E+000  0.000000000000000E+000  0.000000000000000E+000  0.100000000000000E+001  0.000000000000000E+000  0.000000000000000E+000  0.000000000000000E+000  0.100000000000000E+001  0.590000000000000E+001  0.000000000000000E+000 -0.500000000000000E+000
  0.122500000000000E+001 -0.259531371263569E+003 -0.455663294922415E+002  0.124895716589112E+005  0.456757131599879E+002 -0.343846804367645E+003 -0.150200620989955E+003  0.100000000000000E+001  0.000000000000000E+000  0.000000000000000E+000  0.000000000000000E+000  0.100000000000000E+001  0.000000000000000E+000  0.000000000000000E+000  0.000000000000000E+000  0.100000000000000E+001  0.590000000000000E+001  0.000000000000000E+000 -0.500000000000000E+000
  0.122812500000000E+001 -0.260989221940775E+003 -0.495723803111032E+002  0.124868624456823E+005  0.472630527302972E+002 -0.339722009496978E+003 -0.161534806842101E+003  0.100000000000000E+001  0.000000000000000E+000  0.000000000000000E+000  0.000000000000000E+000  0.100000000000000E+001  0.000000000000000E+000  0.000000000000000E+000  0.000000000000000E+000  0.100000000000000E+001  0.590000000000000E+001  0.000000000000000E+000 -0.500000000000000E+000
  0.123125000000000E+001 -0.262183360358043E+003 -0.506325979727408E+002  0.124906839753309E+005  0.505510150694026E+002 -0.345408986100188E+003 -0.168764188399422E+003  0.100000000000000E+001  0.000000000000000E+000  0.000000000000000E+000  0.000000000000000E+000  0.100000000000000E+001  0.000000000000000E+000  0.000000000000000E+000  0.000000000000000E+000  0.100000000000000E+001  0.590000000000000E+001  0.000000000000000E+000 -0.500000000000000E+000
  0.123437500000000E+001 -0.263832933683506E+003 -0.572851561316493E+002  0.124876976476411E+005  0.553463538866199E+002 -0.336916589055567E+003 -0.189654053997016E+003  0.100000000000000E+001  0.000000000000000E+000  0.000000000000000E+000  0.000000000000000E+000  0.100000000000000E+001  0.000000000000000E+000  0.000000000000000E+000  0.000000000000000E+000  0.100000000000000E+001  0.590000000000000E+001  0.000000000000000E+000 -0.500000000000000E+000
  0.123750000000000E+001 -0.265022095604962E+003 -0.602078135407355E+002  0.124887228343059E+005  0.599754297898471E+002 -0.337640168403657E+003 -0.199908005092700E+003  0.100000000000000E+001  0.000000000000000E+000  0.000000000000000E+000  0.000000000000000E+000  0.100000000000000E+001  0.000000000000000E+000  0.000000000000000E+000  0.000000000000000E+000  0.100000000000000E+001  0.590000000000000E+001  0.000000000000000E+000 -0.500000000000000E+000
  0.124062500000000E+001 -0.266489207114430E+003 -0.658349804984755E+002  0.124866241905188E+005  0.640254650357820E+002 -0.331969536229734E+003 -0.217523467495397E+003  0.100000000000000E+001  0.000000000000000E+000  0.000000000000000E+000  0.000000000000000E+000  0.100000000000000E+001  0.000000000000000E+000  0.000000000000000E+000  0.000000000000000E+000  0.100000000000000E+001  0.590000000000000E+001  0.000000000000000E+000 -0.500000000000000E+000
  0.124375000000000E+001 -0.267350701643867E+003 -0.738562939998519E+002  0.124875024497893E+005  0.717115316709678E+002 -0.332968975093959E+003 -0.244645592806512E+003  0.100000000000000E+001  0.000000000000000E+000  0.000000000000000E+000  0.000000000000000E+000  0.100000000000000E+001  0.000000000000000E+000  0.000000000000000E+000  0.000000000000000E+000  0.100000000000000E+001  0.590000000000000E+001  0.000000000000000E+000 -0.500000000000000E+000
  0.124687500000000E+001 -0.267922915011422E+003 -0.862104675383453E+002  0.124888319903527E+005  0.839853102529305E+002 -0.332960885643398E+003 -0.287546354503022E+003  0.100000000000000E+001  0.000000000000000E+000  0.000000000000000E+000  0.000000000000000E+000  0.100000000000000E+001  0.000000000000000E+000  0.000000000000000E+000  0.000000000000000E+000  0.100000000000000E+001  0.590000000000000E+001  0.000000000000000E+000 -0.500000000000000E+000
  0.125000000000000E+001 -0.268180236695881E+003 -0.931834821752127E+002  0.124868054484590E+005  0.916847688191629E+002 -0.332360846024789E+003 -0.306421813385154E+003  0.100000000000000E+001  0.000000000000000E+000  0.000000000000000E+000  0.000000000000000E+000  0.100000000000000E+001  0.000000000000000E+000  0.000000000000000E+000  0.000000000000000E+000  0.100000000000000E+001  0.590000000000000E+001  0.000000000000000E+000 -0.500000000000000E+000
  0.125312500000000E+001 -0.269522483924563E+003 -0.101549640094803E+003  0.124867247603316E+005  0.994487657840946E+002 -0.325654206215724E+003 -0.338227232034376E+003  0.100000000000000E+001  0.000000000000000E+000  0.000000000000000E+000  0.000000000000000E+000  0.100000000000000E+001  0.000000000000000E+000  0.000000000000000E+000  0.000000000000000E+000  0.100000000000000E+001  0.590000000000000E+001  0.000000000000000E+000 -0.500000000000000E+000
  0.125625000000000E+001 -0.270392281400577E+003 -0.104611800637154E+003  0.124851980273873E+005  0.103918524448294E+003 -0.324792087641267E+003 -0.344295983878314E+003  0.100000000000000E+001  0.000000000000000E+000  0.000000000000000E+000  0.000000000000000E+000  0.100000000000000E+001  0.000000000000000E+000  0.000000000000000E+000  0.000000000000000E+000  0.100000000000000E+001  0.590000000000000E+001  0.000000000000000E+000 -0.500000000000000E+000
  0.125937500000000E+001 -0.271798564906239E+003 -0.107156261227821E+003  0.124860883001883E+005  0.104210090975379E+003 -0.319876593275044E+003 -0.348289868300199E+003  0.100000000000000E+001  0.000000000000000E+000  0.000000000000000E+000  0.000000000000000E+000  0.100000000000000E+001  0.000000000000000E+000  0.000000000000000E+000  0.000000000000000E+000  0.100000000000000E+001  0.590000000000000E+001  0.000000000000000E+000 -0.500000000000000E+000
  0.126250000000000E+001 -0.272402802817378E+003 -0.110115461929119E+003  0.124842457834276E+005  0.107362432510854E+003 -0.320779707096689E+003 -0.360336321094132E+003  0.100000000000000E+001  0.000000000000000E+000  0.000000000000000E+000  0.000000000000000E+000  0.100000000000000E+001  0.000000000000000E+000  0.000000000000000E+000  0.000000000000000E+000  0.100000000000000E+001  0.590000000000000E+001  0.000000000000000E+000 -0.500000000000000E+000
  0.126562500000000E+001 -0.272709655821021E+003 -0.116565631596590E+003  0.124845661502778E+005  0.113891321335293E+003 -0.323093950420545E+003 -0.383515558207233E+003  0.100000000000000E+001  0.000000000000000E+000  0.000000000000000E+000  0.000000000000000E+000  0.100000000000000E+001  0.000000000000000E+000  0.000000000000000E+000  0.000000000000000E+000  0.100000000000000E+001  0.590000000000000E+001  0.000000000000000E+000 -0.500000000000000E+000
  0.126875000000000E+001 -0.272793824113122E+003 -0.125525439901729E+003  0.124841517649063E+005  0.122450607857245E+003 -0.323071537131225E+003 -0.413247107066854E+003  0.100000000000000E+001  0.000000000000000E+000  0.000000000000000E+000  0.000000000000000E+000  0.100000000000000E+001  0.000000000000000E+000  0.000000000000000E+000  0.000000000000000E+000  0.100000000000000E+001  0.590000000000000E+001  0.000000000000000E+000 -0.500000000000000E+000
  0.127187500000000E+001 -0.272858732634185E+003 -0.134798768134220E+003  0.124842913821266E+005  0.131670767115822E+003 -0.323946232698370E+003 -0.443983880990709E+003  0.100000000000000E+001  0.000000000000000E+000  0.000000000000000E+000  0.000000000000000E+000  0.100000000000000E+001  0.000000000000000E+000  0.000000000000000E+000  0.000000000000000E+000  0.100000000000000E+001  0.590000000000000E+001  0.000000000000000E+000 -0.500000000000000E+000
  0.127500000000000E+001 -0.273022885056256E+003 -0.144980570339991E+003  0.124828053434700E+005  0.141370794459057E+003 -0.319698239475410E+003 -0.476415299164597E+003  0.100000000000000E+001  0.000000000000000E+000  0.000000000000000E+000  0.000000000000000E+000  0.100000000000000E+001  0.000000000000000E+000  0.000000000000000E+000  0.000000000000000E+000  0.100000000000000E+001  0.590000000000000E+001  0.000000000000000E+000 -0.500000000000000E+000
  0.127812500000000E+001 -0.273311537688639E+003 -0.149030271378200E+003  0.124831638792901E+005  0.147027936945131E+003 -0.317536561842093E+003 -0.488743736453005E+003  0.100000000000000E+001  0.000000000000000E+000  0.000000000000000E+000  0.000000000000000E+000  0.100000000000000E+001  0.000000000000000E+000  0.000000000000000E+000  0.000000000000000E+000  0.100000000000000E+001  0.590000000000000E+001  0.000000000000000E+000 -0.500000000000000E+000
  0.128125000000000E+001 -0.274469502311412E+003 -0.146435135289445E+003  0.124802307173524E+005  0.144714399323260E+003 -0.308894592937187E+003 -0.477646792469663E+003  0.100000000000000E+001  0.000000000000000E+000  0.000000000000000E+000  0.000000000000000E+000  0.100000000000000E+001  0.000000000000000E+000  0.000000000000000E+000  0.000000000000000E+000  0.100000000000000E+001  0.590000000000000E+001  0.000000000000000E+000 -0.500000000000000E+000
  0.128437500000000E+001 -0.276197826489234E+003 -0.137389022055810E+003  0.124782423061432E+005  0.136176964665559E+003 -0.301988889644471E+003 -0.445796052602294E+003  0.100000000000000E+001  0.000000000000000E+000  0.000000000000000E+000  0.000000000000000E+000  0.100000000000000E+001  0.000000000000000E+000  0.000000000000000E+000  0.000000000000000E+000  0.100000000000000E+001  0.590000000000000E+001  0.000000000000000E+000 -0.500000000000000E+000
  0.128750000000000E+001 -0.277816632777535E+003 -0.123373338772712E+003  0.124745649454407E+005  0.122782479872985E+003 -0.297429889715268E+003 -0.397561753051879E+003  0.100000000000000E+001  0.000000000000000E+000  0.000000000000000E+000  0.000000000000000E+000  0.100000000000000E+001  0.000000000000000E+000  0.000000000000000E+000  0.000000000000000E+000  0.100000000000000E+001  0.590000000000000E+001  0.000000000000000E+000 -0.500000000000000E+000
  0.129062500000000E+001 -0.278178973662218E+003 -0.121770307657265E+003  0.124736085673352E+005  0.118870625224983E+003 -0.295055679199912E+003 -0.393145150319033E+003  0.100000000000000E+001  0.000000000000000E+000  0.000000000000000E+000  0.000000000000000E+000  0.100000000000000E+001  0.000000000000000E+000  0.000000000000000E+000  0.000000000000000E+000  0.100000000000000E+001  0.590000000000000E+001  0.000000000000000E+000 -0.500000000000000E+000
  0.129375000000000E+001 -0.278994078721475E+003 -0.116103229944856E+003  0.124740429574640E+005  0.114391040837247E+003 -0.302213844289173E+003 -0.380040551839746E+003  0.100000000000000E+001  0.000000000000000E+000  0.000000000000000E+000  0.000000000000000E+000  0.100000000000000E+001  0.000000000000000E+000  0.000000000000000E+000  0.000000000000000E+000  0.100000000000000E+001  0.590000000000000E+001  0.000000000000000E+000 -0.500000000000000E+000
  0.129687500000000E+001 -0.279463630299206E+003 -0.112537285991581E+003  0.124765126735760E+005  0.111879848662662E+003 -0.304219340733088E+003 -0.366641198364610E+003  0.100000000000000E+001  0.000000000000000E+000  0.000000000000000E+000  0.000000000000000E+000  0.100000000000000E+001  0.000000000000000E+000  0.000000000000000E+000  0.000000000000000E+000  0.100000000000000E+001  0.590000000000000E+001  0.000000000000000E+000 -0.500000000000000E+000
  0.130000000000000E+001 -0.280216522770832E+003 -0.107620971599317E+003  0.124771880871963E+005  0.107747504939340E+003 -0.302142110338391E+003 -0.351979647533211E+003  0.100000000000000E+001  0.000000000000000E+000  0.000000000000000E+000  0.000000000000000E+000  0.100000000000000E+001  0.000000000000000E+000  0.000000000000000E+000  0.000000000000000E+000  0.100000000000000E+001  0.590000000000000E+001  0.000000000000000E+000 -0.500000000000000E+000
  0.130312500000000E+001 -0.280913722603928E+003 -0.106356751671090E+003  0.124718327411284E+005  0.104597009406774E+003 -0.294370317844970E+003 -0.345177811473783E+003  0.100000000000000E+001  0.000000000000000E+000  0.000000000000000E+000  0.000000000000000E+000  0.100000000000000E+001  0.000000000000000E+000  0.000000000000000E+000  0.000000000000000E+000  0.100000000000000E+001  0.590000000000000E+001  0.000000000000000E+000 -0.500000000000000E+000
  0.130625000000000E+001 -0.280917703588553E+003 -0.106967231174000E+003  0.124742226217971E+005  0.105387098292485E+003 -0.301232653244061E+003 -0.348733217719127E+003  0.100000000000000E+001  0.000000000000000E+000  0.000000000000000E+000  0.000000000000000E+000  0.100000000000000E+001  0.000000000000000E+000  0.000000000000000E+000  0.000000000000000E+000  0.100000000000000E+001  0.590000000000000E+001  0.000000000000000E+000 -0.500000000000000E+000
  0.130937500000000E+001 -0.280367153086001E+003 -0.112363159683664E+003  0.124723428785657E+005  0.110363281762460E+003 -0.301573675561463E+003 -0.366080960087769E+003  0.100000000000000E+001  0.000000000000000E+000  0.000000000000000E+000  0.000000000000000E+000  0.100000000000000E+001  0.000000000000000E+000  0.000000000000000E+000  0.000000000000000E+000  0.100000000000000E+001  0.590000000000000E+001  0.000000000000000E+000 -0.500000000000000E+000
  0.131250000000000E+001 -0.279676567934985E+003 -0.119477774697632E+003  0.124721595035332E+005  0.116155490530800E+003 -0.303276165201986E+003 -0.387551177818677E+003  0.100000000000000E+001  0.000000000000000E+000  0.000000000000000E+000  0.000000000000000E+000  0.100000000000000E+001  0.000000000000000E+000  0.000000000000000E+000  0.000000000000000E+000  0.100000000000000E+001  0.590000000000000E+001  0.000000000000000E+000 -0.500000000000000E+000
  0.131562500000000E+001 -0.279199593081156E+003 -0.123110151031666E+003  0.124773985072256E+005  0.122210630593952E+003 -0.306610624426657E+003 -0.404929392184073E+003  0.100000000000000E+001  0.000000000000000E+000  0.000000000000000E+000  0.000000000000000E+000  0.100000000000000E+001  0.000000000000000E+000  0.000000000000000E+000  0.000000000000000E+000  0.100000000000000E+001  0.590000000000000E+001  0.000000000000000E+000 -0.500000000000000E+000
  0.131875000000000E+001 -0.279233619031398E+003 -0.128280509496544E+003  0.124737541651264E+005  0.125488663045442E+003 -0.299929076659267E+003 -0.418589537961932E+003  0.100000000000000E+001  0.000000000000000E+000  0.000000000000000E+000  0.000000000000000E+000  0.100000000000000E+001  0.000000000000000E+000  0.000000000000000E+000  0.000000000000000E+000  0.100000000000000E+001  0.590000000000000E+001  0.000000000000000E+000 -0.500000000000000E+000
  0.132187500000000E+001 -0.279068564044889E+003 -0.133514201769882E+003  0.124752904742389E+005  0.131279509899585E+003 -0.302699936391543E+003 -0.438178810258280E+003  0.100000000000000E+001  0.000000000000000E+000  0.000000000000000E+000  0.000000000000000E+000  0.100000000000000E+001  0.000000000000000E+000  0.000000000000000E+000  0.000000000000000E+000  0.100000000000000E+001  0.590000000000000E+001  0.000000000000000E+000 -0.500000000000000E+000
  0.132500000000000E+001 -0.278553898831900E+003 -0.140531893057836E+003  0.124759726525353E+005  0.137580020507696E+003 -0.305125294797634E+003 -0.458349702662497E+003  0.100000000000000E+001  0.000000000000000E+000  0.000000000000000E+000  0.000000000000000E+000  0.100000000000000E+001  0.000000000000000E+000  0.000000000000000E+000  0.000000000000000E+000  0.100000000000000E+001  0.590000000000000E+001  0.000000000000000E+000 -0.500000000000000E+000
  0.132812500000000E+001 -0.277998344623065E+003 -0.146545940654789E+003  0.124772735561669E+005  0.143306134723127E+003 -0.310547173135292E+003 -0.478106282781577E+003  0.100000000000000E+001  0.000000000000000E+000  0.000000000000000E+000  0.000000000000000E+000  0.100000000000000E+001  0.000000000000000E+000  0.000000000000000E+000  0.000000000000000E+000  0.100000000000000E+001  0.590000000000000E+001  0.000000000000000E+000 -0.500000000000000E+000
  0.133125000000000E+001 -0.277582167001564E+003 -0.154655618225835E+003  0.124771687234301E+005  0.150909232954160E+003 -0.308150371935337E+003 -0.504936651249067E+003  0.100000000000000E+001  0.000000000000000E+000  0.000000000000000E+000  0.000000000000000E+000  0.100000000000000E+001  0.000000000000000E+000  0.000000000000000E+000  0.000000000000000E+000  0.100000000000000E+001  0.590000000000000E+001  0.000000000000000E+000 -0.500000000000000E+000
  0.133437500000000E+001 -0.277181518909616E+003 -0.156581284913511E+003  0.124780067319891E+005  0.154441594470234E+003 -0.309626432759118E+003 -0.510563518879062E+003  0.100000000000000E+001  0.000000000000000E+000  0.000000000000000E+000  0.000000000000000E+000  0.100000000000000E+001  0.000000000000000E+000  0.000000000000000E+000  0.000000000000000E+000  0.100000000000000E+001  0.590000000000000E+001  0.000000000000000E+000 -0.500000000000000E+000
  0.133750000000000E+001 -0.277702716429742E+003 -0.158561600856949E+003  0.124755934723742E+005  0.154717609825602E+003 -0.301332423367412E+003 -0.515208807453164E+003  0.100000000000000E+001  0.000000000000000E+000  0.000000000000000E+000  0.000000000000000E+000  0.100000000000000E+001  0.000000000000000E+000  0.000000000000000E+000  0.000000000000000E+000  0.100000000000000E+001  0.590000000000000E+001  0.000000000000000E+000 -0.500000000000000E+000
  0.134062500000000E+001 -0.278089812886227E+003 -0.154140401676894E+003  0.124764879947437E+005  0.151782373620750E+003 -0.301979991035058E+003 -0.499130869215878E+003  0.100000000000000E+001  0.000000000000000E+000  0.000000000000000E+000  0.000000000000000E+000  0.100000000000000E+001  0.000000000000000E+000  0.000000000000000E+000  0.000000000000000E+000  0.100000000000000E+001  0.590000000000000E+001  0.000000000000000E+000 -0.500000000000000E+000
  0.134375000000000E+001 -0.278840314470842E+003 -0.144537540968289E+003  0.124743016554443E+005  0.142752566724928E+003 -0.297679010309284E+003 -0.466171976242797E+003  0.100000000000000E+001  0.000000000000000E+000  0.000000000000000E+000  0.000000000000000E+000  0.100000000000000E+001  0.000000000000000E+000  0.000000000000000E+000  0.000000000000000E+000  0.100000000000000E+001  0.590000000000000E+001  0.000000000000000E+000 -0.500000000000000E+000
  0.134687500000000E+001 -0.279982998974459E+003 -0.136074016697617E+003  0.124746783022078E+005  0.133276835894620E+003 -0.298111576407345E+003 -0.439501311443804E+003  0.100000000000000E+001  0.000000000000000E+000  0.000000000000000E+000  0.000000000000000E+000  0.100000000000000E+001  0.000000000000000E+000  0.000000000000000E+000  0.000000000000000E+000  0.100000000000000E+001  0.590000000000000E+001  0.000000000000000E+000 -0.500000000000000E+000
  0.135000000000000E+001 -0.280350077013996E+003 -0.133226656096827E+003  0.124764867243910E+005  0.130660293488938E+003 -0.300838697511775E+003 -0.432849660134991E+003  0.100000000000000E+001  0.000000000000000E+000  0.000000000000000E+000  0.000000000000000E+000  0.100000000000000E+001  0.000000000000000E+000  0.000000000000000E+000  0.000000000000000E+000  0.100000000000000E+001  0.590000000000000E+001  0.000000000000000E+000 -0.500000000000000E+000
  0.135312500000000E+001 -0.280074165616345E+003 -0.135328596691281E+003  0.124750561518968E+005  0.132170914320799E+003 -0.303037969639248E+003 -0.439492156344873E+003  0.100000000000000E+001  0.000000000000000E+000  0.000000000000000E+000  0.000000000000000E+000  0.100000000000000E+001  0.000000000000000E+000  0.000000000000000E+000  0.000000000000000E+000  0.100000000000000E+001  0.590000000000000E+001  0.000000000000000E+000 -0.500000000000000E+000
  0.135625000000000E+001 -0.280129138999416E+003 -0.129000254506187E+003  0.124819609430143E+005  0.124395453728270E+003 -0.308631778112801E+003 -0.405843520059192E+003  0.100000000000000E+001  0.000000000000000E+000  0.000000000000000E+000  0.000000000000000E+000  0.100000000000000E+001  0.000000000000000E+000  0.000000000000000E+000  0.000000000000000E+000  0.100000000000000E+001  0.590000000000000E+001  0.000000000000000E+000 -0.500000000000000E+000
  0.135937500000000E+001 -0.280518604509969E+003 -0.119451210596468E+003  0.124742635167012E+005  0.117139264526224E+003 -0.296719798321105E+003 -0.388637939429842E+003  0.100000000000000E+001  0.000000000000000E+000  0.000000000000000E+000  0.000000000000000E+000  0.100000000000000E+001  0.000000000000000E+000  0.000000000000000E+000  0.000000000000000E+000  0.100000000000000E+001  0.590000000000000E+001  0.000000000000000E+000 -0.500000000000000E+000
  0.136250000000000E+001 -0.280327203755030E+003 -0.117742232180695E+003  0.124713488557846E+005  0.114940062850554E+003 -0.290872092293266E+003 -0.381119614467549E+003  0.100000000000000E+001  0.000000000000000E+000  0.000000000000000E+000  0.000000000000000E+000  0.100000000000000E+001  0.000000000000000E+000  0.000000000000000E+000  0.000000000000000E+000  0.100000000000000E+001  0.590000000000000E+001  0.000000000000000E+000 -0.500000000000000E+000
  0.136562500000000E+001 -0.281831568549733E+003 -0.108014870725121E+003  0.124718825552176E+005  0.104371063106519E+003 -0.289485544274053E+003 -0.349613908372587E+003  0.100000000000000E+001  0.000000000000000E+000  0.000000000000000E+000  0.000000000000000E+000  0.100000000000000E+001  0.000000000000000E+000  0.000000000000000E+000  0.000000000000000E+000  0.100000000000000E+001  0.590000000000000E+001  0.000000000000000E+000 -0.500000000000000E+000
  0.136875000000000E+001 -0.282530709675409E+003 -0.971708379376214E+002  0.124749244700638E+005  0.958126353127591E+002 -0.296315607673370E+003 -0.315926496961329E+003  0.100000000000000E+001  0.000000000000000E+000  0.000000000000000E+000  0.000000000000000E+000  0.100000000000000E+001  0.000000000000000E+000  0.000000000000000E+000  0.000000000000000E+000  0.100000000000000E+001  0.590000000000000E+001  0.000000000000000E+000 -0.500000000000000E+000
  0.137187500000000E+001 -0.283173000264762E+003 -0.941955360647989E+002  0.124723148250475E+005  0.910624994963582E+002 -0.291649390887106E+003 -0.306230056530389E+003  0.100000000000000E+001  0.000000000000000E+000  0.000000000000000E+000  0.000000000000000E+000  0.100000000000000E+001  0.000000000000000E+000  0.000000000000000E+000  0.000000000000000E+000  0.100000000000000E+001  0.590000000000000E+001  0.000000000000000E+000 -0.500000000000000E+000
  0.137500000000000E+001 -0.282075111094574E+003 -0.976223882826889E+002  0.124740341117036E+005  0.954090846361069E+002 -0.297372342972565E+003 -0.319338281214179E+003  0.100000000000000E+001  0.000000000000000E+000  0.000000000000000E+000  0.000000000000000E+000  0.100000000000000E+001  0.000000000000000E+000  0.000000000000000E+000  0.000000000000000E+000  0.100000000000000E+001  0.590000000000000E+001  0.000000000000000E+000 -0.500000000000000E+000
  0.137812500000000E+001 -0.281477683349878E+003 -0.101348115179120E+003  0.124720490350833E+005  0.965965041862946E+002 -0.297525864182355E+003 -0.329369680500706E+003  0.100000000000000E+001  0.000000000000000E+000  0.000000000000000E+000  0.000000000000000E+000  0.100000000000000E+001  0.000000000000000E+000  0.000000000000000E+000  0.000000000000000E+000  0.100000000000000E+001  0.590000000000000E+001  0.000000000000000E+000 -0.500000000000000E+000
  0.138125000000000E+001 -0.282158060393333E+003 -0.997058373826003E+002  0.124766638314990E+005  0.966609124556126E+002 -0.302533912687899E+003 -0.330593385637738E+003  0.100000000000000E+001  0.000000000000000E+000  0.000000000000000E+000  0.000000000000000E+000  0.100000000000000E+001  0.000000000000000E+000  0.000000000000000E+000  0.000000000000000E+000  0.100000000000000E+001  0.590000000000000E+001  0.000000000000000E+000 -0.500000000000000E+000
  0.138437500000000E+001 -0.281834702099304E+003 -0.106464677482712E+003  0.124717563920059E+005  0.102029117654412E+003 -0.296243478439157E+003 -0.348254063576693E+003  0.100000000000000E+001  0.000000000000000E+000  0.000000000000000E+000  0.000000000000000E+000  0.100000000000000E+001  0.000000000000000E+000  0.000000000000000E+000  0.000000000000000E+000  0.100000000000000E+001  0.590000000000000E+001  0.000000000000000E+000 -0.500000000000000E+000
  0.138750000000000E+001 -0.281517274885183E+003 -0.111159652879433E+003  0.124777928065708E+005  0.109503686918761E+003 -0.302738658959470E+003 -0.369929183944478E+003  0.100000000000000E+001  0.000000000000000E+000  0.000000000000000E+000  0.000000000000000E+000  0.100000000000000E+001  0.000000000000000E+000  0.000000000000000E+000  0.000000000000000E+000  0.100000000000000E+001  0.590000000000000E+001  0.000000000000000E+000 -0.500000000000000E+000
  0.139062500000000E+001 -0.281725445241896E+003 -0.110777318393782E+003  0.124725670458233E+005  0.108266516136893E+003 -0.296306903898902E+003 -0.361035463858163E+003  0.100000000000000E+001  0.000000000000000E+000  0.000000000000000E+000  0.000000000000000E+000  0.100000000000000E+001  0.000000000000000E+000  0.000000000000000E+000  0.000000000000000E+000  0.100000000000000E+001  0.590000000000000E+001  0.000000000000000E+000 -0.500000000000000E+000
  0.139375000000000E+001 -0.282743009604858E+003 -0.103102742784075E+003  0.124713461176422E+005  0.101554764104061E+003 -0.290743104846213E+003 -0.335262865098019E+003  0.100000000000000E+001  0.000000000000000E+000  0.000000000000000E+000  0.000000000000000E+000  0.100000000000000E+001  0.000000000000000E+000  0.000000000000000E+000  0.000000000000000E+000  0.100000000000000E+001  0.590000000000000E+001  0.000000000000000E+000 -0.500000000000000E+000
  0.139687500000000E+001 -0.283638414749245E+003 -0.100135639679051E+003  0.124715922450298E+005  0.972241345771617E+002 -0.286098029223291E+003 -0.326200962806470E+003  0.100000000000000E+001  0.000000000000000E+000  0.000000000000000E+000  0.000000000000000E+000  0.100000000000000E+001  0.000000000000000E+000  0.000000000000000E+000  0.000000000000000E+000  0.100000000000000E+001  0.590000000000000E+001  0.000000000000000E+000 -0.500000000000000E+000
  0.140000000000000E+001 -0.283604126769268E+003 -0.100902219647134E+003  0.124719791332831E+005  0.976479022354179E+002 -0.291841400098410E+003 -0.328931692983955E+003  0.100000000000000E+001  0.000000000000000E+000  0.000000000000000E+000  0.000000000000000E+000  0.100000000000000E+001  0.000000000000000E+000  0.000000000000000E+000  0.000000000000000E+000  0.100000000000000E+001  0.590000000000000E+001  0.000000000000000E+000 -0.500000000000000E+000

